1,1,0,93,76,47,0.82,4,0,0
1,2,1155,150,91,44,0.81,4,0,0
1,3,74,10,91,40,0.76,4,0,0
1,4,1217,108,62,41,0.75,4,0,0
1,5,1159,212,60,45,0.73,4,0,0
1,6,1196,45,83,35,0.73,4,0,0
1,7,793,0,78,29,0.70,4,0,0
1,8,567,387,57,110,0.69,4,0,0
1,9,0,6,40,37,0.69,4,0,0
1,10,473,457,55,120,0.55,4,0,0
1,11,502,266,48,85,0.50,4,0,0
1,12,716,327,45,80,0.37,4,0,0
1,13,260,450,20,36,0.29,1,0,0
1,14,719,0,32,13,0.28,4,0,0
1,15,898,0,11,22,0.27,1,0,0
1,16,0,93,76,47,0.82,11,0,0
1,17,1155,150,91,44,0.81,11,0,0
1,18,74,10,91,40,0.76,11,0,0
1,19,1217,108,62,41,0.75,11,0,0
1,20,1159,212,60,45,0.73,11,0,0
1,21,1196,45,83,35,0.73,11,0,0
1,22,793,0,78,29,0.70,11,0,0
1,23,567,387,57,110,0.69,11,0,0
1,24,0,6,40,37,0.69,11,0,0
1,25,473,457,55,120,0.55,11,0,0
1,26,502,266,48,85,0.50,11,0,0
1,27,341,321,19,32,0.42,11,0,0
1,28,716,327,45,80,0.37,11,0,0
1,29,260,450,20,36,0.29,11,0,0
1,30,719,0,32,13,0.28,11,0,0
1,31,898,0,11,22,0.27,11,0,0
2,1,0,94,75,47,0.83,4,0,0
2,2,1156,151,94,44,0.81,4,0,0
2,3,74,11,91,40,0.78,4,0,0
2,4,1160,213,62,44,0.77,4,0,0
2,5,1229,108,51,44,0.71,4,0,0
2,6,474,461,55,113,0.69,4,0,0
2,7,794,0,78,30,0.69,4,0,0
2,8,568,386,56,109,0.68,4,0,0
2,9,1188,46,90,33,0.67,4,0,0
2,10,0,9,40,35,0.64,4,0,0
2,11,502,264,48,84,0.46,4,0,0
2,12,715,0,37,14,0.29,4,0,0
2,13,716,328,45,81,0.28,4,0,0
2,14,0,94,75,47,0.83,11,0,0
2,15,1156,151,94,44,0.81,11,0,0
2,16,74,11,91,40,0.78,11,0,0
2,17,1160,213,62,44,0.77,11,0,0
2,18,1229,108,51,44,0.71,11,0,0
2,19,474,461,55,113,0.69,11,0,0
2,20,794,0,78,30,0.69,11,0,0
2,21,568,386,56,109,0.68,11,0,0
2,22,1188,46,90,33,0.67,11,0,0
2,23,0,9,40,35,0.64,11,0,0
2,24,502,264,48,84,0.46,11,0,0
2,25,715,0,37,14,0.29,11,0,0
2,26,716,328,45,81,0.28,11,0,0
3,1,0,94,76,48,0.84,4,0,0
3,2,1156,153,97,44,0.81,4,0,0
3,3,1161,214,63,44,0.80,4,0,0
3,4,474,460,55,110,0.79,4,0,0
3,5,73,12,92,39,0.76,4,0,0
3,6,1181,46,91,34,0.71,4,0,0
3,7,795,0,77,30,0.70,4,0,0
3,8,0,10,39,34,0.65,4,0,0
3,9,568,384,56,110,0.62,4,0,0
3,10,716,330,46,81,0.48,4,0,0
3,11,488,661,55,59,0.48,4,0,0
3,12,1240,112,39,41,0.47,4,0,0
3,13,502,263,49,84,0.35,4,0,0
3,14,712,0,41,15,0.29,4,0,0
3,15,0,94,76,48,0.84,11,0,0
3,16,1156,153,97,44,0.81,11,0,0
3,17,1161,214,63,44,0.80,11,0,0
3,18,474,460,55,110,0.79,11,0,0
3,19,73,12,92,39,0.76,11,0,0
3,20,1181,46,91,34,0.71,11,0,0
3,21,795,0,77,30,0.70,11,0,0
3,22,0,10,39,34,0.65,11,0,0
3,23,568,384,56,110,0.62,11,0,0
3,24,716,330,46,81,0.48,11,0,0
3,25,488,661,55,59,0.48,11,0,0
3,26,1240,112,39,41,0.47,11,0,0
3,27,502,263,49,84,0.35,11,0,0
3,28,712,0,41,15,0.29,11,0,0
4,1,0,96,75,47,0.84,4,0,0
4,2,1157,154,96,45,0.80,4,0,0
4,3,1161,216,64,43,0.79,4,0,0
4,4,475,458,55,108,0.78,4,0,0
4,5,73,12,93,39,0.76,4,0,0
4,6,0,10,39,36,0.71,4,0,0
4,7,795,0,79,31,0.70,4,0,0
4,8,1173,45,91,35,0.70,4,0,0
4,9,569,383,55,110,0.67,4,0,0
4,10,717,332,45,81,0.52,4,0,0
4,11,1254,113,25,33,0.36,4,0,0
4,12,489,663,54,57,0.35,4,0,0
4,13,503,262,48,84,0.31,4,0,0
4,14,0,96,75,47,0.84,11,0,0
4,15,1157,154,96,45,0.80,11,0,0
4,16,1161,216,64,43,0.79,11,0,0
4,17,475,458,55,108,0.78,11,0,0
4,18,73,12,93,39,0.76,11,0,0
4,19,0,10,39,36,0.71,11,0,0
4,20,795,0,79,31,0.70,11,0,0
4,21,1173,45,91,35,0.70,11,0,0
4,22,569,383,55,110,0.67,11,0,0
4,23,717,332,45,81,0.52,11,0,0
4,24,1254,113,25,33,0.36,11,0,0
4,25,489,663,54,57,0.35,11,0,0
4,26,503,262,48,84,0.31,11,0,0
5,1,1160,158,99,45,0.84,4,0,0
5,2,0,99,73,47,0.83,4,0,0
5,3,476,455,55,107,0.80,4,0,0
5,4,1164,219,67,46,0.77,4,0,0
5,5,72,14,93,40,0.75,4,0,0
5,6,0,13,38,35,0.68,4,0,0
5,7,797,1,78,33,0.65,4,0,0
5,8,1161,46,89,36,0.63,4,0,0
5,9,570,382,54,110,0.56,4,0,0
5,10,689,0,64,18,0.34,4,0,0
5,11,718,336,46,82,0.33,4,0,0
5,12,491,669,53,51,0.30,4,0,0
5,13,503,261,48,85,0.26,4,0,0
5,14,1160,158,99,45,0.84,11,0,0
5,15,0,99,73,47,0.83,11,0,0
5,16,476,455,55,107,0.80,11,0,0
5,17,1164,219,67,46,0.77,11,0,0
5,18,72,14,93,40,0.75,11,0,0
5,19,0,13,38,35,0.68,11,0,0
5,20,797,1,78,33,0.65,11,0,0
5,21,1161,46,89,36,0.63,11,0,0
5,22,570,382,54,110,0.56,11,0,0
5,23,689,0,64,18,0.34,11,0,0
5,24,718,336,46,82,0.33,11,0,0
5,25,491,669,53,51,0.30,11,0,0
5,26,503,261,48,85,0.26,11,0,0
6,1,0,102,71,47,0.80,4,0,0
6,2,1162,162,100,44,0.79,4,0,0
6,3,71,17,93,41,0.76,4,0,0
6,4,796,0,81,36,0.73,4,0,0
6,5,1168,224,76,49,0.71,4,0,0
6,6,0,16,37,35,0.70,4,0,0
6,7,1147,48,89,42,0.68,4,0,0
6,8,684,0,71,21,0.58,4,0,0
6,9,478,452,54,108,0.56,4,0,0
6,10,570,381,55,109,0.52,4,0,0
6,11,719,342,47,83,0.30,4,0,0
6,12,503,261,48,84,0.29,4,0,0
6,13,0,102,71,47,0.80,11,0,0
6,14,1162,162,100,44,0.79,11,0,0
6,15,71,17,93,41,0.76,11,0,0
6,16,796,0,81,36,0.73,11,0,0
6,17,1168,224,76,49,0.71,11,0,0
6,18,0,16,37,35,0.70,11,0,0
6,19,1147,48,89,42,0.68,11,0,0
6,20,684,0,71,21,0.58,11,0,0
6,21,478,452,54,108,0.56,11,0,0
6,22,570,381,55,109,0.52,11,0,0
6,23,719,342,47,83,0.30,11,0,0
6,24,503,261,48,84,0.29,11,0,0
7,1,1165,166,102,46,0.83,4,0,0
7,2,1169,230,77,49,0.80,4,0,0
7,3,0,107,70,49,0.78,4,0,0
7,4,69,21,94,40,0.74,4,0,0
7,5,570,381,55,109,0.73,4,0,0
7,6,796,1,82,39,0.71,4,0,0
7,7,0,20,35,35,0.71,4,0,0
7,8,1135,52,89,40,0.70,4,0,0
7,9,479,450,53,108,0.64,4,0,0
7,10,680,0,77,24,0.62,4,0,0
7,11,434,150,16,35,0.32,1,0,0
7,12,503,262,48,84,0.30,4,0,0
7,13,720,350,48,82,0.29,4,0,0
7,14,1165,166,102,46,0.83,11,0,0
7,15,1169,230,77,49,0.80,11,0,0
7,16,0,107,70,49,0.78,11,0,0
7,17,69,21,94,40,0.74,11,0,0
7,18,570,381,55,109,0.73,11,0,0
7,19,796,1,82,39,0.71,11,0,0
7,20,0,20,35,35,0.71,11,0,0
7,21,1135,52,89,40,0.70,11,0,0
7,22,479,450,53,108,0.64,11,0,0
7,23,680,0,77,24,0.62,11,0,0
7,24,434,150,16,35,0.32,11,0,0
7,25,503,262,48,84,0.30,11,0,0
7,26,720,350,48,82,0.29,11,0,0
7,27,503,262,48,84,0.27,11,0,0
8,1,1167,173,104,45,0.84,4,0,0
8,2,0,113,66,48,0.83,4,0,0
8,3,1174,236,76,53,0.81,4,0,0
8,4,67,25,94,42,0.76,4,0,0
8,5,0,25,33,36,0.73,4,0,0
8,6,680,0,77,29,0.69,4,0,0
8,7,797,2,82,43,0.66,4,0,0
8,8,1122,54,91,41,0.64,4,0,0
8,9,570,380,56,109,0.52,4,0,0
8,10,210,0,38,18,0.43,4,0,0
8,11,479,448,54,107,0.40,4,0,0
8,12,1167,173,104,45,0.84,11,0,0
8,13,0,113,66,48,0.83,11,0,0
8,14,1174,236,76,53,0.81,11,0,0
8,15,67,25,94,42,0.76,11,0,0
8,16,0,25,33,36,0.73,11,0,0
8,17,680,0,77,29,0.69,11,0,0
8,18,797,2,82,43,0.66,11,0,0
8,19,1122,54,91,41,0.64,11,0,0
8,20,570,380,56,109,0.52,11,0,0
8,21,210,0,38,18,0.43,11,0,0
8,22,479,448,54,107,0.40,11,0,0
8,23,502,263,49,85,0.32,11,0,0
8,24,480,448,53,107,0.32,11,0,0
8,25,337,357,21,33,0.30,11,0,0
9,1,1168,175,104,46,0.84,4,0,0
9,2,0,115,64,49,0.83,4,0,0
9,3,1175,239,79,52,0.78,4,0,0
9,4,67,29,92,40,0.75,4,0,0
9,5,680,0,78,32,0.66,4,0,0
9,6,1115,58,92,39,0.64,4,0,0
9,7,0,28,32,35,0.63,4,0,0
9,8,570,380,57,109,0.59,4,0,0
9,9,798,4,82,44,0.53,4,0,0
9,10,501,265,49,84,0.45,4,0,0
9,11,480,446,54,108,0.39,4,0,0
9,12,722,360,48,84,0.34,4,0,0
9,13,1168,175,104,46,0.84,11,0,0
9,14,0,115,64,49,0.83,11,0,0
9,15,1175,239,79,52,0.78,11,0,0
9,16,67,29,92,40,0.75,11,0,0
9,17,680,0,78,32,0.66,11,0,0
9,18,1115,58,92,39,0.64,11,0,0
9,19,0,28,32,35,0.63,11,0,0
9,20,570,380,57,109,0.59,11,0,0
9,21,798,4,82,44,0.53,11,0,0
9,22,501,265,49,84,0.45,11,0,0
9,23,480,446,54,108,0.39,11,0,0
9,24,722,360,48,84,0.34,11,0,0
9,25,337,363,20,31,0.33,11,0,0
10,1,1172,181,104,46,0.85,4,0,0
10,2,0,120,62,50,0.81,4,0,0
10,3,65,33,95,42,0.78,4,0,0
10,4,1102,63,92,43,0.78,4,0,0
10,5,1177,246,82,57,0.76,4,0,0
10,6,682,0,77,36,0.73,4,0,0
10,7,570,379,57,109,0.70,4,0,0
10,8,0,32,31,35,0.58,4,0,0
10,9,481,440,57,113,0.58,4,0,0
10,10,800,9,81,43,0.55,4,0,0
10,11,499,266,51,84,0.47,4,0,0
10,12,207,0,40,26,0.34,4,0,0
10,13,722,367,48,87,0.34,4,0,0
10,14,1017,232,50,46,0.32,4,0,0
10,15,429,169,17,33,0.26,1,0,0
10,16,1172,181,104,46,0.85,11,0,0
10,17,0,120,62,50,0.81,11,0,0
10,18,65,33,95,42,0.78,11,0,0
10,19,1102,63,92,43,0.78,11,0,0
10,20,1177,246,82,57,0.76,11,0,0
10,21,682,0,77,36,0.73,11,0,0
10,22,570,379,57,109,0.70,11,0,0
10,23,0,32,31,35,0.58,11,0,0
10,24,481,440,57,113,0.58,11,0,0
10,25,800,9,81,43,0.55,11,0,0
10,26,499,266,51,84,0.47,11,0,0
10,27,207,0,40,26,0.34,11,0,0
10,28,722,367,48,87,0.34,11,0,0
10,29,1017,232,50,46,0.32,11,0,0
10,30,429,169,17,33,0.26,11,0,0
11,1,1174,188,104,46,0.85,4,0,0
11,2,481,442,55,108,0.81,4,0,0
11,3,0,126,59,48,0.81,4,0,0
11,4,62,37,99,41,0.78,4,0,0
11,5,1179,252,89,61,0.78,4,0,0
11,6,571,377,55,109,0.76,4,0,0
11,7,681,1,80,40,0.74,4,0,0
11,8,1090,67,93,42,0.71,4,0,0
11,9,0,38,28,34,0.64,4,0,0
11,10,800,13,81,44,0.53,4,0,0
11,11,723,376,48,86,0.43,4,0,0
11,12,427,177,18,33,0.35,1,0,0
11,13,498,268,51,85,0.31,4,0,0
11,14,197,0,48,31,0.29,4,0,0
11,15,1018,239,52,46,0.26,4,0,0
11,16,1174,188,104,46,0.85,11,0,0
11,17,481,442,55,108,0.81,11,0,0
11,18,0,126,59,48,0.81,11,0,0
11,19,62,37,99,41,0.78,11,0,0
11,20,1179,252,89,61,0.78,11,0,0
11,21,571,377,55,109,0.76,11,0,0
11,22,681,1,80,40,0.74,11,0,0
11,23,1090,67,93,42,0.71,11,0,0
11,24,0,38,28,34,0.64,11,0,0
11,25,800,13,81,44,0.53,11,0,0
11,26,723,376,48,86,0.43,11,0,0
11,27,427,177,18,33,0.35,11,0,0
11,28,498,268,51,85,0.31,11,0,0
11,29,289,379,20,31,0.30,11,0,0
11,30,333,380,21,33,0.30,11,0,0
11,31,197,0,48,31,0.29,11,0,0
11,32,1018,239,52,46,0.26,11,0,0
12,1,1178,193,101,46,0.85,4,0,0
12,2,1183,258,89,64,0.81,4,0,0
12,3,480,442,55,107,0.79,4,0,0
12,4,0,132,56,49,0.79,4,0,0
12,5,681,1,80,44,0.77,4,0,0
12,6,570,374,56,109,0.76,4,0,0
12,7,1077,70,92,42,0.74,4,0,0
12,8,800,18,83,43,0.73,4,0,0
12,9,61,41,95,42,0.71,4,0,0
12,10,0,42,26,34,0.56,4,0,0
12,11,723,383,49,87,0.53,4,0,0
12,12,497,269,51,85,0.42,4,0,0
12,13,427,184,18,34,0.37,1,0,0
12,14,1020,245,52,47,0.28,4,0,0
12,15,1178,193,101,46,0.85,11,0,0
12,16,1183,258,89,64,0.81,11,0,0
12,17,480,442,55,107,0.79,11,0,0
12,18,0,132,56,49,0.79,11,0,0
12,19,681,1,80,44,0.77,11,0,0
12,20,570,374,56,109,0.76,11,0,0
12,21,1077,70,92,42,0.74,11,0,0
12,22,800,18,83,43,0.73,11,0,0
12,23,61,41,95,42,0.71,11,0,0
12,24,0,42,26,34,0.56,11,0,0
12,25,723,383,49,87,0.53,11,0,0
12,26,497,269,51,85,0.42,11,0,0
12,27,427,184,18,34,0.37,11,0,0
12,28,1020,245,52,47,0.28,11,0,0
13,1,1186,264,89,63,0.84,4,0,0
13,2,1180,198,98,47,0.83,4,0,0
13,3,571,370,56,109,0.79,4,0,0
13,4,0,138,53,48,0.78,4,0,0
13,5,59,47,93,42,0.75,4,0,0
13,6,481,441,54,107,0.74,4,0,0
13,7,682,7,79,43,0.71,4,0,0
13,8,1068,74,92,40,0.65,4,0,0
13,9,494,270,53,85,0.63,4,0,0
13,10,802,22,82,44,0.60,4,0,0
13,11,724,391,49,89,0.59,4,0,0
13,12,0,46,24,34,0.50,4,0,0
13,13,1186,264,89,63,0.84,11,0,0
13,14,1180,198,98,47,0.83,11,0,0
13,15,571,370,56,109,0.79,11,0,0
13,16,0,138,53,48,0.78,11,0,0
13,17,59,47,93,42,0.75,11,0,0
13,18,481,441,54,107,0.74,11,0,0
13,19,682,7,79,43,0.71,11,0,0
13,20,1068,74,92,40,0.65,11,0,0
13,21,494,270,53,85,0.63,11,0,0
13,22,802,22,82,44,0.60,11,0,0
13,23,724,391,49,89,0.59,11,0,0
13,24,0,46,24,34,0.50,11,0,0
14,1,1182,204,97,48,0.84,4,0,0
14,2,1189,271,86,63,0.81,4,0,0
14,3,56,51,98,42,0.78,4,0,0
14,4,682,13,80,41,0.76,4,0,0
14,5,0,144,52,48,0.74,4,0,0
14,6,480,440,55,107,0.71,4,0,0
14,7,1056,80,91,41,0.71,4,0,0
14,8,803,27,82,42,0.58,4,0,0
14,9,574,367,52,108,0.58,4,0,0
14,10,0,53,21,31,0.51,4,0,0
14,11,186,0,56,44,0.47,4,0,0
14,12,494,271,52,85,0.42,4,0,0
14,13,725,399,49,90,0.40,4,0,0
14,14,424,199,18,37,0.38,1,0,0
14,15,259,0,40,19,0.32,4,0,0
14,16,1182,204,97,48,0.84,11,0,0
14,17,1189,271,86,63,0.81,11,0,0
14,18,56,51,98,42,0.78,11,0,0
14,19,682,13,80,41,0.76,11,0,0
14,20,0,144,52,48,0.74,11,0,0
14,21,480,440,55,107,0.71,11,0,0
14,22,1056,80,91,41,0.71,11,0,0
14,23,803,27,82,42,0.58,11,0,0
14,24,574,367,52,108,0.58,11,0,0
14,25,0,53,21,31,0.51,11,0,0
14,26,186,0,56,44,0.47,11,0,0
14,27,494,271,52,85,0.42,11,0,0
14,28,725,399,49,90,0.40,11,0,0
14,29,424,199,18,37,0.38,11,0,0
14,30,259,0,40,19,0.32,11,0,0
15,1,1191,278,88,62,0.86,4,0,0
15,2,1185,210,94,47,0.84,4,0,0
15,3,53,56,95,42,0.78,4,0,0
15,4,480,439,54,106,0.77,4,0,0
15,5,682,16,81,43,0.77,4,0,0
15,6,572,362,54,107,0.77,4,0,0
15,7,0,150,49,48,0.76,4,0,0
15,8,1045,82,91,43,0.73,4,0,0
15,9,493,271,51,85,0.56,4,0,0
15,10,725,407,51,90,0.56,4,0,0
15,11,0,58,19,30,0.56,4,0,0
15,12,803,31,83,44,0.47,6,0,0
15,13,803,31,84,44,0.41,4,0,0
15,14,422,208,18,34,0.39,1,0,0
15,15,260,0,38,24,0.36,4,0,0
15,16,657,103,15,33,0.29,1,0,0
15,17,183,0,57,48,0.27,4,0,0
15,18,1191,278,88,62,0.86,11,0,0
15,19,1185,210,94,47,0.84,11,0,0
15,20,53,56,95,42,0.78,11,0,0
15,21,480,439,54,106,0.77,11,0,0
15,22,682,16,81,43,0.77,11,0,0
15,23,572,362,54,107,0.77,11,0,0
15,24,0,150,49,48,0.76,11,0,0
15,25,1045,82,91,43,0.73,11,0,0
15,26,493,271,51,85,0.56,11,0,0
15,27,725,407,51,90,0.56,11,0,0
15,28,0,58,19,30,0.56,11,0,0
15,29,803,31,83,44,0.47,11,0,0
15,30,803,31,84,44,0.41,11,0,0
15,31,422,208,18,34,0.39,11,0,0
15,32,260,0,38,24,0.36,11,0,0
15,33,657,103,15,33,0.29,11,0,0
15,34,183,0,57,48,0.27,11,0,0
16,1,1194,283,85,66,0.83,4,0,0
16,2,1188,215,91,47,0.82,4,0,0
16,3,683,21,80,42,0.78,4,0,0
16,4,481,436,52,108,0.76,4,0,0
16,5,51,60,96,42,0.75,4,0,0
16,6,1033,87,93,43,0.74,4,0,0
16,7,0,155,48,49,0.72,4,0,0
16,8,571,357,55,106,0.68,4,0,0
16,9,725,414,51,92,0.54,4,0,0
16,10,0,61,16,32,0.50,4,0,0
16,11,181,4,57,49,0.48,4,0,0
16,12,803,35,84,44,0.46,6,0,0
16,13,490,270,53,86,0.43,4,0,0
16,14,803,35,84,45,0.37,4,0,0
16,15,659,100,12,32,0.35,1,0,0
16,16,421,213,18,35,0.28,1,0,0
16,17,257,0,40,27,0.25,4,0,0
16,18,1194,283,85,66,0.83,11,0,0
16,19,1188,215,91,47,0.82,11,0,0
16,20,683,21,80,42,0.78,11,0,0
16,21,481,436,52,108,0.76,11,0,0
16,22,51,60,96,42,0.75,11,0,0
16,23,1033,87,93,43,0.74,11,0,0
16,24,0,155,48,49,0.72,11,0,0
16,25,571,357,55,106,0.68,11,0,0
16,26,725,414,51,92,0.54,11,0,0
16,27,0,61,16,32,0.50,11,0,0
16,28,181,4,57,49,0.48,11,0,0
16,29,803,35,84,44,0.46,11,0,0
16,30,323,429,21,33,0.44,11,0,0
16,31,490,270,53,86,0.43,11,0,0
16,32,803,35,84,45,0.37,11,0,0
16,33,659,100,12,32,0.35,11,0,0
16,34,421,213,18,35,0.28,11,0,0
16,35,257,0,40,27,0.25,11,0,0
17,1,1188,217,90,47,0.83,4,0,0
17,2,1196,285,83,65,0.82,4,0,0
17,3,50,61,95,43,0.77,4,0,0
17,4,683,22,80,43,0.77,4,0,0
17,5,1026,88,95,43,0.74,4,0,0
17,6,0,157,44,48,0.71,4,0,0
17,7,481,433,52,108,0.71,4,0,0
17,8,569,351,55,104,0.58,4,0,0
17,9,725,417,52,90,0.51,4,0,0
17,10,0,63,14,31,0.47,4,0,0
17,11,803,36,85,45,0.45,6,0,0
17,12,178,6,59,48,0.43,4,0,0
17,13,804,36,84,45,0.43,4,0,0
17,14,488,268,54,87,0.39,4,0,0
17,15,420,215,18,36,0.33,1,0,0
17,16,618,81,13,26,0.28,1,0,0
17,17,946,308,22,40,0.27,1,0,0
17,18,656,98,14,34,0.27,1,0,0
17,19,1188,217,90,47,0.83,11,0,0
17,20,1196,285,83,65,0.82,11,0,0
17,21,50,61,95,43,0.77,11,0,0
17,22,683,22,80,43,0.77,11,0,0
17,23,1026,88,95,43,0.74,11,0,0
17,24,0,157,44,48,0.71,11,0,0
17,25,481,433,52,108,0.71,11,0,0
17,26,569,351,55,104,0.58,11,0,0
17,27,725,417,52,90,0.51,11,0,0
17,28,0,63,14,31,0.47,11,0,0
17,29,803,36,85,45,0.45,11,0,0
17,30,178,6,59,48,0.43,11,0,0
17,31,804,36,84,45,0.43,11,0,0
17,32,488,268,54,87,0.39,11,0,0
17,33,322,432,21,32,0.37,11,0,0
17,34,420,215,18,36,0.33,11,0,0
17,35,618,81,13,26,0.28,11,0,0
17,36,487,268,55,86,0.28,11,0,0
17,37,946,308,22,40,0.27,11,0,0
17,38,656,98,14,34,0.27,11,0,0
18,1,1199,270,80,66,0.85,4,0,0
18,2,482,413,51,105,0.83,4,0,0
18,3,1192,202,87,48,0.82,4,0,0
18,4,682,2,83,46,0.77,4,0,0
18,5,45,47,100,43,0.73,4,0,0
18,6,1018,72,95,42,0.71,4,0,0
18,7,0,145,42,46,0.69,4,0,0
18,8,727,403,49,92,0.63,4,0,0
18,9,480,248,59,86,0.62,4,0,0
18,10,805,18,86,46,0.60,4,0,0
18,11,570,325,53,102,0.58,4,0,0
18,12,1032,259,54,47,0.47,4,0,0
18,13,176,0,57,39,0.46,4,0,0
18,14,416,207,20,37,0.40,1,0,0
18,15,1150,205,47,39,0.33,4,0,0
18,16,1199,270,80,66,0.85,11,0,0
18,17,482,413,51,105,0.83,11,0,0
18,18,1192,202,87,48,0.82,11,0,0
18,19,682,2,83,46,0.77,11,0,0
18,20,45,47,100,43,0.73,11,0,0
18,21,1018,72,95,42,0.71,11,0,0
18,22,0,145,42,46,0.69,11,0,0
18,23,727,403,49,92,0.63,11,0,0
18,24,480,248,59,86,0.62,11,0,0
18,25,805,18,86,46,0.60,11,0,0
18,26,570,325,53,102,0.58,11,0,0
18,27,1032,259,54,47,0.47,11,0,0
18,28,176,0,57,39,0.46,11,0,0
18,29,416,207,20,37,0.40,11,0,0
18,30,1150,205,47,39,0.33,11,0,0
19,1,1201,275,78,65,0.84,4,0,0
19,2,1196,205,83,48,0.83,4,0,0
19,3,683,4,82,45,0.78,4,0,0
19,4,481,411,52,106,0.75,4,0,0
19,5,1011,72,94,42,0.73,4,0,0
19,6,44,47,100,44,0.70,4,0,0
19,7,806,19,86,45,0.68,4,0,0
19,8,570,316,53,105,0.67,4,0,0
19,9,480,245,58,85,0.61,4,0,0
19,10,727,409,51,91,0.60,4,0,0
19,11,1034,263,54,47,0.45,4,0,0
19,12,0,146,40,50,0.43,4,0,0
19,13,416,211,19,35,0.40,1,0,0
19,14,175,0,58,39,0.30,4,0,0
19,15,0,146,61,52,0.30,4,0,0
19,16,488,681,55,38,0.26,4,0,0
19,17,1201,275,78,65,0.84,11,0,0
19,18,1196,205,83,48,0.83,11,0,0
19,19,683,4,82,45,0.78,11,0,0
19,20,481,411,52,106,0.75,11,0,0
19,21,1011,72,94,42,0.73,11,0,0
19,22,44,47,100,44,0.70,11,0,0
19,23,806,19,86,45,0.68,11,0,0
19,24,570,316,53,105,0.67,11,0,0
19,25,480,245,58,85,0.61,11,0,0
19,26,727,409,51,91,0.60,11,0,0
19,27,1034,263,54,47,0.45,11,0,0
19,28,0,146,40,50,0.43,11,0,0
19,29,416,211,19,35,0.40,11,0,0
19,30,175,0,58,39,0.30,11,0,0
19,31,0,146,61,52,0.30,11,0,0
19,32,488,681,55,38,0.26,11,0,0
20,1,567,306,55,100,0.83,4,0,0
20,2,1198,210,81,48,0.81,4,0,0
20,3,684,7,82,45,0.79,4,0,0
20,4,480,409,53,106,0.76,4,0,0
20,5,1000,74,94,45,0.74,4,0,0
20,6,1203,280,76,69,0.73,4,0,0
20,7,809,23,84,44,0.71,4,0,0
20,8,480,243,56,86,0.66,4,0,0
20,9,41,50,100,43,0.66,4,0,0
20,10,0,152,37,47,0.58,4,0,0
20,11,728,416,51,93,0.48,4,0,0
20,12,414,218,19,33,0.36,1,0,0
20,13,567,306,55,100,0.83,11,0,0
20,14,1198,210,81,48,0.81,11,0,0
20,15,684,7,82,45,0.79,11,0,0
20,16,480,409,53,106,0.76,11,0,0
20,17,1000,74,94,45,0.74,11,0,0
20,18,1203,280,76,69,0.73,11,0,0
20,19,809,23,84,44,0.71,11,0,0
20,20,480,243,56,86,0.66,11,0,0
20,21,41,50,100,43,0.66,11,0,0
20,22,0,152,37,47,0.58,11,0,0
20,23,728,416,51,93,0.48,11,0,0
20,24,414,218,19,33,0.36,11,0,0
21,1,684,9,82,47,0.80,4,0,0
21,2,1205,285,74,69,0.77,4,0,0
21,3,39,53,98,44,0.76,4,0,0
21,4,990,78,94,43,0.75,4,0,0
21,5,808,27,86,43,0.65,4,0,0
21,6,476,241,58,86,0.65,4,0,0
21,7,1199,216,80,47,0.63,4,0,0
21,8,560,294,59,99,0.61,4,0,0
21,9,480,407,52,105,0.59,4,0,0
21,10,0,157,33,46,0.50,4,0,0
21,11,253,0,37,19,0.41,4,0,0
21,12,171,0,59,45,0.38,4,0,0
21,13,455,0,39,19,0.35,4,0,0
21,14,728,424,51,93,0.28,4,0,0
21,15,684,9,82,47,0.80,11,0,0
21,16,1205,285,74,69,0.77,11,0,0
21,17,39,53,98,44,0.76,11,0,0
21,18,990,78,94,43,0.75,11,0,0
21,19,808,27,86,43,0.65,11,0,0
21,20,476,241,58,86,0.65,11,0,0
21,21,1199,216,80,47,0.63,11,0,0
21,22,560,294,59,99,0.61,11,0,0
21,23,480,407,52,105,0.59,11,0,0
21,24,0,157,33,46,0.50,11,0,0
21,25,253,0,37,19,0.41,11,0,0
21,26,171,0,59,45,0.38,11,0,0
21,27,455,0,39,19,0.35,11,0,0
21,28,481,406,52,106,0.29,11,0,0
21,29,728,424,51,93,0.28,11,0,0
22,1,560,283,57,97,0.82,4,0,0
22,2,1190,221,89,48,0.78,4,0,0
22,3,684,14,83,45,0.78,4,0,0
22,4,1208,291,72,65,0.77,4,0,0
22,5,473,240,59,84,0.73,4,0,0
22,6,963,82,111,50,0.72,4,0,0
22,7,39,58,96,43,0.69,4,0,0
22,8,482,406,49,105,0.65,4,0,0
22,9,809,30,87,45,0.62,4,0,0
22,10,728,431,52,96,0.41,4,0,0
22,11,487,665,55,55,0.28,4,0,0
22,12,453,0,42,24,0.26,4,0,0
22,13,560,283,57,97,0.82,11,0,0
22,14,1190,221,89,48,0.78,11,0,0
22,15,684,14,83,45,0.78,11,0,0
22,16,1208,291,72,65,0.77,11,0,0
22,17,473,240,59,84,0.73,11,0,0
22,18,963,82,111,50,0.72,11,0,0
22,19,39,58,96,43,0.69,11,0,0
22,20,482,406,49,105,0.65,11,0,0
22,21,809,30,87,45,0.62,11,0,0
22,22,728,431,52,96,0.41,11,0,0
22,23,487,665,55,55,0.28,11,0,0
22,24,482,404,50,108,0.28,11,0,0
22,25,453,0,42,24,0.26,11,0,0
23,1,468,241,60,87,0.85,4,0,0
23,2,560,279,56,99,0.78,4,0,0
23,3,1199,227,80,49,0.76,4,0,0
23,4,686,17,81,45,0.75,4,0,0
23,5,1210,300,69,61,0.74,4,0,0
23,6,43,64,90,43,0.65,4,0,0
23,7,809,35,88,44,0.58,4,0,0
23,8,728,440,54,105,0.57,4,0,0
23,9,482,406,49,108,0.55,4,0,0
23,10,959,90,109,48,0.48,4,0,0
23,11,449,1,46,35,0.45,4,0,0
23,12,485,666,57,53,0.36,4,0,0
23,13,1040,290,56,47,0.32,4,0,0
23,14,0,166,30,48,0.31,4,0,0
23,15,468,241,60,87,0.85,11,0,0
23,16,560,279,56,99,0.78,11,0,0
23,17,1199,227,80,49,0.76,11,0,0
23,18,686,17,81,45,0.75,11,0,0
23,19,1210,300,69,61,0.74,11,0,0
23,20,43,64,90,43,0.65,11,0,0
23,21,809,35,88,44,0.58,11,0,0
23,22,728,440,54,105,0.57,11,0,0
23,23,482,406,49,108,0.55,11,0,0
23,24,959,90,109,48,0.48,11,0,0
23,25,449,1,46,35,0.45,11,0,0
23,26,485,666,57,53,0.36,11,0,0
23,27,1040,290,56,47,0.32,11,0,0
23,28,0,166,30,48,0.31,11,0,0
24,1,555,332,59,97,0.88,4,0,0
24,2,464,305,64,85,0.81,4,0,0
24,3,1202,298,77,52,0.80,4,0,0
24,4,478,475,51,107,0.79,4,0,0
24,5,682,89,83,46,0.76,4,0,0
24,6,1213,372,66,63,0.75,4,0,0
24,7,176,73,55,53,0.72,4,0,0
24,8,955,161,96,48,0.70,4,0,0
24,9,454,52,41,60,0.70,4,0,0
24,10,804,105,88,47,0.67,4,0,0
24,11,234,48,58,51,0.66,4,0,0
24,12,43,134,93,46,0.58,4,0,0
24,13,717,236,14,35,0.37,1,0,0
24,14,704,236,15,38,0.33,1,0,0
24,15,730,515,52,101,0.33,4,0,0
24,16,552,96,20,44,0.31,1,0,0
24,17,730,515,82,102,0.28,4,0,0
24,18,409,324,20,36,0.26,1,0,0
24,19,555,332,59,97,0.88,11,0,0
24,20,464,305,64,85,0.81,11,0,0
24,21,1202,298,77,52,0.80,11,0,0
24,22,478,475,51,107,0.79,11,0,0
24,23,682,89,83,46,0.76,11,0,0
24,24,1213,372,66,63,0.75,11,0,0
24,25,176,73,55,53,0.72,11,0,0
24,26,955,161,96,48,0.70,11,0,0
24,27,454,52,41,60,0.70,11,0,0
24,28,804,105,88,47,0.67,11,0,0
24,29,234,48,58,51,0.66,11,0,0
24,30,43,134,93,46,0.58,11,0,0
24,31,717,236,14,35,0.37,11,0,0
24,32,704,236,15,38,0.33,11,0,0
24,33,730,515,52,101,0.33,11,0,0
24,34,552,96,20,44,0.31,11,0,0
24,35,730,515,82,102,0.28,11,0,0
24,36,409,324,20,36,0.26,11,0,0
25,1,554,345,55,89,0.84,4,0,0
25,2,461,324,63,81,0.83,4,0,0
25,3,478,485,49,109,0.82,4,0,0
25,4,1215,393,64,59,0.78,4,0,0
25,5,451,88,42,58,0.75,4,0,0
25,6,1043,384,54,46,0.69,4,0,0
25,7,730,537,57,101,0.66,4,0,0
25,8,238,73,53,55,0.64,4,0,0
25,9,1203,321,76,49,0.61,4,0,0
25,10,58,162,82,43,0.54,4,0,0
25,11,804,132,87,44,0.51,4,0,0
25,12,690,118,73,42,0.47,4,0,0
25,13,178,103,53,49,0.47,4,0,0
25,14,945,165,96,64,0.43,4,0,0
25,15,730,536,82,101,0.38,4,0,0
25,16,551,128,19,39,0.36,1,0,0
25,17,554,345,55,89,0.84,11,0,0
25,18,461,324,63,81,0.83,11,0,0
25,19,478,485,49,109,0.82,11,0,0
25,20,1215,393,64,59,0.78,11,0,0
25,21,451,88,42,58,0.75,11,0,0
25,22,1043,384,54,46,0.69,11,0,0
25,23,730,537,57,101,0.66,11,0,0
25,24,238,73,53,55,0.64,11,0,0
25,25,1203,321,76,49,0.61,11,0,0
25,26,58,162,82,43,0.54,11,0,0
25,27,804,132,87,44,0.51,11,0,0
25,28,690,118,73,42,0.47,11,0,0
25,29,178,103,53,49,0.47,11,0,0
25,30,945,165,96,64,0.43,11,0,0
25,31,730,536,82,101,0.38,11,0,0
25,32,551,128,19,39,0.36,11,0,0
26,1,455,322,66,84,0.88,4,0,0
26,2,548,334,59,91,0.87,4,0,0
26,3,234,81,58,49,0.82,4,0,0
26,4,805,139,86,43,0.81,4,0,0
26,5,1217,400,62,62,0.81,4,0,0
26,6,476,486,49,107,0.80,4,0,0
26,7,40,164,96,43,0.80,4,0,0
26,8,174,105,58,52,0.78,4,0,0
26,9,1205,327,74,51,0.77,4,0,0
26,10,450,98,40,60,0.70,4,0,0
26,11,683,123,81,44,0.69,4,0,0
26,12,935,192,95,44,0.69,4,0,0
26,13,730,544,53,101,0.61,4,0,0
26,14,520,96,13,30,0.60,1,0,0
26,15,1043,389,55,46,0.54,4,0,0
26,16,403,355,19,37,0.48,1,0,0
26,17,551,132,19,37,0.45,1,0,0
26,18,474,6,31,43,0.37,4,0,0
26,19,945,170,12,22,0.36,1,0,0
26,20,636,155,66,39,0.34,4,0,0
26,21,474,5,31,44,0.33,6,0,0
26,22,455,322,66,84,0.88,11,0,0
26,23,548,334,59,91,0.87,11,0,0
26,24,234,81,58,49,0.82,11,0,0
26,25,805,139,86,43,0.81,11,0,0
26,26,1217,400,62,62,0.81,11,0,0
26,27,476,486,49,107,0.80,11,0,0
26,28,40,164,96,43,0.80,11,0,0
26,29,174,105,58,52,0.78,11,0,0
26,30,1205,327,74,51,0.77,11,0,0
26,31,450,98,40,60,0.70,11,0,0
26,32,683,123,81,44,0.69,11,0,0
26,33,935,192,95,44,0.69,11,0,0
26,34,730,544,53,101,0.61,11,0,0
26,35,520,96,13,30,0.60,11,0,0
26,36,1043,389,55,46,0.54,11,0,0
26,37,592,8,10,23,0.51,11,0,0
26,38,403,355,19,37,0.48,11,0,0
26,39,564,7,12,25,0.47,11,0,0
26,40,551,132,19,37,0.45,11,0,0
26,41,651,11,11,22,0.38,11,0,0
26,42,474,6,31,43,0.37,11,0,0
26,43,945,170,12,22,0.36,11,0,0
26,44,636,155,66,39,0.34,11,0,0
26,45,474,5,31,44,0.33,11,0,0
27,1,450,321,67,82,0.88,4,0,0
27,2,545,324,57,92,0.85,4,0,0
27,3,1217,405,62,60,0.82,4,0,0
27,4,233,83,59,51,0.81,4,0,0
27,5,175,108,56,52,0.79,4,0,0
27,6,1206,332,73,45,0.79,4,0,0
27,7,39,167,97,44,0.79,4,0,0
27,8,806,141,86,44,0.76,4,0,0
27,9,683,126,82,44,0.76,4,0,0
27,10,474,486,50,105,0.75,4,0,0
27,11,928,193,96,45,0.74,4,0,0
27,12,446,106,42,60,0.68,4,0,0
27,13,730,549,54,101,0.60,4,0,0
27,14,518,99,13,29,0.60,1,0,0
27,15,548,156,21,24,0.54,10,0,0
27,16,402,361,19,36,0.52,1,0,0
27,17,472,10,32,46,0.44,4,0,0
27,18,472,11,32,45,0.41,6,0,0
27,19,550,135,20,30,0.41,1,0,0
27,20,967,175,16,20,0.30,1,0,0
27,21,680,94,16,33,0.26,1,0,0
27,22,450,321,67,82,0.88,11,0,0
27,23,545,324,57,92,0.85,11,0,0
27,24,1217,405,62,60,0.82,11,0,0
27,25,233,83,59,51,0.81,11,0,0
27,26,175,108,56,52,0.79,11,0,0
27,27,1206,332,73,45,0.79,11,0,0
27,28,39,167,97,44,0.79,11,0,0
27,29,806,141,86,44,0.76,11,0,0
27,30,683,126,82,44,0.76,11,0,0
27,31,474,486,50,105,0.75,11,0,0
27,32,928,193,96,45,0.74,11,0,0
27,33,446,106,42,60,0.68,11,0,0
27,34,730,549,54,101,0.60,11,0,0
27,35,518,99,13,29,0.60,11,0,0
27,36,548,156,21,24,0.54,11,0,0
27,37,402,361,19,36,0.52,11,0,0
27,38,472,10,32,46,0.44,11,0,0
27,39,472,11,32,45,0.41,11,0,0
27,40,550,135,20,30,0.41,11,0,0
27,41,967,175,16,20,0.30,11,0,0
27,42,650,13,12,23,0.30,11,0,0
27,43,591,12,11,23,0.27,11,0,0
27,44,680,94,16,33,0.26,11,0,0
28,1,444,318,70,82,0.89,4,0,0
28,2,542,316,57,89,0.88,4,0,0
28,3,806,144,87,45,0.82,4,0,0
28,4,1219,409,60,58,0.81,4,0,0
28,5,231,86,60,51,0.81,4,0,0
28,6,683,128,82,45,0.81,4,0,0
28,7,472,482,51,103,0.78,4,0,0
28,8,444,115,43,61,0.78,4,0,0
28,9,1209,335,70,50,0.78,4,0,0
28,10,37,171,98,44,0.76,4,0,0
28,11,730,555,55,102,0.74,4,0,0
28,12,919,196,95,45,0.74,4,0,0
28,13,173,113,58,50,0.72,4,0,0
28,14,400,370,18,35,0.59,1,0,0
28,15,548,157,21,25,0.44,10,0,0
28,16,516,101,13,28,0.43,1,0,0
28,17,470,19,34,47,0.42,6,0,0
28,18,1045,398,57,47,0.40,4,0,0
28,19,550,137,20,32,0.37,1,0,0
28,20,1051,136,122,57,0.31,6,0,0
28,21,972,177,13,21,0.27,1,0,0
28,22,444,318,70,82,0.89,11,0,0
28,23,542,316,57,89,0.88,11,0,0
28,24,806,144,87,45,0.82,11,0,0
28,25,1219,409,60,58,0.81,11,0,0
28,26,231,86,60,51,0.81,11,0,0
28,27,683,128,82,45,0.81,11,0,0
28,28,472,482,51,103,0.78,11,0,0
28,29,444,115,43,61,0.78,11,0,0
28,30,1209,335,70,50,0.78,11,0,0
28,31,37,171,98,44,0.76,11,0,0
28,32,730,555,55,102,0.74,11,0,0
28,33,919,196,95,45,0.74,11,0,0
28,34,173,113,58,50,0.72,11,0,0
28,35,400,370,18,35,0.59,11,0,0
28,36,548,157,21,25,0.44,11,0,0
28,37,516,101,13,28,0.43,11,0,0
28,38,470,19,34,47,0.42,11,0,0
28,39,1045,398,57,47,0.40,11,0,0
28,40,591,14,12,23,0.39,11,0,0
28,41,564,13,12,24,0.38,11,0,0
28,42,550,137,20,32,0.37,11,0,0
28,43,651,15,11,23,0.36,11,0,0
28,44,1051,136,122,57,0.31,11,0,0
28,45,972,177,13,21,0.27,11,0,0
29,1,538,306,57,86,0.89,4,0,0
29,2,437,317,73,79,0.87,4,0,0
29,3,470,479,52,102,0.81,4,0,0
29,4,680,131,85,46,0.79,4,0,0
29,5,1211,340,68,56,0.77,4,0,0
29,6,442,123,44,64,0.77,4,0,0
29,7,35,175,100,44,0.77,4,0,0
29,8,1222,413,57,57,0.77,4,0,0
29,9,806,148,87,45,0.74,4,0,0
29,10,231,89,59,50,0.74,4,0,0
29,11,170,116,60,51,0.68,4,0,0
29,12,731,562,56,104,0.67,4,0,0
29,13,398,376,18,44,0.63,1,0,0
29,14,909,200,98,43,0.58,4,0,0
29,15,515,105,11,26,0.44,1,0,0
29,16,468,30,34,46,0.42,6,0,0
29,17,1047,404,57,46,0.41,4,0,0
29,18,548,157,21,27,0.33,10,0,0
29,19,549,141,21,37,0.30,1,0,0
29,20,468,30,33,46,0.27,4,0,0
29,21,538,306,57,86,0.89,11,0,0
29,22,437,317,73,79,0.87,11,0,0
29,23,470,479,52,102,0.81,11,0,0
29,24,680,131,85,46,0.79,11,0,0
29,25,1211,340,68,56,0.77,11,0,0
29,26,442,123,44,64,0.77,11,0,0
29,27,35,175,100,44,0.77,11,0,0
29,28,1222,413,57,57,0.77,11,0,0
29,29,806,148,87,45,0.74,11,0,0
29,30,231,89,59,50,0.74,11,0,0
29,31,170,116,60,51,0.68,11,0,0
29,32,731,562,56,104,0.67,11,0,0
29,33,398,376,18,44,0.63,11,0,0
29,34,909,200,98,43,0.58,11,0,0
29,35,591,16,11,24,0.48,11,0,0
29,36,515,105,11,26,0.44,11,0,0
29,37,468,30,34,46,0.42,11,0,0
29,38,1047,404,57,46,0.41,11,0,0
29,39,564,17,12,23,0.39,11,0,0
29,40,548,157,21,27,0.33,11,0,0
29,41,549,141,21,37,0.30,11,0,0
29,42,468,30,33,46,0.27,11,0,0
30,1,428,314,77,80,0.87,4,0,0
30,2,683,135,82,45,0.81,4,0,0
30,3,467,474,55,103,0.80,4,0,0
30,4,1213,345,67,48,0.79,4,0,0
30,5,33,178,100,44,0.78,4,0,0
30,6,170,120,58,50,0.78,4,0,0
30,7,440,131,44,63,0.77,4,0,0
30,8,807,151,87,44,0.76,4,0,0
30,9,228,92,61,50,0.74,4,0,0
30,10,533,296,59,84,0.73,4,0,0
30,11,731,568,56,104,0.71,4,0,0
30,12,1223,414,56,62,0.66,4,0,0
30,13,513,106,11,26,0.52,1,0,0
30,14,397,385,18,39,0.51,1,0,0
30,15,466,38,34,47,0.48,6,0,0
30,16,900,195,96,48,0.46,4,0,0
30,17,1048,409,58,47,0.28,4,0,0
30,18,428,314,77,80,0.87,11,0,0
30,19,683,135,82,45,0.81,11,0,0
30,20,467,474,55,103,0.80,11,0,0
30,21,1213,345,67,48,0.79,11,0,0
30,22,33,178,100,44,0.78,11,0,0
30,23,170,120,58,50,0.78,11,0,0
30,24,440,131,44,63,0.77,11,0,0
30,25,807,151,87,44,0.76,11,0,0
30,26,228,92,61,50,0.74,11,0,0
30,27,533,296,59,84,0.73,11,0,0
30,28,731,568,56,104,0.71,11,0,0
30,29,1223,414,56,62,0.66,11,0,0
30,30,513,106,11,26,0.52,11,0,0
30,31,397,385,18,39,0.51,11,0,0
30,32,466,38,34,47,0.48,11,0,0
30,33,900,195,96,48,0.46,11,0,0
30,34,563,19,13,24,0.36,11,0,0
30,35,590,18,12,24,0.34,11,0,0
30,36,1048,409,58,47,0.28,11,0,0
31,1,420,311,80,80,0.87,4,0,0
31,2,464,469,56,100,0.85,4,0,0
31,3,683,137,83,45,0.84,4,0,0
31,4,439,139,43,63,0.81,4,0,0
31,5,530,287,59,83,0.81,4,0,0
31,6,228,95,61,50,0.78,4,0,0
31,7,807,153,88,44,0.76,4,0,0
31,8,1215,348,64,48,0.76,4,0,0
31,9,168,121,59,51,0.76,4,0,0
31,10,1225,397,54,84,0.76,4,0,0
31,11,31,180,100,46,0.76,4,0,0
31,12,890,205,96,42,0.69,4,0,0
31,13,731,574,56,104,0.68,4,0,0
31,14,395,393,19,35,0.44,1,0,0
31,15,510,107,13,27,0.41,1,0,0
31,16,1050,414,57,46,0.34,4,0,0
31,17,463,45,35,50,0.34,6,0,0
31,18,420,311,80,80,0.87,11,0,0
31,19,464,469,56,100,0.85,11,0,0
31,20,683,137,83,45,0.84,11,0,0
31,21,439,139,43,63,0.81,11,0,0
31,22,530,287,59,83,0.81,11,0,0
31,23,228,95,61,50,0.78,11,0,0
31,24,807,153,88,44,0.76,11,0,0
31,25,1215,348,64,48,0.76,11,0,0
31,26,168,121,59,51,0.76,11,0,0
31,27,1225,397,54,84,0.76,11,0,0
31,28,31,180,100,46,0.76,11,0,0
31,29,890,205,96,42,0.69,11,0,0
31,30,731,574,56,104,0.68,11,0,0
31,31,395,393,19,35,0.44,11,0,0
31,32,510,107,13,27,0.41,11,0,0
31,33,1050,414,57,46,0.34,11,0,0
31,34,463,45,35,50,0.34,11,0,0
31,35,590,21,12,23,0.27,11,0,0
31,36,562,21,13,24,0.26,11,0,0
32,1,412,309,80,78,0.90,4,0,0
32,2,463,465,55,100,0.84,4,0,0
32,3,525,278,59,80,0.83,4,0,0
32,4,1216,352,63,48,0.83,4,0,0
32,5,436,146,45,65,0.82,4,0,0
32,6,683,140,83,45,0.82,4,0,0
32,7,225,97,63,51,0.77,4,0,0
32,8,30,183,101,45,0.74,4,0,0
32,9,1227,411,52,72,0.73,4,0,0
32,10,881,206,96,45,0.72,4,0,0
32,11,731,580,56,105,0.69,4,0,0
32,12,167,123,59,52,0.68,4,0,0
32,13,808,156,87,46,0.58,4,0,0
32,14,462,52,35,52,0.50,6,0,0
32,15,390,401,22,37,0.40,1,0,0
32,16,809,157,86,44,0.39,6,0,0
32,17,588,103,12,29,0.36,1,0,0
32,18,508,109,13,27,0.36,1,0,0
32,19,294,199,15,30,0.35,1,0,0
32,20,966,198,12,27,0.28,1,0,0
32,21,550,150,19,35,0.28,1,0,0
32,22,412,309,80,78,0.90,11,0,0
32,23,463,465,55,100,0.84,11,0,0
32,24,525,278,59,80,0.83,11,0,0
32,25,1216,352,63,48,0.83,11,0,0
32,26,436,146,45,65,0.82,11,0,0
32,27,683,140,83,45,0.82,11,0,0
32,28,225,97,63,51,0.77,11,0,0
32,29,30,183,101,45,0.74,11,0,0
32,30,1227,411,52,72,0.73,11,0,0
32,31,881,206,96,45,0.72,11,0,0
32,32,731,580,56,105,0.69,11,0,0
32,33,167,123,59,52,0.68,11,0,0
32,34,808,156,87,46,0.58,11,0,0
32,35,462,52,35,52,0.50,11,0,0
32,36,390,401,22,37,0.40,11,0,0
32,37,809,157,86,44,0.39,11,0,0
32,38,588,103,12,29,0.36,11,0,0
32,39,508,109,13,27,0.36,11,0,0
32,40,562,24,13,23,0.35,11,0,0
32,41,294,199,15,30,0.35,11,0,0
32,42,590,24,12,23,0.30,11,0,0
32,43,966,198,12,27,0.28,11,0,0
32,44,550,150,19,35,0.28,11,0,0
33,1,523,274,58,80,0.88,4,0,0
33,2,406,308,82,78,0.87,4,0,0
33,3,461,463,56,98,0.84,4,0,0
33,4,683,141,84,46,0.81,4,0,0
33,5,436,151,44,65,0.80,4,0,0
33,6,1217,354,62,48,0.80,4,0,0
33,7,224,98,63,51,0.80,4,0,0
33,8,1229,416,50,67,0.76,4,0,0
33,9,876,209,99,43,0.76,4,0,0
33,10,29,185,101,46,0.73,4,0,0
33,11,732,582,56,106,0.69,4,0,0
33,12,166,124,59,52,0.67,4,0,0
33,13,808,158,88,45,0.51,6,0,0
33,14,390,405,21,38,0.37,1,0,0
33,15,808,157,87,46,0.35,4,0,0
33,16,587,101,13,29,0.34,1,0,0
33,17,459,55,38,57,0.30,6,0,0
33,18,459,55,37,57,0.30,4,0,0
33,19,968,199,12,29,0.29,1,0,0
33,20,523,274,58,80,0.88,11,0,0
33,21,406,308,82,78,0.87,11,0,0
33,22,461,463,56,98,0.84,11,0,0
33,23,683,141,84,46,0.81,11,0,0
33,24,436,151,44,65,0.80,11,0,0
33,25,1217,354,62,48,0.80,11,0,0
33,26,224,98,63,51,0.80,11,0,0
33,27,1229,416,50,67,0.76,11,0,0
33,28,876,209,99,43,0.76,11,0,0
33,29,29,185,101,46,0.73,11,0,0
33,30,732,582,56,106,0.69,11,0,0
33,31,166,124,59,52,0.67,11,0,0
33,32,808,158,88,45,0.51,11,0,0
33,33,390,405,21,38,0.37,11,0,0
33,34,808,157,87,46,0.35,11,0,0
33,35,562,25,13,24,0.34,11,0,0
33,36,587,101,13,29,0.34,11,0,0
33,37,459,55,38,57,0.30,11,0,0
33,38,459,55,37,57,0.30,11,0,0
33,39,968,199,12,29,0.29,11,0,0
33,40,590,25,12,23,0.28,11,0,0
34,1,397,307,86,74,0.90,4,0,0
34,2,457,453,58,101,0.83,4,0,0
34,3,683,143,84,46,0.82,4,0,0
34,4,224,99,63,53,0.81,4,0,0
34,5,1218,358,61,47,0.81,4,0,0
34,6,1231,432,48,55,0.79,4,0,0
34,7,520,266,58,79,0.77,4,0,0
34,8,867,212,95,45,0.75,4,0,0
34,9,28,188,99,45,0.75,4,0,0
34,10,434,157,45,67,0.71,4,0,0
34,11,732,587,57,106,0.63,4,0,0
34,12,165,127,59,52,0.62,4,0,0
34,13,457,65,38,54,0.55,6,0,0
34,14,808,160,89,45,0.48,4,0,0
34,15,808,160,89,45,0.43,6,0,0
34,16,732,587,84,106,0.31,4,0,0
34,17,397,307,86,74,0.90,11,0,0
34,18,457,453,58,101,0.83,11,0,0
34,19,683,143,84,46,0.82,11,0,0
34,20,224,99,63,53,0.81,11,0,0
34,21,1218,358,61,47,0.81,11,0,0
34,22,1231,432,48,55,0.79,11,0,0
34,23,520,266,58,79,0.77,11,0,0
34,24,867,212,95,45,0.75,11,0,0
34,25,28,188,99,45,0.75,11,0,0
34,26,434,157,45,67,0.71,11,0,0
34,27,732,587,57,106,0.63,11,0,0
34,28,165,127,59,52,0.62,11,0,0
34,29,457,65,38,54,0.55,11,0,0
34,30,808,160,89,45,0.48,11,0,0
34,31,808,160,89,45,0.43,11,0,0
34,32,562,28,12,23,0.40,11,0,0
34,33,590,28,11,23,0.36,11,0,0
34,34,732,587,84,106,0.31,11,0,0
35,1,387,306,88,73,0.88,4,0,0
35,2,451,450,62,97,0.86,4,0,0
35,3,223,102,63,52,0.83,4,0,0
35,4,683,146,84,47,0.81,4,0,0
35,5,1219,362,60,48,0.81,4,0,0
35,6,859,215,96,44,0.80,4,0,0
35,7,516,258,57,78,0.80,4,0,0
35,8,1232,437,47,54,0.79,4,0,0
35,9,732,593,56,107,0.78,4,0,0
35,10,26,190,103,46,0.75,4,0,0
35,11,165,130,58,51,0.75,4,0,0
35,12,433,165,45,67,0.74,4,0,0
35,13,808,163,88,45,0.59,4,0,0
35,14,454,72,40,57,0.56,6,0,0
35,15,646,190,13,29,0.46,1,0,0
35,16,387,419,21,39,0.40,1,0,0
35,17,770,292,13,30,0.38,1,0,0
35,18,773,201,33,31,0.29,10,0,0
35,19,387,306,88,73,0.88,11,0,0
35,20,451,450,62,97,0.86,11,0,0
35,21,223,102,63,52,0.83,11,0,0
35,22,683,146,84,47,0.81,11,0,0
35,23,1219,362,60,48,0.81,11,0,0
35,24,859,215,96,44,0.80,11,0,0
35,25,516,258,57,78,0.80,11,0,0
35,26,1232,437,47,54,0.79,11,0,0
35,27,732,593,56,107,0.78,11,0,0
35,28,26,190,103,46,0.75,11,0,0
35,29,165,130,58,51,0.75,11,0,0
35,30,433,165,45,67,0.74,11,0,0
35,31,808,163,88,45,0.59,11,0,0
35,32,454,72,40,57,0.56,11,0,0
35,33,562,30,13,25,0.46,11,0,0
35,34,646,190,13,29,0.46,11,0,0
35,35,387,419,21,39,0.40,11,0,0
35,36,770,292,13,30,0.38,11,0,0
35,37,590,30,11,24,0.38,11,0,0
35,38,773,201,33,31,0.29,11,0,0
36,1,374,304,92,72,0.89,4,0,0
36,2,447,445,64,95,0.86,4,0,0
36,3,512,250,56,76,0.85,4,0,0
36,4,683,148,84,47,0.83,4,0,0
36,5,221,105,64,51,0.82,4,0,0
36,6,1221,365,58,48,0.80,4,0,0
36,7,1233,441,46,53,0.79,4,0,0
36,8,431,172,46,68,0.78,4,0,0
36,9,850,219,98,43,0.77,4,0,0
36,10,732,598,56,107,0.77,4,0,0
36,11,25,192,103,46,0.75,4,0,0
36,12,809,166,88,45,0.75,4,0,0
36,13,163,133,58,51,0.71,4,0,0
36,14,452,80,41,57,0.43,4,0,0
36,15,643,187,15,31,0.40,1,0,0
36,16,452,80,41,57,0.40,6,0,0
36,17,997,216,12,31,0.38,1,0,0
36,18,288,218,16,31,0.37,1,0,0
36,19,770,294,13,31,0.30,1,0,0
36,20,385,426,21,36,0.29,1,0,0
36,21,681,652,25,61,0.28,4,0,0
36,22,549,161,19,37,0.27,1,0,0
36,23,978,214,12,27,0.27,1,0,0
36,24,771,203,31,32,0.25,10,0,0
36,25,374,304,92,72,0.89,11,0,0
36,26,447,445,64,95,0.86,11,0,0
36,27,512,250,56,76,0.85,11,0,0
36,28,683,148,84,47,0.83,11,0,0
36,29,221,105,64,51,0.82,11,0,0
36,30,1221,365,58,48,0.80,11,0,0
36,31,1233,441,46,53,0.79,11,0,0
36,32,431,172,46,68,0.78,11,0,0
36,33,850,219,98,43,0.77,11,0,0
36,34,732,598,56,107,0.77,11,0,0
36,35,25,192,103,46,0.75,11,0,0
36,36,809,166,88,45,0.75,11,0,0
36,37,163,133,58,51,0.71,11,0,0
36,38,562,32,13,25,0.50,11,0,0
36,39,452,80,41,57,0.43,11,0,0
36,40,643,187,15,31,0.40,11,0,0
36,41,452,80,41,57,0.40,11,0,0
36,42,590,32,11,24,0.39,11,0,0
36,43,997,216,12,31,0.38,11,0,0
36,44,288,218,16,31,0.37,11,0,0
36,45,770,294,13,31,0.30,11,0,0
36,46,385,426,21,36,0.29,11,0,0
36,47,681,652,25,61,0.28,11,0,0
36,48,549,161,19,37,0.27,11,0,0
36,49,978,214,12,27,0.27,11,0,0
36,50,771,203,31,32,0.25,11,0,0
37,1,363,304,93,71,0.89,4,0,0
37,2,442,440,65,93,0.88,4,0,0
37,3,508,243,55,76,0.85,4,0,0
37,4,683,151,85,47,0.83,4,0,0
37,5,220,107,63,52,0.83,4,0,0
37,6,430,179,47,70,0.83,4,0,0
37,7,842,222,99,45,0.82,4,0,0
37,8,809,168,89,45,0.82,4,0,0
37,9,1223,368,56,48,0.80,4,0,0
37,10,162,136,58,51,0.78,4,0,0
37,11,1234,444,45,54,0.77,4,0,0
37,12,24,195,99,45,0.77,4,0,0
37,13,733,603,56,109,0.66,4,0,0
37,14,449,88,42,59,0.56,4,0,0
37,15,549,164,19,36,0.30,1,0,0
37,16,642,185,14,32,0.30,1,0,0
37,17,502,116,13,31,0.30,1,0,0
37,18,756,361,14,31,0.30,1,0,0
37,19,770,206,32,31,0.28,10,0,0
37,20,770,295,13,34,0.26,1,0,0
37,21,363,304,93,71,0.89,11,0,0
37,22,442,440,65,93,0.88,11,0,0
37,23,508,243,55,76,0.85,11,0,0
37,24,683,151,85,47,0.83,11,0,0
37,25,220,107,63,52,0.83,11,0,0
37,26,430,179,47,70,0.83,11,0,0
37,27,842,222,99,45,0.82,11,0,0
37,28,809,168,89,45,0.82,11,0,0
37,29,1223,368,56,48,0.80,11,0,0
37,30,162,136,58,51,0.78,11,0,0
37,31,1234,444,45,54,0.77,11,0,0
37,32,24,195,99,45,0.77,11,0,0
37,33,733,603,56,109,0.66,11,0,0
37,34,449,88,42,59,0.56,11,0,0
37,35,561,34,14,26,0.48,11,0,0
37,36,827,27,16,40,0.40,11,0,0
37,37,590,34,11,24,0.39,11,0,0
37,38,549,164,19,36,0.30,11,0,0
37,39,642,185,14,32,0.30,11,0,0
37,40,502,116,13,31,0.30,11,0,0
37,41,756,361,14,31,0.30,11,0,0
37,42,770,206,32,31,0.28,11,0,0
37,43,770,295,13,34,0.26,11,0,0
38,1,436,433,65,95,0.89,4,0,0
38,2,350,303,95,66,0.87,4,0,0
38,3,428,186,48,71,0.85,4,0,0
38,4,683,153,85,47,0.84,4,0,0
38,5,809,170,90,45,0.83,4,0,0
38,6,220,109,62,52,0.82,4,0,0
38,7,1225,372,54,48,0.81,4,0,0
38,8,835,226,97,42,0.81,4,0,0
38,9,21,199,99,44,0.79,4,0,0
38,10,162,137,57,52,0.76,4,0,0
38,11,1236,448,43,54,0.75,4,0,0
38,12,733,608,57,108,0.75,4,0,0
38,13,505,236,55,75,0.74,4,0,0
38,14,447,99,41,59,0.63,4,0,0
38,15,549,187,19,26,0.56,10,0,0
38,16,502,119,12,31,0.43,1,0,0
38,17,383,440,22,40,0.40,1,0,0
38,18,485,682,53,37,0.33,4,0,0
38,19,770,209,31,31,0.33,10,0,0
38,20,551,167,19,31,0.30,1,0,0
38,21,436,433,65,95,0.89,11,0,0
38,22,350,303,95,66,0.87,11,0,0
38,23,428,186,48,71,0.85,11,0,0
38,24,683,153,85,47,0.84,11,0,0
38,25,809,170,90,45,0.83,11,0,0
38,26,220,109,62,52,0.82,11,0,0
38,27,1225,372,54,48,0.81,11,0,0
38,28,835,226,97,42,0.81,11,0,0
38,29,21,199,99,44,0.79,11,0,0
38,30,162,137,57,52,0.76,11,0,0
38,31,1236,448,43,54,0.75,11,0,0
38,32,733,608,57,108,0.75,11,0,0
38,33,505,236,55,75,0.74,11,0,0
38,34,447,99,41,59,0.63,11,0,0
38,35,549,187,19,26,0.56,11,0,0
38,36,502,119,12,31,0.43,11,0,0
38,37,560,36,14,25,0.40,11,0,0
38,38,383,440,22,40,0.40,11,0,0
38,39,828,29,16,41,0.39,11,0,0
38,40,590,36,11,25,0.37,11,0,0
38,41,485,682,53,37,0.33,11,0,0
38,42,770,209,31,31,0.33,11,0,0
38,43,551,167,19,31,0.30,11,0,0
39,1,430,427,68,95,0.89,4,0,0
39,2,336,301,98,66,0.89,4,0,0
39,3,426,193,48,71,0.83,4,0,0
39,4,220,112,61,51,0.83,4,0,0
39,5,502,230,55,73,0.83,4,0,0
39,6,682,155,86,47,0.82,4,0,0
39,7,1226,376,53,48,0.81,4,0,0
39,8,19,200,101,47,0.81,4,0,0
39,9,809,172,90,46,0.80,4,0,0
39,10,828,228,98,43,0.80,4,0,0
39,11,1239,452,40,53,0.78,4,0,0
39,12,161,139,58,53,0.69,4,0,0
39,13,733,613,85,105,0.62,4,0,0
39,14,500,120,12,32,0.61,1,0,0
39,15,445,106,41,60,0.52,4,0,0
39,16,381,448,22,38,0.45,1,0,0
39,17,551,187,20,31,0.38,10,0,0
39,18,770,208,33,34,0.36,10,0,0
39,19,484,675,54,45,0.32,4,0,0
39,20,733,612,59,106,0.27,4,0,0
39,21,682,633,25,59,0.26,4,0,0
39,22,767,296,15,31,0.25,1,0,0
39,23,430,427,68,95,0.89,11,0,0
39,24,336,301,98,66,0.89,11,0,0
39,25,426,193,48,71,0.83,11,0,0
39,26,220,112,61,51,0.83,11,0,0
39,27,502,230,55,73,0.83,11,0,0
39,28,682,155,86,47,0.82,11,0,0
39,29,1226,376,53,48,0.81,11,0,0
39,30,19,200,101,47,0.81,11,0,0
39,31,809,172,90,46,0.80,11,0,0
39,32,828,228,98,43,0.80,11,0,0
39,33,1239,452,40,53,0.78,11,0,0
39,34,161,139,58,53,0.69,11,0,0
39,35,733,613,85,105,0.62,11,0,0
39,36,500,120,12,32,0.61,11,0,0
39,37,445,106,41,60,0.52,11,0,0
39,38,381,448,22,38,0.45,11,0,0
39,39,551,187,20,31,0.38,11,0,0
39,40,560,38,15,25,0.38,11,0,0
39,41,827,29,18,43,0.38,11,0,0
39,42,770,208,33,34,0.36,11,0,0
39,43,590,38,11,24,0.35,11,0,0
39,44,484,675,54,45,0.32,11,0,0
39,45,733,612,59,106,0.27,11,0,0
39,46,682,633,25,59,0.26,11,0,0
39,47,767,296,15,31,0.25,11,0,0
40,1,423,421,71,93,0.89,4,0,0
40,2,321,302,100,63,0.87,4,0,0
40,3,425,199,48,72,0.85,4,0,0
40,4,683,157,85,47,0.83,4,0,0
40,5,500,223,54,71,0.81,4,0,0
40,6,19,203,99,46,0.81,4,0,0
40,7,218,113,63,52,0.80,4,0,0
40,8,820,230,97,44,0.80,4,0,0
40,9,810,175,90,45,0.79,4,0,0
40,10,1228,378,51,49,0.78,4,0,0
40,11,1240,456,39,52,0.77,4,0,0
40,12,733,616,85,103,0.67,4,0,0
40,13,160,141,58,52,0.64,4,0,0
40,14,499,123,11,31,0.56,1,0,0
40,15,443,112,41,62,0.49,4,0,0
40,16,553,192,21,31,0.47,10,0,0
40,17,765,211,36,33,0.46,10,0,0
40,18,484,667,54,53,0.31,4,0,0
40,19,382,455,20,36,0.26,1,0,0
40,20,423,421,71,93,0.89,11,0,0
40,21,321,302,100,63,0.87,11,0,0
40,22,425,199,48,72,0.85,11,0,0
40,23,683,157,85,47,0.83,11,0,0
40,24,500,223,54,71,0.81,11,0,0
40,25,19,203,99,46,0.81,11,0,0
40,26,218,113,63,52,0.80,11,0,0
40,27,820,230,97,44,0.80,11,0,0
40,28,810,175,90,45,0.79,11,0,0
40,29,1228,378,51,49,0.78,11,0,0
40,30,1240,456,39,52,0.77,11,0,0
40,31,733,616,85,103,0.67,11,0,0
40,32,160,141,58,52,0.64,11,0,0
40,33,499,123,11,31,0.56,11,0,0
40,34,443,112,41,62,0.49,11,0,0
40,35,553,192,21,31,0.47,11,0,0
40,36,765,211,36,33,0.46,11,0,0
40,37,830,32,14,41,0.36,11,0,0
40,38,560,41,14,22,0.35,11,0,0
40,39,590,40,11,23,0.32,11,0,0
40,40,484,667,54,53,0.31,11,0,0
40,41,382,455,20,36,0.26,11,0,0
41,1,421,418,71,93,0.89,4,0,0
41,2,315,301,100,63,0.88,4,0,0
41,3,425,202,48,72,0.85,4,0,0
41,4,499,221,54,70,0.83,4,0,0
41,5,683,159,85,46,0.83,4,0,0
41,6,810,175,91,46,0.80,4,0,0
41,7,18,204,100,46,0.79,4,0,0
41,8,217,114,64,52,0.78,4,0,0
41,9,1228,380,51,48,0.77,4,0,0
41,10,816,231,98,45,0.75,4,0,0
41,11,1241,457,38,53,0.75,4,0,0
41,12,442,117,43,61,0.67,4,0,0
41,13,160,142,57,52,0.63,4,0,0
41,14,734,618,85,101,0.56,4,0,0
41,15,499,125,10,29,0.50,1,0,0
41,16,755,383,15,34,0.35,1,0,0
41,17,557,193,19,32,0.30,10,0,0
41,18,485,664,54,56,0.26,4,0,0
41,19,421,418,71,93,0.89,11,0,0
41,20,315,301,100,63,0.88,11,0,0
41,21,425,202,48,72,0.85,11,0,0
41,22,499,221,54,70,0.83,11,0,0
41,23,683,159,85,46,0.83,11,0,0
41,24,810,175,91,46,0.80,11,0,0
41,25,18,204,100,46,0.79,11,0,0
41,26,217,114,64,52,0.78,11,0,0
41,27,1228,380,51,48,0.77,11,0,0
41,28,816,231,98,45,0.75,11,0,0
41,29,1241,457,38,53,0.75,11,0,0
41,30,442,117,43,61,0.67,11,0,0
41,31,160,142,57,52,0.63,11,0,0
41,32,734,618,85,101,0.56,11,0,0
41,33,499,125,10,29,0.50,11,0,0
41,34,830,33,15,41,0.41,11,0,0
41,35,755,383,15,34,0.35,11,0,0
41,36,560,41,14,24,0.34,11,0,0
41,37,557,193,19,32,0.30,11,0,0
41,38,590,40,11,23,0.30,11,0,0
41,39,485,664,54,56,0.26,11,0,0
42,1,424,209,47,71,0.86,4,0,0
42,2,300,299,101,62,0.86,4,0,0
42,3,415,413,74,89,0.85,4,0,0
42,4,684,160,85,46,0.83,4,0,0
42,5,811,177,91,45,0.82,4,0,0
42,6,1230,383,49,48,0.81,4,0,0
42,7,219,115,61,53,0.79,4,0,0
42,8,16,206,102,45,0.78,4,0,0
42,9,499,210,51,73,0.77,4,0,0
42,10,809,235,98,41,0.76,4,0,0
42,11,1243,459,36,54,0.73,4,0,0
42,12,159,144,58,52,0.70,4,0,0
42,13,440,127,41,58,0.66,4,0,0
42,14,734,621,84,99,0.41,4,0,0
42,15,496,126,13,29,0.40,1,0,0
42,16,282,243,14,32,0.27,1,0,0
42,17,754,391,17,30,0.25,1,0,0
42,18,424,209,47,71,0.86,11,0,0
42,19,300,299,101,62,0.86,11,0,0
42,20,415,413,74,89,0.85,11,0,0
42,21,684,160,85,46,0.83,11,0,0
42,22,811,177,91,45,0.82,11,0,0
42,23,1230,383,49,48,0.81,11,0,0
42,24,219,115,61,53,0.79,11,0,0
42,25,16,206,102,45,0.78,11,0,0
42,26,499,210,51,73,0.77,11,0,0
42,27,809,235,98,41,0.76,11,0,0
42,28,1243,459,36,54,0.73,11,0,0
42,29,159,144,58,52,0.70,11,0,0
42,30,440,127,41,58,0.66,11,0,0
42,31,561,43,13,24,0.52,11,0,0
42,32,734,621,84,99,0.41,11,0,0
42,33,496,126,13,29,0.40,11,0,0
42,34,590,43,11,34,0.37,11,0,0
42,35,651,45,12,22,0.32,11,0,0
42,36,832,33,14,43,0.28,11,0,0
42,37,282,243,14,32,0.27,11,0,0
42,38,754,391,17,30,0.25,11,0,0
43,1,424,213,47,74,0.88,4,0,0
43,2,407,407,76,88,0.87,4,0,0
43,3,684,161,86,46,0.84,4,0,0
43,4,812,178,90,45,0.82,4,0,0
43,5,297,298,91,59,0.80,4,0,0
43,6,500,206,48,69,0.79,4,0,0
43,7,217,116,62,52,0.79,4,0,0
43,8,16,208,100,45,0.78,4,0,0
43,9,1232,385,47,48,0.76,4,0,0
43,10,158,146,59,51,0.73,4,0,0
43,11,802,237,98,45,0.70,4,0,0
43,12,1246,461,33,54,0.65,4,0,0
43,13,439,133,42,60,0.51,4,0,0
43,14,494,127,13,29,0.32,1,0,0
43,15,438,133,43,60,0.30,6,0,0
43,16,568,206,21,29,0.30,10,0,0
43,17,735,626,82,92,0.29,4,0,0
43,18,424,213,47,74,0.88,11,0,0
43,19,407,407,76,88,0.87,11,0,0
43,20,684,161,86,46,0.84,11,0,0
43,21,812,178,90,45,0.82,11,0,0
43,22,297,298,91,59,0.80,11,0,0
43,23,500,206,48,69,0.79,11,0,0
43,24,217,116,62,52,0.79,11,0,0
43,25,16,208,100,45,0.78,11,0,0
43,26,1232,385,47,48,0.76,11,0,0
43,27,158,146,59,51,0.73,11,0,0
43,28,802,237,98,45,0.70,11,0,0
43,29,1246,461,33,54,0.65,11,0,0
43,30,439,133,42,60,0.51,11,0,0
43,31,561,44,13,24,0.51,11,0,0
43,32,590,44,12,29,0.41,11,0,0
43,33,494,127,13,29,0.32,11,0,0
43,34,651,45,12,23,0.30,11,0,0
43,35,438,133,43,60,0.30,11,0,0
43,36,568,206,21,29,0.30,11,0,0
43,37,832,35,14,42,0.30,11,0,0
43,38,735,626,82,92,0.29,11,0,0
44,1,400,402,78,86,0.87,4,0,0
44,2,684,162,87,46,0.84,4,0,0
44,3,498,200,49,69,0.84,4,0,0
44,4,422,218,49,74,0.83,4,0,0
44,5,813,180,90,44,0.82,4,0,0
44,6,14,209,101,45,0.79,4,0,0
44,7,218,117,61,53,0.79,4,0,0
44,8,1234,388,45,47,0.74,4,0,0
44,9,270,296,104,60,0.74,4,0,0
44,10,796,239,97,45,0.72,4,0,0
44,11,157,147,59,52,0.69,4,0,0
44,12,1247,464,32,56,0.67,4,0,0
44,13,490,126,13,32,0.47,1,0,0
44,14,437,140,43,58,0.38,4,0,0
44,15,735,629,76,91,0.38,4,0,0
44,16,707,260,13,31,0.37,1,0,0
44,17,572,207,22,33,0.37,10,0,0
44,18,437,140,43,59,0.29,6,0,0
44,19,279,251,15,32,0.27,1,0,0
44,20,756,398,15,34,0.26,1,0,0
44,21,400,402,78,86,0.87,11,0,0
44,22,684,162,87,46,0.84,11,0,0
44,23,498,200,49,69,0.84,11,0,0
44,24,422,218,49,74,0.83,11,0,0
44,25,813,180,90,44,0.82,11,0,0
44,26,14,209,101,45,0.79,11,0,0
44,27,218,117,61,53,0.79,11,0,0
44,28,1234,388,45,47,0.74,11,0,0
44,29,270,296,104,60,0.74,11,0,0
44,30,796,239,97,45,0.72,11,0,0
44,31,157,147,59,52,0.69,11,0,0
44,32,1247,464,32,56,0.67,11,0,0
44,33,562,45,12,25,0.57,11,0,0
44,34,591,45,12,27,0.49,11,0,0
44,35,490,126,13,32,0.47,11,0,0
44,36,437,140,43,58,0.38,11,0,0
44,37,735,629,76,91,0.38,11,0,0
44,38,707,260,13,31,0.37,11,0,0
44,39,572,207,22,33,0.37,11,0,0
44,40,652,47,12,22,0.31,11,0,0
44,41,437,140,43,59,0.29,11,0,0
44,42,279,251,15,32,0.27,11,0,0
44,43,756,398,15,34,0.26,11,0,0
45,1,392,399,80,83,0.88,4,0,0
45,2,422,223,48,75,0.88,4,0,0
45,3,684,163,87,48,0.84,4,0,0
45,4,254,294,106,61,0.84,4,0,0
45,5,218,119,60,53,0.80,4,0,0
45,6,789,241,99,45,0.80,4,0,0
45,7,13,211,101,46,0.80,4,0,0
45,8,499,196,45,66,0.80,4,0,0
45,9,813,182,91,45,0.77,4,0,0
45,10,1235,391,44,47,0.74,4,0,0
45,11,435,145,44,60,0.69,4,0,0
45,12,1249,468,30,54,0.66,4,0,0
45,13,156,148,59,52,0.66,4,0,0
45,14,487,128,12,29,0.42,1,0,0
45,15,756,404,16,31,0.38,1,0,0
45,16,567,189,30,54,0.30,10,0,0
45,17,706,259,14,30,0.29,1,0,0
45,18,392,399,80,83,0.88,11,0,0
45,19,422,223,48,75,0.88,11,0,0
45,20,684,163,87,48,0.84,11,0,0
45,21,254,294,106,61,0.84,11,0,0
45,22,218,119,60,53,0.80,11,0,0
45,23,789,241,99,45,0.80,11,0,0
45,24,13,211,101,46,0.80,11,0,0
45,25,499,196,45,66,0.80,11,0,0
45,26,813,182,91,45,0.77,11,0,0
45,27,1235,391,44,47,0.74,11,0,0
45,28,435,145,44,60,0.69,11,0,0
45,29,1249,468,30,54,0.66,11,0,0
45,30,156,148,59,52,0.66,11,0,0
45,31,487,128,12,29,0.42,11,0,0
45,32,756,404,16,31,0.38,11,0,0
45,33,562,48,12,23,0.38,11,0,0
45,34,591,47,12,25,0.33,11,0,0
45,35,567,189,30,54,0.30,11,0,0
45,36,706,259,14,30,0.29,11,0,0
45,37,653,48,11,23,0.25,11,0,0
46,1,421,228,50,76,0.89,4,0,0
46,2,384,392,82,83,0.88,4,0,0
46,3,814,183,91,46,0.85,4,0,0
46,4,685,164,87,47,0.84,4,0,0
46,5,13,212,100,46,0.81,4,0,0
46,6,218,121,61,51,0.80,4,0,0
46,7,785,242,98,46,0.77,4,0,0
46,8,435,149,44,61,0.75,4,0,0
46,9,239,288,104,63,0.72,4,0,0
46,10,502,189,42,67,0.71,4,0,0
46,11,154,149,61,53,0.71,4,0,0
46,12,1238,394,41,46,0.69,4,0,0
46,13,1253,469,26,53,0.58,4,0,0
46,14,737,636,58,83,0.51,4,0,0
46,15,481,130,13,29,0.49,1,0,0
46,16,755,414,16,30,0.37,1,0,0
46,17,486,624,52,94,0.33,4,0,0
46,18,707,258,13,27,0.30,1,0,0
46,19,611,125,13,25,0.27,1,0,0
46,20,572,193,29,57,0.26,4,0,0
46,21,421,228,50,76,0.89,11,0,0
46,22,384,392,82,83,0.88,11,0,0
46,23,814,183,91,46,0.85,11,0,0
46,24,685,164,87,47,0.84,11,0,0
46,25,13,212,100,46,0.81,11,0,0
46,26,218,121,61,51,0.80,11,0,0
46,27,785,242,98,46,0.77,11,0,0
46,28,435,149,44,61,0.75,11,0,0
46,29,239,288,104,63,0.72,11,0,0
46,30,502,189,42,67,0.71,11,0,0
46,31,154,149,61,53,0.71,11,0,0
46,32,1238,394,41,46,0.69,11,0,0
46,33,1253,469,26,53,0.58,11,0,0
46,34,737,636,58,83,0.51,11,0,0
46,35,481,130,13,29,0.49,11,0,0
46,36,562,47,12,24,0.43,11,0,0
46,37,755,414,16,30,0.37,11,0,0
46,38,591,48,12,23,0.35,11,0,0
46,39,486,624,52,94,0.33,11,0,0
46,40,486,625,51,93,0.31,11,0,0
46,41,707,258,13,27,0.30,11,0,0
46,42,611,125,13,25,0.27,11,0,0
46,43,572,193,29,57,0.26,11,0,0
47,1,373,387,83,81,0.90,4,0,0
47,2,420,232,50,77,0.88,4,0,0
47,3,815,184,91,46,0.85,4,0,0
47,4,686,165,87,47,0.84,4,0,0
47,5,13,213,100,46,0.79,4,0,0
47,6,218,122,61,52,0.79,4,0,0
47,7,434,155,45,61,0.77,4,0,0
47,8,780,245,99,46,0.72,4,0,0
47,9,503,184,40,65,0.71,4,0,0
47,10,238,287,87,58,0.70,4,0,0
47,11,154,150,60,54,0.70,4,0,0
47,12,1241,395,38,46,0.65,4,0,0
47,13,476,131,15,27,0.47,1,0,0
47,14,1255,472,24,53,0.44,4,0,0
47,15,1006,262,45,40,0.40,4,0,0
47,16,486,618,50,97,0.31,4,0,0
47,17,739,640,55,79,0.30,4,0,0
47,18,756,418,15,30,0.30,1,0,0
47,19,373,387,83,81,0.90,11,0,0
47,20,420,232,50,77,0.88,11,0,0
47,21,815,184,91,46,0.85,11,0,0
47,22,686,165,87,47,0.84,11,0,0
47,23,13,213,100,46,0.79,11,0,0
47,24,218,122,61,52,0.79,11,0,0
47,25,434,155,45,61,0.77,11,0,0
47,26,780,245,99,46,0.72,11,0,0
47,27,503,184,40,65,0.71,11,0,0
47,28,238,287,87,58,0.70,11,0,0
47,29,154,150,60,54,0.70,11,0,0
47,30,1241,395,38,46,0.65,11,0,0
47,31,562,47,13,26,0.53,11,0,0
47,32,476,131,15,27,0.47,11,0,0
47,33,486,617,51,98,0.45,11,0,0
47,34,1255,472,24,53,0.44,11,0,0
47,35,1006,262,45,40,0.40,11,0,0
47,36,591,47,13,24,0.37,11,0,0
47,37,486,618,50,97,0.31,11,0,0
47,38,739,640,55,79,0.30,11,0,0
47,39,756,418,15,30,0.30,11,0,0
48,1,365,381,85,81,0.91,4,0,0
48,2,420,238,50,77,0.89,4,0,0
48,3,816,185,91,46,0.86,4,0,0
48,4,686,167,88,46,0.84,4,0,0
48,5,503,176,40,67,0.81,4,0,0
48,6,12,215,100,46,0.80,4,0,0
48,7,207,287,102,59,0.79,4,0,0
48,8,215,122,63,53,0.79,4,0,0
48,9,154,151,60,54,0.75,4,0,0
48,10,1243,397,36,46,0.69,4,0,0
48,11,433,158,46,65,0.65,4,0,0
48,12,777,245,96,45,0.53,4,0,0
48,13,1257,475,22,52,0.51,4,0,0
48,14,756,421,16,34,0.42,1,0,0
48,15,472,132,14,27,0.33,1,0,0
48,16,277,265,17,31,0.32,1,0,0
48,17,484,612,51,96,0.31,4,0,0
48,18,610,114,13,31,0.29,1,0,0
48,19,979,278,15,30,0.28,1,0,0
48,20,739,643,57,75,0.27,4,0,0
48,21,591,41,14,31,0.27,1,0,0
48,22,869,433,14,30,0.25,1,0,0
48,23,365,381,85,81,0.91,11,0,0
48,24,420,238,50,77,0.89,11,0,0
48,25,816,185,91,46,0.86,11,0,0
48,26,686,167,88,46,0.84,11,0,0
48,27,503,176,40,67,0.81,11,0,0
48,28,12,215,100,46,0.80,11,0,0
48,29,207,287,102,59,0.79,11,0,0
48,30,215,122,63,53,0.79,11,0,0
48,31,154,151,60,54,0.75,11,0,0
48,32,1243,397,36,46,0.69,11,0,0
48,33,433,158,46,65,0.65,11,0,0
48,34,777,245,96,45,0.53,11,0,0
48,35,1257,475,22,52,0.51,11,0,0
48,36,756,421,16,34,0.42,11,0,0
48,37,562,50,14,23,0.39,11,0,0
48,38,485,612,51,97,0.36,11,0,0
48,39,472,132,14,27,0.33,11,0,0
48,40,277,265,17,31,0.32,11,0,0
48,41,484,612,51,96,0.31,11,0,0
48,42,610,114,13,31,0.29,11,0,0
48,43,979,278,15,30,0.28,11,0,0
48,44,739,643,57,75,0.27,11,0,0
48,45,591,41,14,31,0.27,11,0,0
48,46,869,433,14,30,0.25,11,0,0
49,1,360,380,87,78,0.89,4,0,0
49,2,419,240,51,79,0.88,4,0,0
49,3,816,186,91,47,0.86,4,0,0
49,4,687,167,87,48,0.85,4,0,0
49,5,502,175,41,66,0.81,4,0,0
49,6,194,286,104,59,0.81,4,0,0
49,7,215,123,63,53,0.80,4,0,0
49,8,154,152,60,53,0.79,4,0,0
49,9,11,216,100,47,0.79,4,0,0
49,10,1244,398,35,47,0.72,4,0,0
49,11,433,162,44,63,0.70,4,0,0
49,12,1258,479,21,50,0.52,4,0,0
49,13,773,246,98,45,0.47,4,0,0
49,14,1014,266,50,41,0.45,4,0,0
49,15,592,233,22,31,0.37,10,0,0
49,16,469,132,14,28,0.34,1,0,0
49,17,483,610,53,94,0.29,4,0,0
49,18,591,41,14,32,0.26,1,0,0
49,19,756,424,17,34,0.25,1,0,0
49,20,360,380,87,78,0.89,11,0,0
49,21,419,240,51,79,0.88,11,0,0
49,22,816,186,91,47,0.86,11,0,0
49,23,687,167,87,48,0.85,11,0,0
49,24,502,175,41,66,0.81,11,0,0
49,25,194,286,104,59,0.81,11,0,0
49,26,215,123,63,53,0.80,11,0,0
49,27,154,152,60,53,0.79,11,0,0
49,28,11,216,100,47,0.79,11,0,0
49,29,1244,398,35,47,0.72,11,0,0
49,30,433,162,44,63,0.70,11,0,0
49,31,1258,479,21,50,0.52,11,0,0
49,32,773,246,98,45,0.47,11,0,0
49,33,1014,266,50,41,0.45,11,0,0
49,34,592,233,22,31,0.37,11,0,0
49,35,469,132,14,28,0.34,11,0,0
49,36,484,609,53,95,0.31,11,0,0
49,37,483,610,53,94,0.29,11,0,0
49,38,562,50,14,24,0.26,11,0,0
49,39,591,41,14,32,0.26,11,0,0
49,40,756,424,17,34,0.25,11,0,0
50,1,419,245,51,78,0.88,4,0,0
50,2,348,375,90,79,0.85,4,0,0
50,3,688,169,87,46,0.84,4,0,0
50,4,503,171,41,65,0.81,4,0,0
50,5,153,153,61,54,0.79,4,0,0
50,6,11,217,100,48,0.79,4,0,0
50,7,817,188,91,47,0.77,4,0,0
50,8,174,286,116,58,0.75,4,0,0
50,9,215,124,63,53,0.75,4,0,0
50,10,1246,402,33,44,0.73,4,0,0
50,11,432,165,44,65,0.69,4,0,0
50,12,769,248,98,45,0.57,4,0,0
50,13,1261,484,18,46,0.51,4,0,0
50,14,466,134,12,27,0.36,1,0,0
50,15,481,605,54,92,0.31,4,0,0
50,16,741,649,56,69,0.29,4,0,0
50,17,1014,271,49,44,0.29,4,0,0
50,18,756,429,16,36,0.29,1,0,0
50,19,419,245,51,78,0.88,11,0,0
50,20,348,375,90,79,0.85,11,0,0
50,21,688,169,87,46,0.84,11,0,0
50,22,503,171,41,65,0.81,11,0,0
50,23,153,153,61,54,0.79,11,0,0
50,24,11,217,100,48,0.79,11,0,0
50,25,817,188,91,47,0.77,11,0,0
50,26,174,286,116,58,0.75,11,0,0
50,27,215,124,63,53,0.75,11,0,0
50,28,1246,402,33,44,0.73,11,0,0
50,29,432,165,44,65,0.69,11,0,0
50,30,769,248,98,45,0.57,11,0,0
50,31,1261,484,18,46,0.51,11,0,0
50,32,563,52,13,24,0.37,11,0,0
50,33,466,134,12,27,0.36,11,0,0
50,34,481,605,54,92,0.33,11,0,0
50,35,481,605,54,92,0.31,11,0,0
50,36,741,649,56,69,0.29,11,0,0
50,37,1014,271,49,44,0.29,11,0,0
50,38,756,429,16,36,0.29,11,0,0
51,1,337,372,92,76,0.90,4,0,0
51,2,418,251,51,79,0.88,4,0,0
51,3,504,165,41,64,0.83,4,0,0
51,4,217,127,61,52,0.83,4,0,0
51,5,688,171,87,47,0.82,4,0,0
51,6,153,155,60,54,0.81,4,0,0
51,7,817,190,93,47,0.79,4,0,0
51,8,9,220,101,47,0.79,4,0,0
51,9,431,171,45,65,0.76,4,0,0
51,10,765,252,98,43,0.73,4,0,0
51,11,1248,405,31,43,0.72,4,0,0
51,12,174,286,87,57,0.69,4,0,0
51,13,1263,488,16,42,0.52,4,0,0
51,14,602,245,25,30,0.40,10,0,0
51,15,479,600,55,92,0.38,4,0,0
51,16,593,215,21,32,0.37,1,0,0
51,17,755,439,17,33,0.34,1,0,0
51,18,461,135,12,28,0.29,1,0,0
51,19,742,653,55,66,0.29,4,0,0
51,20,337,372,92,76,0.90,11,0,0
51,21,418,251,51,79,0.88,11,0,0
51,22,504,165,41,64,0.83,11,0,0
51,23,217,127,61,52,0.83,11,0,0
51,24,688,171,87,47,0.82,11,0,0
51,25,153,155,60,54,0.81,11,0,0
51,26,817,190,93,47,0.79,11,0,0
51,27,9,220,101,47,0.79,11,0,0
51,28,431,171,45,65,0.76,11,0,0
51,29,765,252,98,43,0.73,11,0,0
51,30,1248,405,31,43,0.72,11,0,0
51,31,174,286,87,57,0.69,11,0,0
51,32,1263,488,16,42,0.52,11,0,0
51,33,563,54,14,24,0.41,11,0,0
51,34,602,245,25,30,0.40,11,0,0
51,35,479,600,55,92,0.38,11,0,0
51,36,592,52,13,26,0.38,11,0,0
51,37,593,215,21,32,0.37,11,0,0
51,38,755,439,17,33,0.34,11,0,0
51,39,461,135,12,28,0.29,11,0,0
51,40,742,653,55,66,0.29,11,0,0
52,1,325,369,93,73,0.90,4,0,0
52,2,417,257,52,79,0.86,4,0,0
52,3,504,161,45,64,0.85,4,0,0
52,4,137,286,110,56,0.84,4,0,0
52,5,217,129,61,52,0.83,4,0,0
52,6,431,176,44,65,0.83,4,0,0
52,7,688,174,88,45,0.83,4,0,0
52,8,152,157,61,53,0.81,4,0,0
52,9,818,192,93,47,0.80,4,0,0
52,10,9,222,100,46,0.80,4,0,0
52,11,1250,407,29,44,0.72,4,0,0
52,12,760,255,98,43,0.70,4,0,0
52,13,608,252,24,29,0.47,10,0,0
52,14,1266,493,13,39,0.45,4,0,0
52,15,478,594,55,92,0.42,4,0,0
52,16,457,137,12,26,0.41,1,0,0
52,17,738,212,14,32,0.39,1,0,0
52,18,479,2,32,44,0.38,4,0,0
52,19,743,658,55,61,0.33,4,0,0
52,20,598,222,22,33,0.31,1,0,0
52,21,607,108,11,23,0.27,1,0,0
52,22,756,446,16,33,0.26,1,0,0
52,23,325,369,93,73,0.90,11,0,0
52,24,417,257,52,79,0.86,11,0,0
52,25,504,161,45,64,0.85,11,0,0
52,26,137,286,110,56,0.84,11,0,0
52,27,217,129,61,52,0.83,11,0,0
52,28,431,176,44,65,0.83,11,0,0
52,29,688,174,88,45,0.83,11,0,0
52,30,152,157,61,53,0.81,11,0,0
52,31,818,192,93,47,0.80,11,0,0
52,32,9,222,100,46,0.80,11,0,0
52,33,1250,407,29,44,0.72,11,0,0
52,34,760,255,98,43,0.70,11,0,0
52,35,608,252,24,29,0.47,11,0,0
52,36,1266,493,13,39,0.45,11,0,0
52,37,478,594,55,92,0.42,11,0,0
52,38,457,137,12,26,0.41,11,0,0
52,39,738,212,14,32,0.39,11,0,0
52,40,479,2,32,44,0.38,11,0,0
52,41,592,55,14,24,0.37,11,0,0
52,42,743,658,55,61,0.33,11,0,0
52,43,598,222,22,33,0.31,11,0,0
52,44,607,108,11,23,0.27,11,0,0
52,45,756,446,16,33,0.26,11,0,0
53,1,313,367,94,69,0.89,4,0,0
53,2,417,262,51,81,0.87,4,0,0
53,3,819,194,92,48,0.84,4,0,0
53,4,690,176,87,46,0.84,4,0,0
53,5,214,130,63,53,0.83,4,0,0
53,6,151,159,62,54,0.82,4,0,0
53,7,506,158,43,63,0.80,4,0,0
53,8,7,225,102,46,0.79,4,0,0
53,9,430,179,44,68,0.76,4,0,0
53,10,755,258,99,42,0.66,4,0,0
53,11,134,287,95,54,0.64,4,0,0
53,12,1253,411,26,43,0.57,4,0,0
53,13,479,6,32,45,0.49,4,0,0
53,14,475,591,59,95,0.43,4,0,0
53,15,604,229,21,30,0.41,1,0,0
53,16,1267,499,12,34,0.40,4,0,0
53,17,756,450,17,37,0.32,1,0,0
53,18,612,257,26,33,0.31,10,0,0
53,19,744,663,54,56,0.30,4,0,0
53,20,313,367,94,69,0.89,11,0,0
53,21,417,262,51,81,0.87,11,0,0
53,22,819,194,92,48,0.84,11,0,0
53,23,690,176,87,46,0.84,11,0,0
53,24,214,130,63,53,0.83,11,0,0
53,25,151,159,62,54,0.82,11,0,0
53,26,506,158,43,63,0.80,11,0,0
53,27,7,225,102,46,0.79,11,0,0
53,28,430,179,44,68,0.76,11,0,0
53,29,755,258,99,42,0.66,11,0,0
53,30,134,287,95,54,0.64,11,0,0
53,31,1253,411,26,43,0.57,11,0,0
53,32,479,6,32,45,0.49,11,0,0
53,33,475,591,59,95,0.43,11,0,0
53,34,604,229,21,30,0.41,11,0,0
53,35,1267,499,12,34,0.40,11,0,0
53,36,756,450,17,37,0.32,11,0,0
53,37,612,257,26,33,0.31,11,0,0
53,38,744,663,54,56,0.30,11,0,0
54,1,416,269,51,82,0.87,4,0,0
54,2,299,367,98,64,0.86,4,0,0
54,3,819,197,94,47,0.85,4,0,0
54,4,151,160,61,56,0.82,4,0,0
54,5,690,178,87,48,0.81,4,0,0
54,6,210,130,67,56,0.79,4,0,0
54,7,506,152,47,65,0.79,4,0,0
54,8,6,226,102,48,0.79,4,0,0
54,9,97,287,109,56,0.78,4,0,0
54,10,430,187,42,66,0.78,4,0,0
54,11,751,259,98,43,0.71,4,0,0
54,12,478,9,32,49,0.61,4,0,0
54,13,1255,414,24,45,0.60,4,0,0
54,14,469,588,64,98,0.59,4,0,0
54,15,416,269,51,82,0.87,11,0,0
54,16,299,367,98,64,0.86,11,0,0
54,17,819,197,94,47,0.85,11,0,0
54,18,151,160,61,56,0.82,11,0,0
54,19,690,178,87,48,0.81,11,0,0
54,20,210,130,67,56,0.79,11,0,0
54,21,506,152,47,65,0.79,11,0,0
54,22,6,226,102,48,0.79,11,0,0
54,23,97,287,109,56,0.78,11,0,0
54,24,430,187,42,66,0.78,11,0,0
54,25,751,259,98,43,0.71,11,0,0
54,26,478,9,32,49,0.61,11,0,0
54,27,1255,414,24,45,0.60,11,0,0
54,28,469,588,64,98,0.59,11,0,0
54,29,594,60,12,23,0.40,11,0,0
54,30,564,61,14,22,0.28,11,0,0
55,1,414,276,53,82,0.88,4,0,0
55,2,286,363,98,63,0.87,4,0,0
55,3,820,199,94,47,0.85,4,0,0
55,4,429,192,44,67,0.82,4,0,0
55,5,150,163,60,55,0.81,4,0,0
55,6,3,229,103,48,0.79,4,0,0
55,7,209,132,68,56,0.79,4,0,0
55,8,689,181,89,48,0.78,4,0,0
55,9,508,149,47,64,0.78,4,0,0
55,10,79,289,104,54,0.75,4,0,0
55,11,747,261,98,43,0.72,4,0,0
55,12,476,14,34,50,0.70,4,0,0
55,13,1257,419,22,44,0.63,4,0,0
55,14,464,584,67,98,0.60,4,0,0
55,15,623,260,85,45,0.36,4,0,0
55,16,414,276,53,82,0.88,11,0,0
55,17,286,363,98,63,0.87,11,0,0
55,18,820,199,94,47,0.85,11,0,0
55,19,429,192,44,67,0.82,11,0,0
55,20,150,163,60,55,0.81,11,0,0
55,21,3,229,103,48,0.79,11,0,0
55,22,209,132,68,56,0.79,11,0,0
55,23,689,181,89,48,0.78,11,0,0
55,24,508,149,47,64,0.78,11,0,0
55,25,79,289,104,54,0.75,11,0,0
55,26,747,261,98,43,0.72,11,0,0
55,27,476,14,34,50,0.70,11,0,0
55,28,1257,419,22,44,0.63,11,0,0
55,29,464,584,67,98,0.60,11,0,0
55,30,594,62,13,23,0.58,11,0,0
55,31,565,62,13,23,0.54,11,0,0
55,32,623,260,85,45,0.36,11,0,0
56,1,270,361,101,63,0.89,4,0,0
56,2,413,282,54,84,0.88,4,0,0
56,3,821,202,94,47,0.85,4,0,0
56,4,149,166,61,54,0.82,4,0,0
56,5,3,232,102,48,0.82,4,0,0
56,6,690,183,88,48,0.81,4,0,0
56,7,211,136,65,55,0.78,4,0,0
56,8,509,145,46,64,0.77,4,0,0
56,9,428,197,45,67,0.77,4,0,0
56,10,59,290,103,56,0.76,4,0,0
56,11,743,264,98,43,0.76,4,0,0
56,12,475,18,35,52,0.59,4,0,0
56,13,1260,422,19,43,0.56,4,0,0
56,14,460,580,69,97,0.50,4,0,0
56,15,633,280,27,29,0.49,10,0,0
56,16,757,474,16,37,0.30,1,0,0
56,17,625,253,20,26,0.29,1,0,0
56,18,1071,309,18,32,0.26,1,0,0
56,19,270,361,101,63,0.89,11,0,0
56,20,413,282,54,84,0.88,11,0,0
56,21,821,202,94,47,0.85,11,0,0
56,22,149,166,61,54,0.82,11,0,0
56,23,3,232,102,48,0.82,11,0,0
56,24,690,183,88,48,0.81,11,0,0
56,25,211,136,65,55,0.78,11,0,0
56,26,509,145,46,64,0.77,11,0,0
56,27,428,197,45,67,0.77,11,0,0
56,28,59,290,103,56,0.76,11,0,0
56,29,743,264,98,43,0.76,11,0,0
56,30,594,64,13,23,0.67,11,0,0
56,31,565,63,13,24,0.66,11,0,0
56,32,475,18,35,52,0.59,11,0,0
56,33,1260,422,19,43,0.56,11,0,0
56,34,460,580,69,97,0.50,11,0,0
56,35,633,280,27,29,0.49,11,0,0
56,36,657,65,12,23,0.32,11,0,0
56,37,757,474,16,37,0.30,11,0,0
56,38,625,253,20,26,0.29,11,0,0
56,39,1071,309,18,32,0.26,11,0,0
57,1,263,362,100,60,0.89,4,0,0
57,2,412,286,54,83,0.87,4,0,0
57,3,148,168,61,54,0.83,4,0,0
57,4,821,203,94,48,0.82,4,0,0
57,5,690,184,88,48,0.81,4,0,0
57,6,1,233,103,49,0.81,4,0,0
57,7,427,200,46,68,0.79,4,0,0
57,8,740,265,98,45,0.78,4,0,0
57,9,52,292,97,54,0.78,4,0,0
57,10,209,137,66,56,0.77,4,0,0
57,11,510,144,46,63,0.74,4,0,0
57,12,475,22,34,52,0.52,4,0,0
57,13,1261,426,18,41,0.49,4,0,0
57,14,636,283,27,30,0.45,10,0,0
57,15,457,578,71,97,0.40,4,0,0
57,16,676,241,50,36,0.26,4,0,0
57,17,263,362,100,60,0.89,11,0,0
57,18,412,286,54,83,0.87,11,0,0
57,19,148,168,61,54,0.83,11,0,0
57,20,821,203,94,48,0.82,11,0,0
57,21,690,184,88,48,0.81,11,0,0
57,22,1,233,103,49,0.81,11,0,0
57,23,427,200,46,68,0.79,11,0,0
57,24,740,265,98,45,0.78,11,0,0
57,25,52,292,97,54,0.78,11,0,0
57,26,209,137,66,56,0.77,11,0,0
57,27,510,144,46,63,0.74,11,0,0
57,28,564,64,14,24,0.56,11,0,0
57,29,475,22,34,52,0.52,11,0,0
57,30,593,65,14,24,0.51,11,0,0
57,31,1261,426,18,41,0.49,11,0,0
57,32,636,283,27,30,0.45,11,0,0
57,33,457,578,71,97,0.40,11,0,0
57,34,676,241,50,36,0.26,11,0,0
57,35,657,66,12,23,0.25,11,0,0
58,1,411,292,55,84,0.88,4,0,0
58,2,249,360,101,59,0.84,4,0,0
58,3,427,205,46,68,0.84,4,0,0
58,4,822,206,94,47,0.82,4,0,0
58,5,0,236,103,49,0.81,4,0,0
58,6,690,186,89,50,0.79,4,0,0
58,7,147,169,61,56,0.79,4,0,0
58,8,207,138,67,57,0.78,4,0,0
58,9,473,28,36,52,0.76,4,0,0
58,10,17,294,110,53,0.73,4,0,0
58,11,736,267,96,47,0.70,4,0,0
58,12,511,142,47,61,0.70,4,0,0
58,13,1264,430,15,39,0.52,4,0,0
58,14,450,574,73,95,0.45,4,0,0
58,15,1068,198,149,59,0.31,6,0,0
58,16,411,292,55,84,0.88,11,0,0
58,17,249,360,101,59,0.84,11,0,0
58,18,427,205,46,68,0.84,11,0,0
58,19,822,206,94,47,0.82,11,0,0
58,20,0,236,103,49,0.81,11,0,0
58,21,690,186,89,50,0.79,11,0,0
58,22,147,169,61,56,0.79,11,0,0
58,23,207,138,67,57,0.78,11,0,0
58,24,473,28,36,52,0.76,11,0,0
58,25,17,294,110,53,0.73,11,0,0
58,26,736,267,96,47,0.70,11,0,0
58,27,511,142,47,61,0.70,11,0,0
58,28,1264,430,15,39,0.52,11,0,0
58,29,450,574,73,95,0.45,11,0,0
58,30,565,67,13,25,0.42,11,0,0
58,31,593,66,14,26,0.38,11,0,0
58,32,1068,198,149,59,0.31,11,0,0
59,1,410,300,54,84,0.88,4,0,0
59,2,232,359,105,59,0.87,4,0,0
59,3,823,208,94,47,0.84,4,0,0
59,4,0,239,103,49,0.82,4,0,0
59,5,426,211,46,68,0.82,4,0,0
59,6,691,189,89,49,0.80,4,0,0
59,7,207,141,66,56,0.80,4,0,0
59,8,1,296,109,54,0.80,4,0,0
59,9,731,268,98,48,0.76,4,0,0
59,10,443,571,77,95,0.75,4,0,0
59,11,146,172,61,55,0.73,4,0,0
59,12,472,35,37,51,0.69,4,0,0
59,13,512,137,47,62,0.67,4,0,0
59,14,1266,435,13,37,0.46,4,0,0
59,15,268,315,17,34,0.37,1,0,0
59,16,603,125,14,30,0.26,1,0,0
59,17,1084,327,20,35,0.26,1,0,0
59,18,410,300,54,84,0.88,11,0,0
59,19,232,359,105,59,0.87,11,0,0
59,20,823,208,94,47,0.84,11,0,0
59,21,0,239,103,49,0.82,11,0,0
59,22,426,211,46,68,0.82,11,0,0
59,23,691,189,89,49,0.80,11,0,0
59,24,207,141,66,56,0.80,11,0,0
59,25,1,296,109,54,0.80,11,0,0
59,26,731,268,98,48,0.76,11,0,0
59,27,443,571,77,95,0.75,11,0,0
59,28,146,172,61,55,0.73,11,0,0
59,29,472,35,37,51,0.69,11,0,0
59,30,512,137,47,62,0.67,11,0,0
59,31,1266,435,13,37,0.46,11,0,0
59,32,564,70,14,25,0.38,11,0,0
59,33,268,315,17,34,0.37,11,0,0
59,34,657,71,13,24,0.33,11,0,0
59,35,593,69,14,24,0.30,11,0,0
59,36,603,125,14,30,0.26,11,0,0
59,37,1084,327,20,35,0.26,11,0,0
60,1,408,307,55,86,0.88,4,0,0
60,2,217,359,102,57,0.84,4,0,0
60,3,691,192,90,48,0.83,4,0,0
60,4,825,211,93,48,0.82,4,0,0
60,5,0,301,84,53,0.82,4,0,0
60,6,209,145,63,54,0.80,4,0,0
60,7,425,215,46,72,0.80,4,0,0
60,8,0,242,100,49,0.80,4,0,0
60,9,145,175,61,55,0.75,4,0,0
60,10,725,272,100,46,0.69,4,0,0
60,11,435,570,80,93,0.66,4,0,0
60,12,513,135,47,61,0.60,4,0,0
60,13,471,39,37,55,0.50,4,0,0
60,14,602,126,14,30,0.48,1,0,0
60,15,1268,440,11,36,0.38,4,0,0
60,16,415,161,13,23,0.26,1,0,0
60,17,408,307,55,86,0.88,11,0,0
60,18,217,359,102,57,0.84,11,0,0
60,19,691,192,90,48,0.83,11,0,0
60,20,825,211,93,48,0.82,11,0,0
60,21,0,301,84,53,0.82,11,0,0
60,22,209,145,63,54,0.80,11,0,0
60,23,425,215,46,72,0.80,11,0,0
60,24,0,242,100,49,0.80,11,0,0
60,25,145,175,61,55,0.75,11,0,0
60,26,725,272,100,46,0.69,11,0,0
60,27,435,570,80,93,0.66,11,0,0
60,28,513,135,47,61,0.60,11,0,0
60,29,471,39,37,55,0.50,11,0,0
60,30,602,126,14,30,0.48,11,0,0
60,31,564,72,14,25,0.41,11,0,0
60,32,1268,440,11,36,0.38,11,0,0
60,33,594,72,13,24,0.38,11,0,0
60,34,415,161,13,23,0.26,11,0,0
61,1,407,315,55,86,0.88,4,0,0
61,2,825,215,94,48,0.83,4,0,0
61,3,429,571,81,92,0.83,4,0,0
61,4,201,357,103,56,0.82,4,0,0
61,5,0,246,99,50,0.82,4,0,0
61,6,0,303,59,53,0.81,4,0,0
61,7,691,195,90,47,0.79,4,0,0
61,8,144,178,61,56,0.77,4,0,0
61,9,720,275,100,49,0.76,4,0,0
61,10,514,133,46,60,0.74,4,0,0
61,11,206,146,66,57,0.74,4,0,0
61,12,424,220,46,73,0.73,4,0,0
61,13,469,48,36,54,0.67,4,0,0
61,14,265,326,16,35,0.32,1,0,0
61,15,407,315,55,86,0.88,11,0,0
61,16,825,215,94,48,0.83,11,0,0
61,17,429,571,81,92,0.83,11,0,0
61,18,201,357,103,56,0.82,11,0,0
61,19,0,246,99,50,0.82,11,0,0
61,20,0,303,59,53,0.81,11,0,0
61,21,691,195,90,47,0.79,11,0,0
61,22,144,178,61,56,0.77,11,0,0
61,23,720,275,100,49,0.76,11,0,0
61,24,514,133,46,60,0.74,11,0,0
61,25,206,146,66,57,0.74,11,0,0
61,26,424,220,46,73,0.73,11,0,0
61,27,469,48,36,54,0.67,11,0,0
61,28,565,76,13,23,0.47,11,0,0
61,29,594,75,13,24,0.43,11,0,0
61,30,658,77,12,24,0.40,11,0,0
61,31,265,326,16,35,0.32,11,0,0
62,1,406,323,56,88,0.87,4,0,0
62,2,188,357,102,58,0.82,4,0,0
62,3,826,218,95,47,0.82,4,0,0
62,4,423,227,48,72,0.81,4,0,0
62,5,516,129,47,62,0.80,4,0,0
62,6,692,198,89,49,0.77,4,0,0
62,7,143,182,61,55,0.76,4,0,0
62,8,0,249,97,50,0.76,4,0,0
62,9,468,55,38,55,0.75,4,0,0
62,10,715,281,99,48,0.73,4,0,0
62,11,423,571,83,92,0.68,4,0,0
62,12,0,308,34,56,0.57,4,0,0
62,13,205,149,66,57,0.56,4,0,0
62,14,406,323,56,88,0.87,11,0,0
62,15,188,357,102,58,0.82,11,0,0
62,16,826,218,95,47,0.82,11,0,0
62,17,423,227,48,72,0.81,11,0,0
62,18,516,129,47,62,0.80,11,0,0
62,19,692,198,89,49,0.77,11,0,0
62,20,143,182,61,55,0.76,11,0,0
62,21,0,249,97,50,0.76,11,0,0
62,22,468,55,38,55,0.75,11,0,0
62,23,715,281,99,48,0.73,11,0,0
62,24,423,571,83,92,0.68,11,0,0
62,25,594,78,12,25,0.61,11,0,0
62,26,0,308,34,56,0.57,11,0,0
62,27,205,149,66,57,0.56,11,0,0
62,28,565,79,13,24,0.47,11,0,0
62,29,658,80,12,22,0.32,11,0,0
63,1,404,330,57,89,0.90,4,0,0
63,2,422,231,47,76,0.83,4,0,0
63,3,826,222,95,47,0.80,4,0,0
63,4,417,573,85,92,0.78,4,0,0
63,5,517,127,48,61,0.76,4,0,0
63,6,170,356,106,53,0.76,4,0,0
63,7,712,282,96,52,0.75,4,0,0
63,8,0,253,96,49,0.74,4,0,0
63,9,690,201,92,48,0.73,4,0,0
63,10,140,185,63,56,0.71,4,0,0
63,11,206,152,65,57,0.68,4,0,0
63,12,466,62,37,56,0.67,4,0,0
63,13,601,118,12,26,0.40,1,0,0
63,14,404,330,57,89,0.90,11,0,0
63,15,422,231,47,76,0.83,11,0,0
63,16,826,222,95,47,0.80,11,0,0
63,17,417,573,85,92,0.78,11,0,0
63,18,517,127,48,61,0.76,11,0,0
63,19,170,356,106,53,0.76,11,0,0
63,20,712,282,96,52,0.75,11,0,0
63,21,0,253,96,49,0.74,11,0,0
63,22,690,201,92,48,0.73,11,0,0
63,23,140,185,63,56,0.71,11,0,0
63,24,206,152,65,57,0.68,11,0,0
63,25,466,62,37,56,0.67,11,0,0
63,26,594,81,12,25,0.43,11,0,0
63,27,601,118,12,26,0.40,11,0,0
63,28,565,83,12,23,0.33,11,0,0
64,1,403,338,57,89,0.89,4,0,0
64,2,827,224,96,49,0.85,4,0,0
64,3,420,239,48,74,0.82,4,0,0
64,4,155,358,105,52,0.80,4,0,0
64,5,0,257,95,49,0.76,4,0,0
64,6,411,576,89,95,0.75,4,0,0
64,7,690,204,93,50,0.73,4,0,0
64,8,519,124,48,61,0.72,4,0,0
64,9,465,69,37,58,0.71,4,0,0
64,10,703,284,99,58,0.69,4,0,0
64,11,140,187,61,57,0.66,4,0,0
64,12,205,154,64,58,0.65,4,0,0
64,13,600,116,13,29,0.47,1,0,0
64,14,1012,359,15,28,0.32,1,0,0
64,15,1105,360,19,30,0.27,1,0,0
64,16,403,338,57,89,0.89,11,0,0
64,17,827,224,96,49,0.85,11,0,0
64,18,420,239,48,74,0.82,11,0,0
64,19,155,358,105,52,0.80,11,0,0
64,20,0,257,95,49,0.76,11,0,0
64,21,411,576,89,95,0.75,11,0,0
64,22,690,204,93,50,0.73,11,0,0
64,23,519,124,48,61,0.72,11,0,0
64,24,465,69,37,58,0.71,11,0,0
64,25,703,284,99,58,0.69,11,0,0
64,26,140,187,61,57,0.66,11,0,0
64,27,205,154,64,58,0.65,11,0,0
64,28,600,116,13,29,0.47,11,0,0
64,29,1012,359,15,28,0.32,11,0,0
64,30,1105,360,19,30,0.27,11,0,0
65,1,402,341,58,91,0.89,4,0,0
65,2,828,226,95,48,0.83,4,0,0
65,3,146,357,108,52,0.83,4,0,0
65,4,419,241,49,77,0.82,4,0,0
65,5,139,188,62,58,0.80,4,0,0
65,6,519,123,50,60,0.77,4,0,0
65,7,409,579,89,94,0.76,4,0,0
65,8,0,258,94,50,0.74,4,0,0
65,9,205,156,64,58,0.71,4,0,0
65,10,691,206,92,50,0.70,4,0,0
65,11,464,72,39,59,0.69,4,0,0
65,12,701,286,100,57,0.67,4,0,0
65,13,428,0,34,40,0.45,4,0,0
65,14,600,115,14,32,0.38,1,0,0
65,15,402,341,58,91,0.89,11,0,0
65,16,828,226,95,48,0.83,11,0,0
65,17,146,357,108,52,0.83,11,0,0
65,18,419,241,49,77,0.82,11,0,0
65,19,139,188,62,58,0.80,11,0,0
65,20,519,123,50,60,0.77,11,0,0
65,21,409,579,89,94,0.76,11,0,0
65,22,0,258,94,50,0.74,11,0,0
65,23,205,156,64,58,0.71,11,0,0
65,24,691,206,92,50,0.70,11,0,0
65,25,464,72,39,59,0.69,11,0,0
65,26,701,286,100,57,0.67,11,0,0
65,27,428,0,34,40,0.45,11,0,0
65,28,600,115,14,32,0.38,11,0,0
65,29,594,85,13,25,0.29,11,0,0
66,1,401,349,58,90,0.89,4,0,0
66,2,828,230,97,48,0.84,4,0,0
66,3,693,209,91,50,0.80,4,0,0
66,4,697,288,107,59,0.80,4,0,0
66,5,138,192,62,57,0.80,4,0,0
66,6,463,82,39,58,0.80,4,0,0
66,7,418,248,49,77,0.79,4,0,0
66,8,405,583,92,96,0.77,4,0,0
66,9,522,121,48,60,0.77,4,0,0
66,10,127,357,106,51,0.76,4,0,0
66,11,0,263,93,50,0.76,4,0,0
66,12,202,159,66,58,0.74,4,0,0
66,13,425,0,35,50,0.49,4,0,0
66,14,401,349,58,90,0.89,11,0,0
66,15,828,230,97,48,0.84,11,0,0
66,16,693,209,91,50,0.80,11,0,0
66,17,697,288,107,59,0.80,11,0,0
66,18,138,192,62,57,0.80,11,0,0
66,19,463,82,39,58,0.80,11,0,0
66,20,418,248,49,77,0.79,11,0,0
66,21,405,583,92,96,0.77,11,0,0
66,22,522,121,48,60,0.77,11,0,0
66,23,127,357,106,51,0.76,11,0,0
66,24,0,263,93,50,0.76,11,0,0
66,25,202,159,66,58,0.74,11,0,0
66,26,425,0,35,50,0.49,11,0,0
66,27,593,89,13,24,0.30,11,0,0
66,28,565,89,12,26,0.28,11,0,0
67,1,400,356,59,92,0.89,4,0,0
67,2,829,233,97,49,0.85,4,0,0
67,3,460,88,41,60,0.80,4,0,0
67,4,693,212,91,50,0.80,4,0,0
67,5,417,254,49,78,0.80,4,0,0
67,6,0,266,89,50,0.78,4,0,0
67,7,136,194,63,58,0.78,4,0,0
67,8,403,588,92,97,0.77,4,0,0
67,9,523,119,49,61,0.76,4,0,0
67,10,200,161,67,59,0.71,4,0,0
67,11,124,359,98,51,0.70,4,0,0
67,12,424,2,34,55,0.63,4,0,0
67,13,689,290,101,50,0.52,4,0,0
67,14,670,225,14,31,0.31,1,0,0
67,15,400,356,59,92,0.89,11,0,0
67,16,829,233,97,49,0.85,11,0,0
67,17,460,88,41,60,0.80,11,0,0
67,18,693,212,91,50,0.80,11,0,0
67,19,417,254,49,78,0.80,11,0,0
67,20,0,266,89,50,0.78,11,0,0
67,21,136,194,63,58,0.78,11,0,0
67,22,403,588,92,97,0.77,11,0,0
67,23,523,119,49,61,0.76,11,0,0
67,24,200,161,67,59,0.71,11,0,0
67,25,124,359,98,51,0.70,11,0,0
67,26,424,2,34,55,0.63,11,0,0
67,27,689,290,101,50,0.52,11,0,0
67,28,565,92,12,27,0.49,11,0,0
67,29,594,91,13,27,0.46,11,0,0
67,30,659,94,13,23,0.43,11,0,0
67,31,670,225,14,31,0.31,11,0,0
68,1,398,362,59,93,0.90,4,0,0
68,2,830,237,97,48,0.84,4,0,0
68,3,416,260,49,79,0.83,4,0,0
68,4,95,359,109,54,0.82,4,0,0
68,5,694,215,91,51,0.82,4,0,0
68,6,401,594,93,98,0.81,4,0,0
68,7,135,198,63,58,0.81,4,0,0
68,8,458,97,42,60,0.80,4,0,0
68,9,0,270,89,49,0.79,4,0,0
68,10,525,117,49,61,0.77,4,0,0
68,11,685,292,97,51,0.74,4,0,0
68,12,195,163,70,61,0.73,4,0,0
68,13,420,9,36,56,0.68,4,0,0
68,14,1007,350,19,31,0.39,1,0,0
68,15,792,322,15,33,0.35,1,0,0
68,16,704,559,29,54,0.35,4,0,0
68,17,736,343,21,25,0.29,1,0,0
68,18,398,362,59,93,0.90,11,0,0
68,19,830,237,97,48,0.84,11,0,0
68,20,416,260,49,79,0.83,11,0,0
68,21,95,359,109,54,0.82,11,0,0
68,22,694,215,91,51,0.82,11,0,0
68,23,401,594,93,98,0.81,11,0,0
68,24,135,198,63,58,0.81,11,0,0
68,25,458,97,42,60,0.80,11,0,0
68,26,0,270,89,49,0.79,11,0,0
68,27,525,117,49,61,0.77,11,0,0
68,28,685,292,97,51,0.74,11,0,0
68,29,195,163,70,61,0.73,11,0,0
68,30,420,9,36,56,0.68,11,0,0
68,31,594,95,13,24,0.52,11,0,0
68,32,565,95,12,25,0.50,11,0,0
68,33,660,96,11,23,0.48,11,0,0
68,34,1007,350,19,31,0.39,11,0,0
68,35,792,322,15,33,0.35,11,0,0
68,36,704,559,29,54,0.35,11,0,0
68,37,736,343,21,25,0.29,11,0,0
69,1,398,369,58,94,0.90,4,0,0
69,2,693,218,92,48,0.82,4,0,0
69,3,80,362,109,54,0.82,4,0,0
69,4,830,240,98,49,0.80,4,0,0
69,5,415,267,50,79,0.79,4,0,0
69,6,0,273,87,50,0.79,4,0,0
69,7,400,599,94,97,0.77,4,0,0
69,8,457,104,41,59,0.76,4,0,0
69,9,132,200,65,58,0.76,4,0,0
69,10,418,17,36,56,0.71,4,0,0
69,11,195,167,70,60,0.70,4,0,0
69,12,527,116,47,60,0.65,4,0,0
69,13,678,295,100,51,0.63,4,0,0
69,14,661,224,14,30,0.51,1,0,0
69,15,398,369,58,94,0.90,11,0,0
69,16,693,218,92,48,0.82,11,0,0
69,17,80,362,109,54,0.82,11,0,0
69,18,830,240,98,49,0.80,11,0,0
69,19,415,267,50,79,0.79,11,0,0
69,20,0,273,87,50,0.79,11,0,0
69,21,400,599,94,97,0.77,11,0,0
69,22,457,104,41,59,0.76,11,0,0
69,23,132,200,65,58,0.76,11,0,0
69,24,418,17,36,56,0.71,11,0,0
69,25,195,167,70,60,0.70,11,0,0
69,26,527,116,47,60,0.65,11,0,0
69,27,678,295,100,51,0.63,11,0,0
69,28,594,97,13,25,0.56,11,0,0
69,29,661,224,14,30,0.51,11,0,0
69,30,660,99,12,24,0.40,11,0,0
69,31,565,98,12,24,0.35,11,0,0
70,1,396,372,59,95,0.89,4,0,0
70,2,831,240,97,49,0.83,4,0,0
70,3,694,219,92,48,0.81,4,0,0
70,4,400,598,94,98,0.77,4,0,0
70,5,0,274,84,49,0.77,4,0,0
70,6,66,360,107,56,0.75,4,0,0
70,7,414,266,50,84,0.73,4,0,0
70,8,416,19,35,58,0.69,4,0,0
70,9,192,166,72,61,0.69,4,0,0
70,10,454,106,42,59,0.69,4,0,0
70,11,132,200,63,60,0.68,4,0,0
70,12,528,113,45,62,0.52,4,0,0
70,13,699,292,75,50,0.49,4,0,0
70,14,396,372,59,95,0.89,11,0,0
70,15,831,240,97,49,0.83,11,0,0
70,16,694,219,92,48,0.81,11,0,0
70,17,400,598,94,98,0.77,11,0,0
70,18,0,274,84,49,0.77,11,0,0
70,19,66,360,107,56,0.75,11,0,0
70,20,414,266,50,84,0.73,11,0,0
70,21,416,19,35,58,0.69,11,0,0
70,22,192,166,72,61,0.69,11,0,0
70,23,454,106,42,59,0.69,11,0,0
70,24,132,200,63,60,0.68,11,0,0
70,25,528,113,45,62,0.52,11,0,0
70,26,699,292,75,50,0.49,11,0,0
70,27,595,95,13,28,0.41,11,0,0
70,28,660,99,12,25,0.26,11,0,0
71,1,396,333,59,92,0.88,4,0,0
71,2,413,232,50,77,0.85,4,0,0
71,3,401,560,91,92,0.83,4,0,0
71,4,697,178,91,56,0.78,4,0,0
71,5,125,160,66,60,0.75,4,0,0
71,6,834,200,99,50,0.74,4,0,0
71,7,451,76,43,67,0.73,4,0,0
71,8,0,232,80,51,0.71,4,0,0
71,9,43,316,107,49,0.71,4,0,0
71,10,191,125,70,61,0.68,4,0,0
71,11,531,63,48,65,0.49,4,0,0
71,12,675,217,20,34,0.35,1,0,0
71,13,671,251,100,58,0.32,4,0,0
71,14,396,333,59,92,0.88,11,0,0
71,15,413,232,50,77,0.85,11,0,0
71,16,401,560,91,92,0.83,11,0,0
71,17,697,178,91,56,0.78,11,0,0
71,18,125,160,66,60,0.75,11,0,0
71,19,834,200,99,50,0.74,11,0,0
71,20,451,76,43,67,0.73,11,0,0
71,21,0,232,80,51,0.71,11,0,0
71,22,43,316,107,49,0.71,11,0,0
71,23,191,125,70,61,0.68,11,0,0
71,24,531,63,48,65,0.49,11,0,0
71,25,675,217,20,34,0.35,11,0,0
71,26,671,251,100,58,0.32,11,0,0
72,1,396,331,59,94,0.89,4,0,0
72,2,412,226,50,80,0.83,4,0,0
72,3,835,192,100,50,0.81,4,0,0
72,4,697,169,91,50,0.81,4,0,0
72,5,397,556,95,94,0.80,4,0,0
72,6,0,227,78,49,0.79,4,0,0
72,7,664,247,104,53,0.78,4,0,0
72,8,125,152,66,59,0.77,4,0,0
72,9,31,309,104,48,0.77,4,0,0
72,10,450,70,42,66,0.77,4,0,0
72,11,188,118,71,60,0.76,4,0,0
72,12,752,213,21,35,0.61,1,0,0
72,13,534,46,46,64,0.45,4,0,0
72,14,672,206,29,33,0.37,1,0,0
72,15,0,213,11,37,0.31,4,0,0
72,16,410,0,36,34,0.29,4,0,0
72,17,396,331,59,94,0.89,11,0,0
72,18,412,226,50,80,0.83,11,0,0
72,19,835,192,100,50,0.81,11,0,0
72,20,697,169,91,50,0.81,11,0,0
72,21,397,556,95,94,0.80,11,0,0
72,22,0,227,78,49,0.79,11,0,0
72,23,664,247,104,53,0.78,11,0,0
72,24,125,152,66,59,0.77,11,0,0
72,25,31,309,104,48,0.77,11,0,0
72,26,450,70,42,66,0.77,11,0,0
72,27,188,118,71,60,0.76,11,0,0
72,28,752,213,21,35,0.61,11,0,0
72,29,862,40,15,38,0.51,11,0,0
72,30,662,46,13,24,0.48,11,0,0
72,31,534,46,46,64,0.45,11,0,0
72,32,672,206,29,33,0.37,11,0,0
72,33,0,213,11,37,0.31,11,0,0
72,34,410,0,36,34,0.29,11,0,0
73,1,394,333,60,94,0.88,4,0,0
73,2,412,227,51,82,0.86,4,0,0
73,3,395,557,95,94,0.83,4,0,0
73,4,697,170,92,51,0.82,4,0,0
73,5,0,228,78,50,0.81,4,0,0
73,6,836,193,99,50,0.81,4,0,0
73,7,24,308,95,49,0.80,4,0,0
73,8,125,153,65,60,0.76,4,0,0
73,9,188,119,69,60,0.76,4,0,0
73,10,449,75,43,67,0.75,4,0,0
73,11,661,248,103,52,0.74,4,0,0
73,12,753,214,20,35,0.59,1,0,0
73,13,536,46,45,61,0.56,4,0,0
73,14,408,0,37,39,0.48,4,0,0
73,15,861,109,13,26,0.34,1,0,0
73,16,699,497,29,55,0.31,4,0,0
73,17,672,207,30,32,0.26,1,0,0
73,18,1038,368,18,36,0.25,1,0,0
73,19,1024,336,20,37,0.25,1,0,0
73,20,394,333,60,94,0.88,11,0,0
73,21,412,227,51,82,0.86,11,0,0
73,22,395,557,95,94,0.83,11,0,0
73,23,697,170,92,51,0.82,11,0,0
73,24,0,228,78,50,0.81,11,0,0
73,25,836,193,99,50,0.81,11,0,0
73,26,24,308,95,49,0.80,11,0,0
73,27,125,153,65,60,0.76,11,0,0
73,28,188,119,69,60,0.76,11,0,0
73,29,449,75,43,67,0.75,11,0,0
73,30,661,248,103,52,0.74,11,0,0
73,31,753,214,20,35,0.59,11,0,0
73,32,536,46,45,61,0.56,11,0,0
73,33,408,0,37,39,0.48,11,0,0
73,34,863,39,15,40,0.44,11,0,0
73,35,662,47,13,25,0.44,11,0,0
73,36,861,109,13,26,0.34,11,0,0
73,37,699,497,29,55,0.31,11,0,0
73,38,672,207,30,32,0.26,11,0,0
73,39,1038,368,18,36,0.25,11,0,0
73,40,1024,336,20,37,0.25,11,0,0
74,1,394,340,59,96,0.88,4,0,0
74,2,697,175,94,49,0.88,4,0,0
74,3,836,197,100,50,0.87,4,0,0
74,4,122,156,66,61,0.86,4,0,0
74,5,411,233,51,81,0.85,4,0,0
74,6,391,564,96,93,0.84,4,0,0
74,7,0,231,77,52,0.83,4,0,0
74,8,654,249,105,54,0.81,4,0,0
74,9,187,121,70,61,0.79,4,0,0
74,10,447,85,43,70,0.77,4,0,0
74,11,6,310,98,48,0.76,4,0,0
74,12,537,47,45,59,0.71,4,0,0
74,13,753,217,22,37,0.60,1,0,0
74,14,404,0,41,50,0.55,4,0,0
74,15,866,116,11,27,0.27,1,0,0
74,16,394,340,59,96,0.88,11,0,0
74,17,697,175,94,49,0.88,11,0,0
74,18,836,197,100,50,0.87,11,0,0
74,19,122,156,66,61,0.86,11,0,0
74,20,411,233,51,81,0.85,11,0,0
74,21,391,564,96,93,0.84,11,0,0
74,22,0,231,77,52,0.83,11,0,0
74,23,654,249,105,54,0.81,11,0,0
74,24,187,121,70,61,0.79,11,0,0
74,25,447,85,43,70,0.77,11,0,0
74,26,6,310,98,48,0.76,11,0,0
74,27,537,47,45,59,0.71,11,0,0
74,28,753,217,22,37,0.60,11,0,0
74,29,404,0,41,50,0.55,11,0,0
74,30,866,116,11,27,0.27,11,0,0
75,1,392,345,60,98,0.89,4,0,0
75,2,697,177,94,51,0.87,4,0,0
75,3,122,159,65,60,0.86,4,0,0
75,4,836,200,100,51,0.85,4,0,0
75,5,410,236,50,84,0.85,4,0,0
75,6,387,569,96,92,0.84,4,0,0
75,7,650,251,103,55,0.83,4,0,0
75,8,0,234,74,51,0.82,4,0,0
75,9,187,123,69,62,0.82,4,0,0
75,10,445,93,43,69,0.81,4,0,0
75,11,0,313,83,45,0.80,4,0,0
75,12,402,0,41,56,0.76,4,0,0
75,13,538,45,57,59,0.57,4,0,0
75,14,753,219,23,39,0.49,1,0,0
75,15,694,499,32,52,0.39,4,0,0
75,16,869,120,11,28,0.35,1,0,0
75,17,394,102,14,34,0.33,1,0,0
75,18,1040,373,20,44,0.28,1,0,0
75,19,392,345,60,98,0.89,11,0,0
75,20,697,177,94,51,0.87,11,0,0
75,21,122,159,65,60,0.86,11,0,0
75,22,836,200,100,51,0.85,11,0,0
75,23,410,236,50,84,0.85,11,0,0
75,24,387,569,96,92,0.84,11,0,0
75,25,650,251,103,55,0.83,11,0,0
75,26,0,234,74,51,0.82,11,0,0
75,27,187,123,69,62,0.82,11,0,0
75,28,445,93,43,69,0.81,11,0,0
75,29,0,313,83,45,0.80,11,0,0
75,30,402,0,41,56,0.76,11,0,0
75,31,538,45,57,59,0.57,11,0,0
75,32,753,219,23,39,0.49,11,0,0
75,33,694,499,32,52,0.39,11,0,0
75,34,869,120,11,28,0.35,11,0,0
75,35,394,102,14,34,0.33,11,0,0
75,36,1040,373,20,44,0.28,11,0,0
76,1,391,351,60,97,0.88,4,0,0
76,2,442,103,46,69,0.85,4,0,0
76,3,183,126,72,62,0.84,4,0,0
76,4,698,180,93,51,0.84,4,0,0
76,5,837,202,99,51,0.83,4,0,0
76,6,645,252,102,56,0.83,4,0,0
76,7,409,242,50,82,0.83,4,0,0
76,8,0,237,72,51,0.82,4,0,0
76,9,121,162,65,60,0.82,4,0,0
76,10,381,570,98,95,0.81,4,0,0
76,11,0,315,62,50,0.80,4,0,0
76,12,400,2,41,63,0.75,4,0,0
76,13,690,499,33,51,0.50,4,0,0
76,14,540,44,62,59,0.39,4,0,0
76,15,753,224,20,36,0.35,1,0,0
76,16,1019,330,27,58,0.27,1,0,0
76,17,389,112,16,34,0.27,1,0,0
76,18,391,351,60,97,0.88,11,0,0
76,19,442,103,46,69,0.85,11,0,0
76,20,183,126,72,62,0.84,11,0,0
76,21,698,180,93,51,0.84,11,0,0
76,22,837,202,99,51,0.83,11,0,0
76,23,645,252,102,56,0.83,11,0,0
76,24,409,242,50,82,0.83,11,0,0
76,25,0,237,72,51,0.82,11,0,0
76,26,121,162,65,60,0.82,11,0,0
76,27,381,570,98,95,0.81,11,0,0
76,28,0,315,62,50,0.80,11,0,0
76,29,400,2,41,63,0.75,11,0,0
76,30,690,499,33,51,0.50,11,0,0
76,31,540,44,62,59,0.39,11,0,0
76,32,753,224,20,36,0.35,11,0,0
76,33,862,52,18,42,0.35,11,0,0
76,34,1019,330,27,58,0.27,11,0,0
76,35,389,112,16,34,0.27,11,0,0
77,1,390,357,61,97,0.88,4,0,0
77,2,441,112,46,70,0.86,4,0,0
77,3,837,205,100,51,0.85,4,0,0
77,4,408,244,51,84,0.83,4,0,0
77,5,181,128,72,63,0.82,4,0,0
77,6,119,165,65,61,0.82,4,0,0
77,7,640,254,100,55,0.81,4,0,0
77,8,398,8,42,64,0.81,4,0,0
77,9,0,241,71,50,0.80,4,0,0
77,10,697,183,94,51,0.80,4,0,0
77,11,375,574,97,93,0.77,4,0,0
77,12,0,323,41,43,0.63,4,0,0
77,13,684,497,35,51,0.62,4,0,0
77,14,753,227,20,36,0.43,1,0,0
77,15,542,43,64,58,0.39,4,0,0
77,16,876,128,11,29,0.38,1,0,0
77,17,1020,334,28,60,0.31,1,0,0
77,18,1024,592,25,50,0.29,1,0,0
77,19,390,357,61,97,0.88,11,0,0
77,20,441,112,46,70,0.86,11,0,0
77,21,837,205,100,51,0.85,11,0,0
77,22,408,244,51,84,0.83,11,0,0
77,23,181,128,72,63,0.82,11,0,0
77,24,119,165,65,61,0.82,11,0,0
77,25,640,254,100,55,0.81,11,0,0
77,26,398,8,42,64,0.81,11,0,0
77,27,0,241,71,50,0.80,11,0,0
77,28,697,183,94,51,0.80,11,0,0
77,29,375,574,97,93,0.77,11,0,0
77,30,0,323,41,43,0.63,11,0,0
77,31,684,497,35,51,0.62,11,0,0
77,32,753,227,20,36,0.43,11,0,0
77,33,661,59,14,25,0.40,11,0,0
77,34,542,43,64,58,0.39,11,0,0
77,35,876,128,11,29,0.38,11,0,0
77,36,1020,334,28,60,0.31,11,0,0
77,37,1024,592,25,50,0.29,11,0,0
77,38,862,55,19,42,0.26,11,0,0
78,1,389,362,61,98,0.88,4,0,0
78,2,365,581,100,88,0.86,4,0,0
78,3,838,208,100,51,0.85,4,0,0
78,4,0,244,70,52,0.84,4,0,0
78,5,439,121,46,72,0.84,4,0,0
78,6,407,248,50,85,0.83,4,0,0
78,7,697,185,94,52,0.82,4,0,0
78,8,178,131,75,63,0.82,4,0,0
78,9,635,253,100,57,0.82,4,0,0
78,10,396,17,42,65,0.81,4,0,0
78,11,118,168,65,60,0.74,4,0,0
78,12,0,330,20,38,0.61,4,0,0
78,13,678,496,37,49,0.58,4,0,0
78,14,751,230,23,36,0.46,1,0,0
78,15,544,42,61,56,0.39,4,0,0
78,16,880,132,12,29,0.37,1,0,0
78,17,384,136,13,25,0.28,1,0,0
78,18,389,362,61,98,0.88,11,0,0
78,19,365,581,100,88,0.86,11,0,0
78,20,838,208,100,51,0.85,11,0,0
78,21,0,244,70,52,0.84,11,0,0
78,22,439,121,46,72,0.84,11,0,0
78,23,407,248,50,85,0.83,11,0,0
78,24,697,185,94,52,0.82,11,0,0
78,25,178,131,75,63,0.82,11,0,0
78,26,635,253,100,57,0.82,11,0,0
78,27,396,17,42,65,0.81,11,0,0
78,28,118,168,65,60,0.74,11,0,0
78,29,0,330,20,38,0.61,11,0,0
78,30,678,496,37,49,0.58,11,0,0
78,31,751,230,23,36,0.46,11,0,0
78,32,661,61,14,25,0.41,11,0,0
78,33,544,42,61,56,0.39,11,0,0
78,34,880,132,12,29,0.37,11,0,0
78,35,384,136,13,25,0.28,11,0,0
79,1,388,366,60,99,0.91,4,0,0
79,2,407,252,51,84,0.85,4,0,0
79,3,0,247,69,52,0.84,4,0,0
79,4,698,187,94,52,0.82,4,0,0
79,5,839,211,101,50,0.82,4,0,0
79,6,436,129,46,72,0.82,4,0,0
79,7,631,254,98,57,0.81,4,0,0
79,8,354,585,104,84,0.81,4,0,0
79,9,178,133,75,63,0.81,4,0,0
79,10,394,24,42,65,0.77,4,0,0
79,11,116,168,67,63,0.73,4,0,0
79,12,545,40,57,56,0.51,4,0,0
79,13,672,494,38,48,0.50,4,0,0
79,14,752,231,22,37,0.37,1,0,0
79,15,884,137,11,27,0.32,1,0,0
79,16,1032,368,19,34,0.32,1,0,0
79,17,1021,341,21,32,0.32,1,0,0
79,18,388,366,60,99,0.91,11,0,0
79,19,407,252,51,84,0.85,11,0,0
79,20,0,247,69,52,0.84,11,0,0
79,21,698,187,94,52,0.82,11,0,0
79,22,839,211,101,50,0.82,11,0,0
79,23,436,129,46,72,0.82,11,0,0
79,24,631,254,98,57,0.81,11,0,0
79,25,354,585,104,84,0.81,11,0,0
79,26,178,133,75,63,0.81,11,0,0
79,27,394,24,42,65,0.77,11,0,0
79,28,116,168,67,63,0.73,11,0,0
79,29,545,40,57,56,0.51,11,0,0
79,30,672,494,38,48,0.50,11,0,0
79,31,752,231,22,37,0.37,11,0,0
79,32,662,64,13,24,0.33,11,0,0
79,33,884,137,11,27,0.32,11,0,0
79,34,1032,368,19,34,0.32,11,0,0
79,35,1021,341,21,32,0.32,11,0,0
80,1,388,370,60,100,0.90,4,0,0
80,2,406,255,51,83,0.86,4,0,0
80,3,434,138,47,72,0.85,4,0,0
80,4,0,249,68,51,0.85,4,0,0
80,5,625,253,100,58,0.83,4,0,0
80,6,698,190,94,51,0.83,4,0,0
80,7,179,135,73,63,0.80,4,0,0
80,8,391,32,43,66,0.79,4,0,0
80,9,839,213,101,49,0.76,4,0,0
80,10,344,588,106,81,0.73,4,0,0
80,11,116,170,66,63,0.72,4,0,0
80,12,666,493,42,46,0.56,4,0,0
80,13,547,38,58,57,0.53,4,0,0
80,14,388,370,60,100,0.90,11,0,0
80,15,406,255,51,83,0.86,11,0,0
80,16,434,138,47,72,0.85,11,0,0
80,17,0,249,68,51,0.85,11,0,0
80,18,625,253,100,58,0.83,11,0,0
80,19,698,190,94,51,0.83,11,0,0
80,20,179,135,73,63,0.80,11,0,0
80,21,391,32,43,66,0.79,11,0,0
80,22,839,213,101,49,0.76,11,0,0
80,23,344,588,106,81,0.73,11,0,0
80,24,116,170,66,63,0.72,11,0,0
80,25,666,493,42,46,0.56,11,0,0
80,26,547,38,58,57,0.53,11,0,0
80,27,662,65,14,24,0.29,11,0,0
81,1,387,373,62,99,0.88,4,0,0
81,2,0,250,67,51,0.85,4,0,0
81,3,406,258,51,83,0.85,4,0,0
81,4,698,191,94,51,0.83,4,0,0
81,5,434,142,46,73,0.83,4,0,0
81,6,179,135,72,63,0.81,4,0,0
81,7,624,253,96,58,0.81,4,0,0
81,8,839,214,102,51,0.79,4,0,0
81,9,389,36,45,66,0.77,4,0,0
81,10,338,591,108,78,0.76,4,0,0
81,11,115,172,67,62,0.72,4,0,0
81,12,548,37,59,57,0.55,4,0,0
81,13,663,490,42,48,0.53,4,0,0
81,14,387,373,62,99,0.88,11,0,0
81,15,0,250,67,51,0.85,11,0,0
81,16,406,258,51,83,0.85,11,0,0
81,17,698,191,94,51,0.83,11,0,0
81,18,434,142,46,73,0.83,11,0,0
81,19,179,135,72,63,0.81,11,0,0
81,20,624,253,96,58,0.81,11,0,0
81,21,839,214,102,51,0.79,11,0,0
81,22,389,36,45,66,0.77,11,0,0
81,23,338,591,108,78,0.76,11,0,0
81,24,115,172,67,62,0.72,11,0,0
81,25,548,37,59,57,0.55,11,0,0
81,26,663,490,42,48,0.53,11,0,0
82,1,386,377,62,101,0.90,4,0,0
82,2,433,147,44,76,0.87,4,0,0
82,3,405,259,52,84,0.86,4,0,0
82,4,0,252,67,52,0.85,4,0,0
82,5,387,44,44,67,0.84,4,0,0
82,6,619,251,95,59,0.83,4,0,0
82,7,178,136,73,63,0.82,4,0,0
82,8,698,192,94,51,0.82,4,0,0
82,9,840,216,101,51,0.76,4,0,0
82,10,114,173,67,63,0.72,4,0,0
82,11,324,595,105,74,0.67,4,0,0
82,12,551,36,56,58,0.59,4,0,0
82,13,667,228,36,27,0.29,4,0,0
82,14,656,486,45,48,0.28,4,0,0
82,15,386,377,62,101,0.90,11,0,0
82,16,433,147,44,76,0.87,11,0,0
82,17,405,259,52,84,0.86,11,0,0
82,18,0,252,67,52,0.85,11,0,0
82,19,387,44,44,67,0.84,11,0,0
82,20,619,251,95,59,0.83,11,0,0
82,21,178,136,73,63,0.82,11,0,0
82,22,698,192,94,51,0.82,11,0,0
82,23,840,216,101,51,0.76,11,0,0
82,24,114,173,67,63,0.72,11,0,0
82,25,324,595,105,74,0.67,11,0,0
82,26,551,36,56,58,0.59,11,0,0
82,27,667,228,36,27,0.29,11,0,0
82,28,656,486,45,48,0.28,11,0,0
83,1,386,380,61,102,0.90,4,0,0
83,2,431,156,47,74,0.85,4,0,0
83,3,404,262,53,84,0.85,4,0,0
83,4,0,253,66,52,0.84,4,0,0
83,5,697,194,95,52,0.82,4,0,0
83,6,614,251,95,58,0.81,4,0,0
83,7,175,136,76,66,0.80,4,0,0
83,8,840,218,101,51,0.80,4,0,0
83,9,384,52,46,69,0.79,4,0,0
83,10,114,174,67,63,0.69,4,0,0
83,11,552,35,57,58,0.61,4,0,0
83,12,311,603,108,63,0.50,4,0,0
83,13,648,483,47,47,0.39,4,0,0
83,14,897,152,13,28,0.35,1,0,0
83,15,386,380,61,102,0.90,11,0,0
83,16,431,156,47,74,0.85,11,0,0
83,17,404,262,53,84,0.85,11,0,0
83,18,0,253,66,52,0.84,11,0,0
83,19,697,194,95,52,0.82,11,0,0
83,20,614,251,95,58,0.81,11,0,0
83,21,175,136,76,66,0.80,11,0,0
83,22,840,218,101,51,0.80,11,0,0
83,23,384,52,46,69,0.79,11,0,0
83,24,114,174,67,63,0.69,11,0,0
83,25,552,35,57,58,0.61,11,0,0
83,26,311,603,108,63,0.50,11,0,0
83,27,648,483,47,47,0.39,11,0,0
83,28,897,152,13,28,0.35,11,0,0
83,29,661,69,15,26,0.29,11,0,0
84,1,384,385,63,101,0.90,4,0,0
84,2,404,264,52,85,0.86,4,0,0
84,3,610,249,96,61,0.85,4,0,0
84,4,0,256,64,50,0.84,4,0,0
84,5,696,195,96,52,0.81,4,0,0
84,6,175,139,74,64,0.81,4,0,0
84,7,429,163,46,73,0.79,4,0,0
84,8,381,60,47,70,0.77,4,0,0
84,9,839,220,102,50,0.77,4,0,0
84,10,113,176,67,62,0.74,4,0,0
84,11,554,35,57,61,0.48,4,0,0
84,12,295,609,112,62,0.42,4,0,0
84,13,802,265,15,27,0.38,1,0,0
84,14,274,191,10,25,0.36,1,0,0
84,15,614,141,12,24,0.26,1,0,0
84,16,384,385,63,101,0.90,11,0,0
84,17,404,264,52,85,0.86,11,0,0
84,18,610,249,96,61,0.85,11,0,0
84,19,0,256,64,50,0.84,11,0,0
84,20,696,195,96,52,0.81,11,0,0
84,21,175,139,74,64,0.81,11,0,0
84,22,429,163,46,73,0.79,11,0,0
84,23,381,60,47,70,0.77,11,0,0
84,24,839,220,102,50,0.77,11,0,0
84,25,113,176,67,62,0.74,11,0,0
84,26,554,35,57,61,0.48,11,0,0
84,27,295,609,112,62,0.42,11,0,0
84,28,802,265,15,27,0.38,11,0,0
84,29,274,191,10,25,0.36,11,0,0
84,30,661,70,14,26,0.28,11,0,0
84,31,614,141,12,24,0.26,11,0,0
85,1,384,388,63,102,0.91,4,0,0
85,2,404,266,53,86,0.87,4,0,0
85,3,427,168,48,75,0.84,4,0,0
85,4,0,257,63,52,0.83,4,0,0
85,5,607,249,94,59,0.83,4,0,0
85,6,174,141,75,64,0.82,4,0,0
85,7,840,221,101,51,0.81,4,0,0
85,8,694,197,98,51,0.80,4,0,0
85,9,113,179,65,62,0.75,4,0,0
85,10,378,69,49,68,0.69,4,0,0
85,11,295,616,99,59,0.45,4,0,0
85,12,752,243,25,33,0.41,1,0,0
85,13,799,263,19,29,0.38,1,0,0
85,14,267,193,11,28,0.38,1,0,0
85,15,905,159,12,28,0.32,1,0,0
85,16,636,478,46,46,0.31,4,0,0
85,17,355,209,15,37,0.27,1,0,0
85,18,384,388,63,102,0.91,11,0,0
85,19,404,266,53,86,0.87,11,0,0
85,20,427,168,48,75,0.84,11,0,0
85,21,0,257,63,52,0.83,11,0,0
85,22,607,249,94,59,0.83,11,0,0
85,23,174,141,75,64,0.82,11,0,0
85,24,840,221,101,51,0.81,11,0,0
85,25,694,197,98,51,0.80,11,0,0
85,26,113,179,65,62,0.75,11,0,0
85,27,378,69,49,68,0.69,11,0,0
85,28,295,616,99,59,0.45,11,0,0
85,29,752,243,25,33,0.41,11,0,0
85,30,799,263,19,29,0.38,11,0,0
85,31,267,193,11,28,0.38,11,0,0
85,32,661,73,13,25,0.36,11,0,0
85,33,905,159,12,28,0.32,11,0,0
85,34,636,478,46,46,0.31,11,0,0
85,35,355,209,15,37,0.27,11,0,0
86,1,384,391,62,103,0.91,4,0,0
86,2,404,268,53,85,0.88,4,0,0
86,3,428,173,48,74,0.85,4,0,0
86,4,604,247,96,61,0.84,4,0,0
86,5,0,258,62,52,0.83,4,0,0
86,6,840,222,102,52,0.82,4,0,0
86,7,377,77,49,68,0.82,4,0,0
86,8,696,198,96,51,0.81,4,0,0
86,9,175,142,74,64,0.80,4,0,0
86,10,113,180,65,62,0.74,4,0,0
86,11,273,620,108,64,0.53,4,0,0
86,12,798,264,20,27,0.51,1,0,0
86,13,752,244,24,33,0.38,1,0,0
86,14,631,475,45,45,0.33,4,0,0
86,15,559,33,58,50,0.28,4,0,0
86,16,222,431,19,37,0.28,1,0,0
86,17,384,391,62,103,0.91,11,0,0
86,18,404,268,53,85,0.88,11,0,0
86,19,428,173,48,74,0.85,11,0,0
86,20,604,247,96,61,0.84,11,0,0
86,21,0,258,62,52,0.83,11,0,0
86,22,840,222,102,52,0.82,11,0,0
86,23,377,77,49,68,0.82,11,0,0
86,24,696,198,96,51,0.81,11,0,0
86,25,175,142,74,64,0.80,11,0,0
86,26,113,180,65,62,0.74,11,0,0
86,27,273,620,108,64,0.53,11,0,0
86,28,798,264,20,27,0.51,11,0,0
86,29,752,244,24,33,0.38,11,0,0
86,30,662,73,13,27,0.35,11,0,0
86,31,631,475,45,45,0.33,11,0,0
86,32,559,33,58,50,0.28,11,0,0
86,33,222,431,19,37,0.28,11,0,0
87,1,384,393,63,102,0.91,4,0,0
87,2,403,268,54,85,0.86,4,0,0
87,3,604,246,96,61,0.84,4,0,0
87,4,0,259,64,52,0.84,4,0,0
87,5,429,175,49,73,0.83,4,0,0
87,6,841,223,102,51,0.81,4,0,0
87,7,693,199,101,51,0.80,4,0,0
87,8,262,624,110,68,0.79,4,0,0
87,9,174,143,75,64,0.78,4,0,0
87,10,376,81,51,70,0.78,4,0,0
87,11,113,180,66,63,0.75,4,0,0
87,12,223,433,19,38,0.44,1,0,0
87,13,798,264,21,28,0.39,1,0,0
87,14,350,223,23,41,0.39,1,0,0
87,15,561,32,60,61,0.39,4,0,0
87,16,461,0,38,15,0.31,4,0,0
87,17,384,393,63,102,0.91,11,0,0
87,18,403,268,54,85,0.86,11,0,0
87,19,604,246,96,61,0.84,11,0,0
87,20,0,259,64,52,0.84,11,0,0
87,21,429,175,49,73,0.83,11,0,0
87,22,841,223,102,51,0.81,11,0,0
87,23,693,199,101,51,0.80,11,0,0
87,24,262,624,110,68,0.79,11,0,0
87,25,174,143,75,64,0.78,11,0,0
87,26,376,81,51,70,0.78,11,0,0
87,27,113,180,66,63,0.75,11,0,0
87,28,223,433,19,38,0.44,11,0,0
87,29,798,264,21,28,0.39,11,0,0
87,30,350,223,23,41,0.39,11,0,0
87,31,561,32,60,61,0.39,11,0,0
87,32,461,0,38,15,0.31,11,0,0
88,1,416,388,64,102,0.90,4,0,0
88,2,443,259,52,84,0.87,4,0,0
88,3,635,237,89,68,0.86,4,0,0
88,4,468,169,45,72,0.86,4,0,0
88,5,880,233,103,53,0.84,4,0,0
88,6,735,202,97,54,0.84,4,0,0
88,7,223,130,71,63,0.82,4,0,0
88,8,4,238,107,52,0.79,4,0,0
88,9,411,87,50,72,0.75,4,0,0
88,10,268,612,113,74,0.74,4,0,0
88,11,161,166,63,61,0.66,4,0,0
88,12,841,264,14,25,0.59,1,0,0
88,13,387,242,18,31,0.51,1,0,0
88,14,648,463,47,49,0.46,4,0,0
88,15,718,216,14,32,0.46,1,0,0
88,16,960,176,12,31,0.41,1,0,0
88,17,1066,375,23,35,0.28,1,0,0
88,18,704,223,14,33,0.27,1,0,0
88,19,416,388,64,102,0.90,11,0,0
88,20,443,259,52,84,0.87,11,0,0
88,21,635,237,89,68,0.86,11,0,0
88,22,468,169,45,72,0.86,11,0,0
88,23,880,233,103,53,0.84,11,0,0
88,24,735,202,97,54,0.84,11,0,0
88,25,223,130,71,63,0.82,11,0,0
88,26,4,238,107,52,0.79,11,0,0
88,27,411,87,50,72,0.75,11,0,0
88,28,268,612,113,74,0.74,11,0,0
88,29,161,166,63,61,0.66,11,0,0
88,30,841,264,14,25,0.59,11,0,0
88,31,387,242,18,31,0.51,11,0,0
88,32,648,463,47,49,0.46,11,0,0
88,33,718,216,14,32,0.46,11,0,0
88,34,960,176,12,31,0.41,11,0,0
88,35,906,77,22,47,0.28,11,0,0
88,36,1066,375,23,35,0.28,11,0,0
88,37,704,223,14,33,0.27,11,0,0
89,1,420,389,66,104,0.89,4,0,0
89,2,477,169,46,72,0.87,4,0,0
89,3,450,259,52,83,0.86,4,0,0
89,4,642,234,87,69,0.86,4,0,0
89,5,888,235,105,53,0.84,4,0,0
89,6,745,203,96,55,0.84,4,0,0
89,7,13,235,110,50,0.80,4,0,0
89,8,240,130,65,60,0.78,4,0,0
89,9,421,93,52,72,0.78,4,0,0
89,10,171,163,64,61,0.77,4,0,0
89,11,267,616,109,75,0.76,4,0,0
89,12,648,462,47,45,0.63,4,0,0
89,13,622,24,59,53,0.53,4,0,0
89,14,851,265,14,28,0.52,1,0,0
89,15,396,247,18,34,0.41,1,0,0
89,16,723,218,17,35,0.38,1,0,0
89,17,1074,378,22,33,0.33,1,0,0
89,18,800,250,21,36,0.27,1,0,0
89,19,711,220,16,35,0.26,1,0,0
89,20,420,389,66,104,0.89,11,0,0
89,21,477,169,46,72,0.87,11,0,0
89,22,450,259,52,83,0.86,11,0,0
89,23,642,234,87,69,0.86,11,0,0
89,24,888,235,105,53,0.84,11,0,0
89,25,745,203,96,55,0.84,11,0,0
89,26,13,235,110,50,0.80,11,0,0
89,27,240,130,65,60,0.78,11,0,0
89,28,421,93,52,72,0.78,11,0,0
89,29,171,163,64,61,0.77,11,0,0
89,30,267,616,109,75,0.76,11,0,0
89,31,648,462,47,45,0.63,11,0,0
89,32,622,24,59,53,0.53,11,0,0
89,33,851,265,14,28,0.52,11,0,0
89,34,396,247,18,34,0.41,11,0,0
89,35,723,218,17,35,0.38,11,0,0
89,36,1074,378,22,33,0.33,11,0,0
89,37,800,250,21,36,0.27,11,0,0
89,38,711,220,16,35,0.26,11,0,0
90,1,419,391,66,104,0.89,4,0,0
90,2,643,231,82,70,0.87,4,0,0
90,3,478,168,47,73,0.87,4,0,0
90,4,450,259,53,84,0.86,4,0,0
90,5,747,203,94,54,0.84,4,0,0
90,6,889,235,104,53,0.82,4,0,0
90,7,15,233,107,53,0.82,4,0,0
90,8,418,97,53,73,0.81,4,0,0
90,9,241,129,63,61,0.80,4,0,0
90,10,250,618,117,86,0.75,4,0,0
90,11,173,162,62,60,0.74,4,0,0
90,12,646,459,44,44,0.64,4,0,0
90,13,624,20,60,56,0.52,4,0,0
90,14,852,263,14,27,0.43,1,0,0
90,15,419,391,66,104,0.89,11,0,0
90,16,643,231,82,70,0.87,11,0,0
90,17,478,168,47,73,0.87,11,0,0
90,18,450,259,53,84,0.86,11,0,0
90,19,747,203,94,54,0.84,11,0,0
90,20,889,235,104,53,0.82,11,0,0
90,21,15,233,107,53,0.82,11,0,0
90,22,418,97,53,73,0.81,11,0,0
90,23,241,129,63,61,0.80,11,0,0
90,24,250,618,117,86,0.75,11,0,0
90,25,173,162,62,60,0.74,11,0,0
90,26,646,459,44,44,0.64,11,0,0
90,27,624,20,60,56,0.52,11,0,0
90,28,852,263,14,27,0.43,11,0,0
91,1,418,393,67,105,0.89,4,0,0
91,2,641,227,81,69,0.88,4,0,0
91,3,450,259,54,84,0.87,4,0,0
91,4,414,104,56,73,0.87,4,0,0
91,5,480,168,45,72,0.86,4,0,0
91,6,246,623,113,90,0.85,4,0,0
91,7,748,202,96,55,0.85,4,0,0
91,8,16,233,107,53,0.81,4,0,0
91,9,890,235,104,53,0.81,4,0,0
91,10,242,129,64,60,0.79,4,0,0
91,11,641,452,46,45,0.76,4,0,0
91,12,173,161,62,61,0.72,4,0,0
91,13,627,19,61,56,0.59,4,0,0
91,14,851,261,17,29,0.46,1,0,0
91,15,511,0,39,39,0.37,4,0,0
91,16,1074,376,22,36,0.28,1,0,0
91,17,260,435,19,32,0.28,1,0,0
91,18,391,261,17,33,0.26,1,0,0
91,19,418,393,67,105,0.89,11,0,0
91,20,641,227,81,69,0.88,11,0,0
91,21,450,259,54,84,0.87,11,0,0
91,22,414,104,56,73,0.87,11,0,0
91,23,480,168,45,72,0.86,11,0,0
91,24,246,623,113,90,0.85,11,0,0
91,25,748,202,96,55,0.85,11,0,0
91,26,16,233,107,53,0.81,11,0,0
91,27,890,235,104,53,0.81,11,0,0
91,28,242,129,64,60,0.79,11,0,0
91,29,641,452,46,45,0.76,11,0,0
91,30,173,161,62,61,0.72,11,0,0
91,31,627,19,61,56,0.59,11,0,0
91,32,851,261,17,29,0.46,11,0,0
91,33,511,0,39,39,0.37,11,0,0
91,34,1074,376,22,36,0.28,11,0,0
91,35,260,435,19,32,0.28,11,0,0
91,36,391,261,17,33,0.26,11,0,0
92,1,426,394,66,105,0.92,4,0,0
92,2,459,258,53,85,0.87,4,0,0
92,3,756,204,95,54,0.87,4,0,0
92,4,646,224,80,69,0.86,4,0,0
92,5,243,625,116,92,0.85,4,0,0
92,6,488,166,46,73,0.84,4,0,0
92,7,419,111,56,73,0.83,4,0,0
92,8,898,237,105,54,0.83,4,0,0
92,9,27,230,105,52,0.82,4,0,0
92,10,244,123,73,64,0.81,4,0,0
92,11,181,157,63,61,0.79,4,0,0
92,12,639,447,47,45,0.77,4,0,0
92,13,639,18,60,57,0.67,4,0,0
92,14,861,261,14,27,0.27,1,0,0
92,15,1085,382,20,35,0.26,1,0,0
92,16,426,394,66,105,0.92,11,0,0
92,17,459,258,53,85,0.87,11,0,0
92,18,756,204,95,54,0.87,11,0,0
92,19,646,224,80,69,0.86,11,0,0
92,20,243,625,116,92,0.85,11,0,0
92,21,488,166,46,73,0.84,11,0,0
92,22,419,111,56,73,0.83,11,0,0
92,23,898,237,105,54,0.83,11,0,0
92,24,27,230,105,52,0.82,11,0,0
92,25,244,123,73,64,0.81,11,0,0
92,26,181,157,63,61,0.79,11,0,0
92,27,639,447,47,45,0.77,11,0,0
92,28,639,18,60,57,0.67,11,0,0
92,29,927,82,26,48,0.37,11,0,0
92,30,861,261,14,27,0.27,11,0,0
92,31,1085,382,20,35,0.26,11,0,0
93,1,450,393,69,104,0.89,4,0,0
93,2,788,208,96,59,0.83,4,0,0
93,3,674,220,78,72,0.82,4,0,0
93,4,488,258,54,82,0.78,4,0,0
93,5,520,165,48,71,0.78,4,0,0
93,6,258,622,108,96,0.78,4,0,0
93,7,930,247,108,56,0.77,4,0,0
93,8,75,214,95,52,0.73,4,0,0
93,9,447,116,60,73,0.68,4,0,0
93,10,286,116,66,61,0.66,4,0,0
93,11,226,149,55,62,0.66,4,0,0
93,12,0,339,44,57,0.64,4,0,0
93,13,655,447,49,41,0.59,4,0,0
93,14,672,16,63,59,0.51,4,0,0
93,15,546,1,43,54,0.49,4,0,0
93,16,0,209,30,36,0.34,4,0,0
93,17,450,393,69,104,0.89,11,0,0
93,18,788,208,96,59,0.83,11,0,0
93,19,674,220,78,72,0.82,11,0,0
93,20,488,258,54,82,0.78,11,0,0
93,21,520,165,48,71,0.78,11,0,0
93,22,258,622,108,96,0.78,11,0,0
93,23,930,247,108,56,0.77,11,0,0
93,24,75,214,95,52,0.73,11,0,0
93,25,447,116,60,73,0.68,11,0,0
93,26,286,116,66,61,0.66,11,0,0
93,27,226,149,55,62,0.66,11,0,0
93,28,0,339,44,57,0.64,11,0,0
93,29,655,447,49,41,0.59,11,0,0
93,30,672,16,63,59,0.51,11,0,0
93,31,546,1,43,54,0.49,11,0,0
93,32,0,209,30,36,0.34,11,0,0
