1,1,230,512,143,97,0.90,4,0,0
1,2,692,411,181,165,0.90,6,0,0
1,3,315,646,185,72,0.86,4,0,0
1,4,734,352,48,31,0.84,4,0,0
1,5,658,345,46,32,0.82,4,0,0
1,6,815,341,47,34,0.77,4,0,0
1,7,960,310,32,18,0.73,4,0,0
1,8,918,328,34,24,0.73,4,0,0
1,9,915,299,31,24,0.71,4,0,0
1,10,812,395,52,30,0.70,4,0,0
1,11,899,345,45,42,0.68,4,0,0
1,12,981,289,26,20,0.58,4,0,0
1,13,1008,283,24,14,0.38,4,0,0
1,14,962,283,23,16,0.34,4,0,0
1,15,901,263,26,24,0.34,4,0,0
1,16,949,255,22,26,0.32,4,0,0
1,17,969,284,17,14,0.31,4,0,0
1,18,1068,250,21,14,0.30,4,0,0
1,19,1017,261,24,15,0.30,4,0,0
1,20,230,512,143,97,0.90,11,0,0
1,21,692,411,181,165,0.90,11,0,0
1,22,315,646,185,72,0.86,11,0,0
1,23,734,352,48,31,0.84,11,0,0
1,24,658,345,46,32,0.82,11,0,0
1,25,815,341,47,34,0.77,11,0,0
1,26,960,310,32,18,0.73,11,0,0
1,27,918,328,34,24,0.73,11,0,0
1,28,915,299,31,24,0.71,11,0,0
1,29,812,395,52,30,0.70,11,0,0
1,30,899,345,45,42,0.68,11,0,0
1,31,981,289,26,20,0.58,11,0,0
1,32,1008,283,24,14,0.38,11,0,0
1,33,962,283,23,16,0.34,11,0,0
1,34,901,263,26,24,0.34,11,0,0
1,35,949,255,22,26,0.32,11,0,0
1,36,969,284,17,14,0.31,11,0,0
1,37,1068,250,21,14,0.30,11,0,0
1,38,1017,261,24,15,0.30,11,0,0
2,1,179,530,158,100,0.90,4,0,0
2,2,704,398,178,167,0.89,6,0,0
2,3,340,635,178,84,0.86,4,0,0
2,4,728,355,46,32,0.82,4,0,0
2,5,647,348,49,34,0.80,4,0,0
2,6,916,299,33,24,0.77,4,0,0
2,7,963,309,31,18,0.76,4,0,0
2,8,819,340,47,33,0.75,4,0,0
2,9,903,344,41,41,0.74,4,0,0
2,10,921,328,34,24,0.66,4,0,0
2,11,983,288,26,19,0.62,4,0,0
2,12,1010,282,23,15,0.38,4,0,0
2,13,1018,261,25,15,0.38,4,0,0
2,14,962,282,25,17,0.37,4,0,0
2,15,815,394,54,26,0.31,4,0,0
2,16,899,264,28,26,0.26,6,0,0
2,17,946,256,23,28,0.25,4,0,0
2,18,179,530,158,100,0.90,11,0,0
2,19,704,398,178,167,0.89,11,0,0
2,20,340,635,178,84,0.86,11,0,0
2,21,728,355,46,32,0.82,11,0,0
2,22,647,348,49,34,0.80,11,0,0
2,23,916,299,33,24,0.77,11,0,0
2,24,963,309,31,18,0.76,11,0,0
2,25,819,340,47,33,0.75,11,0,0
2,26,903,344,41,41,0.74,11,0,0
2,27,921,328,34,24,0.66,11,0,0
2,28,983,288,26,19,0.62,11,0,0
2,29,1010,282,23,15,0.38,11,0,0
2,30,1018,261,25,15,0.38,11,0,0
2,31,962,282,25,17,0.37,11,0,0
2,32,815,394,54,26,0.31,11,0,0
2,33,899,264,28,26,0.26,11,0,0
2,34,946,256,23,28,0.25,11,0,0
3,1,140,540,166,107,0.90,4,0,0
3,2,357,630,171,88,0.90,4,0,0
3,3,715,394,172,165,0.89,6,0,0
3,4,720,359,48,31,0.83,4,0,0
3,5,635,352,51,34,0.81,4,0,0
3,6,905,342,41,42,0.78,4,0,0
3,7,823,338,46,33,0.77,4,0,0
3,8,917,299,33,22,0.76,4,0,0
3,9,964,307,32,19,0.70,4,0,0
3,10,924,326,33,26,0.70,4,0,0
3,11,984,287,27,20,0.59,4,0,0
3,12,1018,260,27,15,0.40,4,0,0
3,13,1011,283,22,14,0.32,4,0,0
3,14,896,265,29,26,0.25,6,0,0
3,15,140,540,166,107,0.90,11,0,0
3,16,357,630,171,88,0.90,11,0,0
3,17,715,394,172,165,0.89,11,0,0
3,18,720,359,48,31,0.83,11,0,0
3,19,635,352,51,34,0.81,11,0,0
3,20,905,342,41,42,0.78,11,0,0
3,21,823,338,46,33,0.77,11,0,0
3,22,917,299,33,22,0.76,11,0,0
3,23,964,307,32,19,0.70,11,0,0
3,24,924,326,33,26,0.70,11,0,0
3,25,984,287,27,20,0.59,11,0,0
3,26,1018,260,27,15,0.40,11,0,0
3,27,1011,283,22,14,0.32,11,0,0
3,28,896,265,29,26,0.25,11,0,0
4,1,84,557,183,121,0.91,4,0,0
4,2,380,619,163,99,0.90,4,0,0
4,3,726,390,169,160,0.88,6,0,0
4,4,623,356,50,36,0.84,4,0,0
4,5,708,362,51,33,0.84,4,0,0
4,6,827,337,45,33,0.77,4,0,0
4,7,919,298,32,23,0.73,4,0,0
4,8,926,325,33,25,0.68,4,0,0
4,9,966,307,32,18,0.66,4,0,0
4,10,985,286,28,20,0.61,4,0,0
4,11,907,340,41,42,0.54,4,0,0
4,12,967,280,21,17,0.32,4,0,0
4,13,941,258,24,28,0.31,4,0,0
4,14,1019,260,25,14,0.29,4,0,0
4,15,893,266,28,25,0.29,4,0,0
4,16,84,557,183,121,0.91,11,0,0
4,17,380,619,163,99,0.90,11,0,0
4,18,726,390,169,160,0.88,11,0,0
4,19,623,356,50,36,0.84,11,0,0
4,20,708,362,51,33,0.84,11,0,0
4,21,827,337,45,33,0.77,11,0,0
4,22,919,298,32,23,0.73,11,0,0
4,23,926,325,33,25,0.68,11,0,0
4,24,966,307,32,18,0.66,11,0,0
4,25,985,286,28,20,0.61,11,0,0
4,26,907,340,41,42,0.54,11,0,0
4,27,967,280,21,17,0.32,11,0,0
4,28,941,258,24,28,0.31,11,0,0
4,29,1019,260,25,14,0.29,11,0,0
4,30,893,266,28,25,0.29,11,0,0
5,1,0,594,183,123,0.91,4,0,0
5,2,415,605,156,100,0.90,4,0,0
5,3,747,390,158,145,0.89,6,0,0
5,4,601,364,53,37,0.83,4,0,0
5,5,687,371,54,34,0.81,4,0,0
5,6,923,297,32,21,0.77,4,0,0
5,7,969,306,32,19,0.69,4,0,0
5,8,834,335,45,29,0.68,4,0,0
5,9,929,324,34,22,0.64,4,0,0
5,10,912,337,43,41,0.58,4,0,0
5,11,990,285,25,19,0.56,4,0,0
5,12,969,279,24,17,0.36,4,0,0
5,13,937,260,24,29,0.34,4,0,0
5,14,885,267,32,28,0.32,6,0,0
5,15,1022,259,26,14,0.27,4,0,0
5,16,0,594,183,123,0.91,11,0,0
5,17,415,605,156,100,0.90,11,0,0
5,18,747,390,158,145,0.89,11,0,0
5,19,601,364,53,37,0.83,11,0,0
5,20,687,371,54,34,0.81,11,0,0
5,21,923,297,32,21,0.77,11,0,0
5,22,969,306,32,19,0.69,11,0,0
5,23,834,335,45,29,0.68,11,0,0
5,24,929,324,34,22,0.64,11,0,0
5,25,912,337,43,41,0.58,11,0,0
5,26,990,285,25,19,0.56,11,0,0
5,27,969,279,24,17,0.36,11,0,0
5,28,937,260,24,29,0.34,11,0,0
5,29,885,267,32,28,0.32,11,0,0
5,30,1022,259,26,14,0.27,11,0,0
6,1,452,587,143,96,0.90,4,0,0
6,2,764,384,152,139,0.86,6,0,0
6,3,570,372,57,41,0.84,4,0,0
6,4,665,376,59,39,0.82,4,0,0
6,5,925,296,32,20,0.75,4,0,0
6,6,972,304,30,19,0.69,4,0,0
6,7,841,333,43,28,0.68,4,0,0
6,8,935,321,30,22,0.57,4,0,0
6,9,916,333,43,42,0.56,4,0,0
6,10,991,283,26,19,0.47,4,0,0
6,11,932,260,24,30,0.41,4,0,0
6,12,0,642,51,75,0.40,4,0,0
6,13,1071,246,22,16,0.33,4,0,0
6,14,973,271,24,22,0.28,4,0,0
6,15,452,587,143,96,0.90,11,0,0
6,16,764,384,152,139,0.86,11,0,0
6,17,570,372,57,41,0.84,11,0,0
6,18,665,376,59,39,0.82,11,0,0
6,19,925,296,32,20,0.75,11,0,0
6,20,972,304,30,19,0.69,11,0,0
6,21,841,333,43,28,0.68,11,0,0
6,22,935,321,30,22,0.57,11,0,0
6,23,916,333,43,42,0.56,11,0,0
6,24,991,283,26,19,0.47,11,0,0
6,25,932,260,24,30,0.41,11,0,0
6,26,0,642,51,75,0.40,11,0,0
6,27,1071,246,22,16,0.33,11,0,0
6,28,973,271,24,22,0.28,11,0,0
7,1,481,573,137,92,0.91,4,0,0
7,2,783,378,143,131,0.84,6,0,0
7,3,535,382,63,44,0.82,4,0,0
7,4,639,384,65,42,0.76,4,0,0
7,5,846,329,43,30,0.73,4,0,0
7,6,927,292,32,22,0.71,4,0,0
7,7,975,303,30,17,0.66,4,0,0
7,8,920,334,41,38,0.65,4,0,0
7,9,994,282,25,19,0.60,4,0,0
7,10,936,317,33,25,0.59,4,0,0
7,11,1072,245,22,16,0.32,4,0,0
7,12,928,261,25,31,0.31,4,0,0
7,13,976,271,22,21,0.28,4,0,0
7,14,871,270,24,30,0.28,6,0,0
7,15,871,271,26,29,0.26,4,0,0
7,16,481,573,137,92,0.91,11,0,0
7,17,783,378,143,131,0.84,11,0,0
7,18,535,382,63,44,0.82,11,0,0
7,19,639,384,65,42,0.76,11,0,0
7,20,846,329,43,30,0.73,11,0,0
7,21,927,292,32,22,0.71,11,0,0
7,22,975,303,30,17,0.66,11,0,0
7,23,920,334,41,38,0.65,11,0,0
7,24,994,282,25,19,0.60,11,0,0
7,25,936,317,33,25,0.59,11,0,0
7,26,1072,245,22,16,0.32,11,0,0
7,27,928,261,25,31,0.31,11,0,0
7,28,976,271,22,21,0.28,11,0,0
7,29,871,270,24,30,0.28,11,0,0
7,30,871,271,26,29,0.26,11,0,0
8,1,508,557,131,88,0.91,4,0,0
8,2,614,395,68,42,0.87,4,0,0
8,3,801,370,132,128,0.86,6,0,0
8,4,502,393,67,47,0.86,4,0,0
8,5,977,302,32,17,0.68,4,0,0
8,6,930,290,31,23,0.67,4,0,0
8,7,851,326,43,30,0.62,4,0,0
8,8,777,396,29,31,0.62,4,0,0
8,9,924,331,40,39,0.61,4,0,0
8,10,940,317,32,24,0.58,4,0,0
8,11,864,272,35,31,0.50,6,0,0
8,12,999,282,22,17,0.48,4,0,0
8,13,924,263,25,30,0.35,4,0,0
8,14,978,268,22,23,0.32,4,0,0
8,15,923,263,25,30,0.28,6,0,0
8,16,508,557,131,88,0.91,11,0,0
8,17,614,395,68,42,0.87,11,0,0
8,18,801,370,132,128,0.86,11,0,0
8,19,502,393,67,47,0.86,11,0,0
8,20,977,302,32,17,0.68,11,0,0
8,21,930,290,31,23,0.67,11,0,0
8,22,851,326,43,30,0.62,11,0,0
8,23,777,396,29,31,0.62,11,0,0
8,24,924,331,40,39,0.61,11,0,0
8,25,940,317,32,24,0.58,11,0,0
8,26,864,272,35,31,0.50,11,0,0
8,27,999,282,22,17,0.48,11,0,0
8,28,924,263,25,30,0.35,11,0,0
8,29,978,268,22,23,0.32,11,0,0
8,30,923,263,25,30,0.28,11,0,0
9,1,522,551,126,85,0.89,4,0,0
9,2,598,400,72,43,0.83,4,0,0
9,3,480,397,70,52,0.83,4,0,0
9,4,810,368,128,122,0.79,6,0,0
9,5,980,299,30,19,0.71,4,0,0
9,6,932,291,32,21,0.70,4,0,0
9,7,855,325,43,29,0.66,4,0,0
9,8,927,333,36,34,0.61,4,0,0
9,9,941,316,31,24,0.48,4,0,0
9,10,980,268,21,22,0.40,4,0,0
9,11,860,274,36,30,0.38,6,0,0
9,12,999,280,23,18,0.37,4,0,0
9,13,920,264,25,31,0.33,6,0,0
9,14,522,551,126,85,0.89,11,0,0
9,15,598,400,72,43,0.83,11,0,0
9,16,480,397,70,52,0.83,11,0,0
9,17,810,368,128,122,0.79,11,0,0
9,18,980,299,30,19,0.71,11,0,0
9,19,932,291,32,21,0.70,11,0,0
9,20,855,325,43,29,0.66,11,0,0
9,21,927,333,36,34,0.61,11,0,0
9,22,941,316,31,24,0.48,11,0,0
9,23,980,268,21,22,0.40,11,0,0
9,24,860,274,36,30,0.38,11,0,0
9,25,999,280,23,18,0.37,11,0,0
9,26,920,264,25,31,0.33,11,0,0
10,1,546,542,120,76,0.90,4,0,0
10,2,821,362,127,118,0.87,6,0,0
10,3,570,412,72,48,0.84,4,0,0
10,4,440,411,77,53,0.84,4,0,0
10,5,860,323,42,28,0.73,4,0,0
10,6,982,298,30,18,0.66,4,0,0
10,7,936,288,29,22,0.66,4,0,0
10,8,1000,280,24,17,0.56,4,0,0
10,9,852,276,34,30,0.50,6,0,0
10,10,932,325,41,40,0.43,4,0,0
10,11,117,676,132,42,0.36,4,0,0
10,12,914,266,27,32,0.36,4,0,0
10,13,1029,254,28,14,0.33,4,0,0
10,14,998,239,18,12,0.30,4,0,0
10,15,949,315,25,21,0.29,4,0,0
10,16,914,266,27,32,0.28,6,0,0
10,17,982,268,21,20,0.26,4,0,0
10,18,546,542,120,76,0.90,11,0,0
10,19,821,362,127,118,0.87,11,0,0
10,20,570,412,72,48,0.84,11,0,0
10,21,440,411,77,53,0.84,11,0,0
10,22,860,323,42,28,0.73,11,0,0
10,23,982,298,30,18,0.66,11,0,0
10,24,936,288,29,22,0.66,11,0,0
10,25,1000,280,24,17,0.56,11,0,0
10,26,852,276,34,30,0.50,11,0,0
10,27,932,325,41,40,0.43,11,0,0
10,28,117,676,132,42,0.36,11,0,0
10,29,914,266,27,32,0.36,11,0,0
10,30,1029,254,28,14,0.33,11,0,0
10,31,998,239,18,12,0.30,11,0,0
10,32,949,315,25,21,0.29,11,0,0
10,33,914,266,27,32,0.28,11,0,0
10,34,982,268,21,20,0.26,11,0,0
11,1,570,528,113,76,0.89,4,0,0
11,2,836,358,124,114,0.87,6,0,0
11,3,386,424,90,60,0.86,4,0,0
11,4,527,423,86,52,0.86,4,0,0
11,5,939,289,29,20,0.68,4,0,0
11,6,867,320,41,26,0.67,4,0,0
11,7,984,298,29,16,0.67,4,0,0
11,8,803,384,41,32,0.64,4,0,0
11,9,123,645,319,73,0.61,4,0,0
11,10,1001,277,27,17,0.48,4,0,0
11,11,950,313,27,21,0.46,4,0,0
11,12,935,326,40,37,0.45,4,0,0
11,13,126,645,316,74,0.41,6,0,0
11,14,844,278,38,32,0.35,6,0,0
11,15,908,277,27,25,0.32,4,0,0
11,16,95,462,21,49,0.29,1,0,0
11,17,570,528,113,76,0.89,11,0,0
11,18,836,358,124,114,0.87,11,0,0
11,19,386,424,90,60,0.86,11,0,0
11,20,527,423,86,52,0.86,11,0,0
11,21,939,289,29,20,0.68,11,0,0
11,22,867,320,41,26,0.67,11,0,0
11,23,984,298,29,16,0.67,11,0,0
11,24,803,384,41,32,0.64,11,0,0
11,25,123,645,319,73,0.61,11,0,0
11,26,1001,277,27,17,0.48,11,0,0
11,27,950,313,27,21,0.46,11,0,0
11,28,935,326,40,37,0.45,11,0,0
11,29,126,645,316,74,0.41,11,0,0
11,30,844,278,38,32,0.35,11,0,0
11,31,908,277,27,25,0.32,11,0,0
11,32,95,462,21,49,0.29,11,0,0
12,1,336,440,96,64,0.89,4,0,0
12,2,592,517,109,72,0.88,4,0,0
12,3,495,436,88,55,0.87,4,0,0
12,4,848,351,114,113,0.86,6,0,0
12,5,204,612,178,104,0.85,4,0,0
12,6,873,318,39,26,0.73,4,0,0
12,7,988,296,27,17,0.67,4,0,0
12,8,943,288,29,20,0.63,4,0,0
12,9,836,280,39,32,0.54,6,0,0
12,10,812,380,41,32,0.53,4,0,0
12,11,231,640,280,79,0.49,6,0,0
12,12,950,311,31,25,0.43,4,0,0
12,13,1006,277,25,17,0.41,4,0,0
12,14,939,325,38,34,0.41,4,0,0
12,15,901,282,29,23,0.38,4,0,0
12,16,232,640,279,79,0.31,4,0,0
12,17,103,460,22,50,0.31,1,0,0
12,18,905,269,27,20,0.30,4,0,0
12,19,336,440,96,64,0.89,11,0,0
12,20,592,517,109,72,0.88,11,0,0
12,21,495,436,88,55,0.87,11,0,0
12,22,848,351,114,113,0.86,11,0,0
12,23,204,612,178,104,0.85,11,0,0
12,24,873,318,39,26,0.73,11,0,0
12,25,988,296,27,17,0.67,11,0,0
12,26,943,288,29,20,0.63,11,0,0
12,27,836,280,39,32,0.54,11,0,0
12,28,812,380,41,32,0.53,11,0,0
12,29,231,640,280,79,0.49,11,0,0
12,30,950,311,31,25,0.43,11,0,0
12,31,1006,277,25,17,0.41,11,0,0
12,32,939,325,38,34,0.41,11,0,0
12,33,901,282,29,23,0.38,11,0,0
12,34,232,640,279,79,0.31,11,0,0
12,35,103,460,22,50,0.31,11,0,0
12,36,905,269,27,20,0.30,11,0,0
13,1,279,457,105,66,0.89,4,0,0
13,2,612,506,103,71,0.87,4,0,0
13,3,273,587,160,94,0.87,4,0,0
13,4,451,451,98,58,0.86,4,0,0
13,5,860,346,104,122,0.80,6,0,0
13,6,879,315,39,27,0.79,4,0,0
13,7,991,294,28,18,0.70,4,0,0
13,8,945,285,30,21,0.65,4,0,0
13,9,820,378,41,29,0.61,4,0,0
13,10,828,282,41,34,0.50,6,0,0
13,11,895,289,25,19,0.49,4,0,0
13,12,270,618,281,99,0.47,6,0,0
13,13,942,326,37,32,0.45,4,0,0
13,14,953,309,30,27,0.40,4,0,0
13,15,1007,275,25,18,0.40,4,0,0
13,16,110,459,24,48,0.38,1,0,0
13,17,269,618,281,100,0.35,4,0,0
13,18,895,275,30,33,0.30,4,0,0
13,19,991,241,18,13,0.27,4,0,0
13,20,897,272,29,28,0.27,4,0,0
13,21,958,254,18,15,0.27,4,0,0
13,22,279,457,105,66,0.89,11,0,0
13,23,612,506,103,71,0.87,11,0,0
13,24,273,587,160,94,0.87,11,0,0
13,25,451,451,98,58,0.86,11,0,0
13,26,860,346,104,122,0.80,11,0,0
13,27,879,315,39,27,0.79,11,0,0
13,28,991,294,28,18,0.70,11,0,0
13,29,945,285,30,21,0.65,11,0,0
13,30,820,378,41,29,0.61,11,0,0
13,31,828,282,41,34,0.50,11,0,0
13,32,895,289,25,19,0.49,11,0,0
13,33,270,618,281,99,0.47,11,0,0
13,34,942,326,37,32,0.45,11,0,0
13,35,953,309,30,27,0.40,11,0,0
13,36,1007,275,25,18,0.40,11,0,0
13,37,110,459,24,48,0.38,11,0,0
13,38,269,618,281,100,0.35,11,0,0
13,39,895,275,30,33,0.30,11,0,0
13,40,991,241,18,13,0.27,11,0,0
13,41,897,272,29,28,0.27,11,0,0
13,42,958,254,18,15,0.27,11,0,0
14,1,208,476,115,74,0.89,4,0,0
14,2,628,496,105,69,0.89,4,0,0
14,3,401,470,104,68,0.88,4,0,0
14,4,339,564,145,82,0.86,4,0,0
14,5,884,314,37,25,0.78,4,0,0
14,6,339,591,244,126,0.77,6,0,0
14,7,994,292,27,18,0.72,4,0,0
14,8,828,370,46,32,0.72,4,0,0
14,9,949,284,27,21,0.71,4,0,0
14,10,871,343,95,101,0.60,6,0,0
14,11,888,290,31,19,0.54,4,0,0
14,12,819,287,41,31,0.53,6,0,0
14,13,1011,274,26,16,0.42,4,0,0
14,14,948,309,33,26,0.36,4,0,0
14,15,893,273,27,18,0.28,4,0,0
14,16,208,476,115,74,0.89,11,0,0
14,17,628,496,105,69,0.89,11,0,0
14,18,401,470,104,68,0.88,11,0,0
14,19,339,564,145,82,0.86,11,0,0
14,20,884,314,37,25,0.78,11,0,0
14,21,339,591,244,126,0.77,11,0,0
14,22,994,292,27,18,0.72,11,0,0
14,23,828,370,46,32,0.72,11,0,0
14,24,949,284,27,21,0.71,11,0,0
14,25,871,343,95,101,0.60,11,0,0
14,26,888,290,31,19,0.54,11,0,0
14,27,819,287,41,31,0.53,11,0,0
14,28,1011,274,26,16,0.42,11,0,0
14,29,948,309,33,26,0.36,11,0,0
14,30,893,273,27,18,0.28,11,0,0
15,1,119,501,140,90,0.91,4,0,0
15,2,340,489,122,71,0.89,4,0,0
15,3,649,486,96,64,0.88,4,0,0
15,4,394,540,133,78,0.87,4,0,0
15,5,392,574,238,143,0.83,6,0,0
15,6,889,310,38,26,0.79,4,0,0
15,7,835,369,48,30,0.77,4,0,0
15,8,808,286,45,36,0.70,6,0,0
15,9,996,291,26,18,0.69,4,0,0
15,10,951,282,31,22,0.66,4,0,0
15,11,879,335,107,168,0.58,6,0,0
15,12,124,459,18,44,0.52,1,0,0
15,13,882,275,33,38,0.40,4,0,0
15,14,951,318,25,22,0.38,4,0,0
15,15,951,309,33,31,0.38,4,0,0
15,16,998,265,21,17,0.33,4,0,0
15,17,1040,251,21,13,0.28,4,0,0
15,18,886,309,32,26,0.28,4,0,0
15,19,1015,273,23,16,0.27,4,0,0
15,20,119,501,140,90,0.91,11,0,0
15,21,340,489,122,71,0.89,11,0,0
15,22,649,486,96,64,0.88,11,0,0
15,23,394,540,133,78,0.87,11,0,0
15,24,392,574,238,143,0.83,11,0,0
15,25,889,310,38,26,0.79,11,0,0
15,26,835,369,48,30,0.77,11,0,0
15,27,808,286,45,36,0.70,11,0,0
15,28,996,291,26,18,0.69,11,0,0
15,29,951,282,31,22,0.66,11,0,0
15,30,879,335,107,168,0.58,11,0,0
15,31,124,459,18,44,0.52,11,0,0
15,32,882,275,33,38,0.40,11,0,0
15,33,951,318,25,22,0.38,11,0,0
15,34,951,309,33,31,0.38,11,0,0
15,35,998,265,21,17,0.33,11,0,0
15,36,1040,251,21,13,0.28,11,0,0
15,37,886,309,32,26,0.28,11,0,0
15,38,1015,273,23,16,0.27,11,0,0
16,1,31,529,149,93,0.93,4,0,0
16,2,274,510,133,81,0.91,4,0,0
16,3,444,517,121,73,0.90,4,0,0
16,4,667,478,92,60,0.86,4,0,0
16,5,439,555,220,160,0.85,6,0,0
16,6,842,363,49,33,0.76,4,0,0
16,7,893,308,38,25,0.72,4,0,0
16,8,798,288,46,39,0.72,6,0,0
16,9,128,457,24,45,0.67,1,0,0
16,10,999,290,25,17,0.59,4,0,0
16,11,875,296,31,21,0.59,4,0,0
16,12,955,307,31,28,0.55,4,0,0
16,13,956,280,29,22,0.52,4,0,0
16,14,947,258,21,15,0.42,4,0,0
16,15,891,330,95,102,0.38,6,0,0
16,16,880,277,29,21,0.38,4,0,0
16,17,1000,264,21,17,0.34,4,0,0
16,18,1041,251,20,12,0.29,4,0,0
16,19,31,529,149,93,0.93,11,0,0
16,20,274,510,133,81,0.91,11,0,0
16,21,444,517,121,73,0.90,11,0,0
16,22,667,478,92,60,0.86,11,0,0
16,23,439,555,220,160,0.85,11,0,0
16,24,842,363,49,33,0.76,11,0,0
16,25,893,308,38,25,0.72,11,0,0
16,26,798,288,46,39,0.72,11,0,0
16,27,128,457,24,45,0.67,11,0,0
16,28,999,290,25,17,0.59,11,0,0
16,29,875,296,31,21,0.59,11,0,0
16,30,955,307,31,28,0.55,11,0,0
16,31,956,280,29,22,0.52,11,0,0
16,32,947,258,21,15,0.42,11,0,0
16,33,891,330,95,102,0.38,11,0,0
16,34,880,277,29,21,0.38,11,0,0
16,35,1000,264,21,17,0.34,11,0,0
16,36,1041,251,20,12,0.29,11,0,0
17,1,0,544,137,96,0.93,4,0,0
17,2,240,525,136,84,0.91,4,0,0
17,3,465,508,117,68,0.87,4,0,0
17,4,461,547,214,167,0.87,6,0,0
17,5,675,472,92,61,0.86,4,0,0
17,6,846,363,48,30,0.78,4,0,0
17,7,895,307,39,24,0.77,4,0,0
17,8,792,288,48,41,0.75,6,0,0
17,9,897,330,89,95,0.63,6,0,0
17,10,131,456,22,45,0.63,1,0,0
17,11,1001,289,25,17,0.62,4,0,0
17,12,869,297,33,22,0.58,4,0,0
17,13,957,278,28,23,0.58,4,0,0
17,14,957,306,35,27,0.56,4,0,0
17,15,877,279,27,20,0.43,4,0,0
17,16,945,258,21,16,0.42,4,0,0
17,17,1042,250,19,12,0.27,4,0,0
17,18,1001,263,22,16,0.27,4,0,0
17,19,0,544,137,96,0.93,11,0,0
17,20,240,525,136,84,0.91,11,0,0
17,21,465,508,117,68,0.87,11,0,0
17,22,461,547,214,167,0.87,11,0,0
17,23,675,472,92,61,0.86,11,0,0
17,24,846,363,48,30,0.78,11,0,0
17,25,895,307,39,24,0.77,11,0,0
17,26,792,288,48,41,0.75,11,0,0
17,27,897,330,89,95,0.63,11,0,0
17,28,131,456,22,45,0.63,11,0,0
17,29,1001,289,25,17,0.62,11,0,0
17,30,869,297,33,22,0.58,11,0,0
17,31,957,278,28,23,0.58,11,0,0
17,32,957,306,35,27,0.56,11,0,0
17,33,877,279,27,20,0.43,11,0,0
17,34,945,258,21,16,0.42,11,0,0
17,35,1042,250,19,12,0.27,11,0,0
17,36,1001,263,22,16,0.27,11,0,0
18,1,162,550,151,93,0.92,4,0,0
18,2,502,530,187,165,0.90,6,0,0
18,3,510,488,106,65,0.87,4,0,0
18,4,690,466,89,56,0.86,4,0,0
18,5,0,579,38,67,0.81,4,0,0
18,6,853,362,48,29,0.79,4,0,0
18,7,901,305,36,24,0.71,4,0,0
18,8,780,294,50,39,0.71,6,0,0
18,9,861,298,33,24,0.68,4,0,0
18,10,960,277,29,22,0.61,4,0,0
18,11,870,282,30,19,0.59,4,0,0
18,12,135,457,24,43,0.58,1,0,0
18,13,960,304,35,25,0.56,4,0,0
18,14,1002,288,26,18,0.52,4,0,0
18,15,904,327,82,93,0.46,6,0,0
18,16,941,260,22,15,0.45,4,0,0
18,17,979,247,20,11,0.43,4,0,0
18,18,1004,263,23,15,0.34,4,0,0
18,19,162,550,151,93,0.92,11,0,0
18,20,502,530,187,165,0.90,11,0,0
18,21,510,488,106,65,0.87,11,0,0
18,22,690,466,89,56,0.86,11,0,0
18,23,0,579,38,67,0.81,11,0,0
18,24,853,362,48,29,0.79,11,0,0
18,25,901,305,36,24,0.71,11,0,0
18,26,780,294,50,39,0.71,11,0,0
18,27,861,298,33,24,0.68,11,0,0
18,28,960,277,29,22,0.61,11,0,0
18,29,870,282,30,19,0.59,11,0,0
18,30,135,457,24,43,0.58,11,0,0
18,31,960,304,35,25,0.56,11,0,0
18,32,1002,288,26,18,0.52,11,0,0
18,33,904,327,82,93,0.46,11,0,0
18,34,941,260,22,15,0.45,11,0,0
18,35,979,247,20,11,0.43,11,0,0
18,36,1004,263,23,15,0.34,11,0,0
19,1,60,577,182,110,0.91,4,0,0
19,2,540,517,187,148,0.90,6,0,0
19,3,548,469,97,61,0.89,4,0,0
19,4,707,457,83,56,0.86,4,0,0
19,5,767,291,55,46,0.77,6,0,0
19,6,859,358,47,30,0.76,4,0,0
19,7,906,304,34,23,0.75,4,0,0
19,8,964,276,27,22,0.69,4,0,0
19,9,853,303,34,23,0.68,4,0,0
19,10,964,302,34,23,0.62,4,0,0
19,11,140,453,28,47,0.59,1,0,0
19,12,937,261,21,15,0.58,4,0,0
19,13,862,284,29,19,0.57,4,0,0
19,14,1005,286,25,18,0.50,4,0,0
19,15,977,249,19,11,0.33,4,0,0
19,16,912,326,74,86,0.30,6,0,0
19,17,1007,261,21,15,0.25,4,0,0
19,18,60,577,182,110,0.91,11,0,0
19,19,540,517,187,148,0.90,11,0,0
19,20,548,469,97,61,0.89,11,0,0
19,21,707,457,83,56,0.86,11,0,0
19,22,767,291,55,46,0.77,11,0,0
19,23,859,358,47,30,0.76,11,0,0
19,24,906,304,34,23,0.75,11,0,0
19,25,964,276,27,22,0.69,11,0,0
19,26,853,303,34,23,0.68,11,0,0
19,27,964,302,34,23,0.62,11,0,0
19,28,140,453,28,47,0.59,11,0,0
19,29,937,261,21,15,0.58,11,0,0
19,30,862,284,29,19,0.57,11,0,0
19,31,1005,286,25,18,0.50,11,0,0
19,32,977,249,19,11,0.33,11,0,0
19,33,912,326,74,86,0.30,11,0,0
19,34,1007,261,21,15,0.25,11,0,0
20,1,0,614,159,104,0.92,4,0,0
20,2,575,500,163,145,0.88,6,0,0
20,3,580,459,90,54,0.85,4,0,0
20,4,722,450,79,54,0.84,4,0,0
20,5,756,295,55,47,0.80,6,0,0
20,6,865,356,46,29,0.77,4,0,0
20,7,968,300,33,23,0.72,4,0,0
20,8,910,302,35,24,0.69,4,0,0
20,9,845,306,35,24,0.68,4,0,0
20,10,853,287,31,20,0.61,4,0,0
20,11,968,276,25,20,0.61,4,0,0
20,12,933,263,22,15,0.54,4,0,0
20,13,1008,286,26,17,0.51,4,0,0
20,14,973,250,20,12,0.37,4,0,0
20,15,146,452,27,44,0.34,1,0,0
20,16,922,325,62,78,0.33,6,0,0
20,17,0,614,159,104,0.92,11,0,0
20,18,575,500,163,145,0.88,11,0,0
20,19,580,459,90,54,0.85,11,0,0
20,20,722,450,79,54,0.84,11,0,0
20,21,756,295,55,47,0.80,11,0,0
20,22,865,356,46,29,0.77,11,0,0
20,23,968,300,33,23,0.72,11,0,0
20,24,910,302,35,24,0.69,11,0,0
20,25,845,306,35,24,0.68,11,0,0
20,26,853,287,31,20,0.61,11,0,0
20,27,968,276,25,20,0.61,11,0,0
20,28,933,263,22,15,0.54,11,0,0
20,29,1008,286,26,17,0.51,11,0,0
20,30,973,250,20,12,0.37,11,0,0
20,31,146,452,27,44,0.34,11,0,0
20,32,922,325,62,78,0.33,11,0,0
21,1,610,448,83,48,0.86,4,0,0
21,2,735,444,77,52,0.82,4,0,0
21,3,607,491,157,134,0.81,6,0,0
21,4,872,354,44,28,0.78,4,0,0
21,5,836,309,37,26,0.76,4,0,0
21,6,914,301,35,23,0.72,4,0,0
21,7,744,298,57,48,0.70,6,0,0
21,8,971,299,33,22,0.69,4,0,0
21,9,845,290,30,22,0.64,4,0,0
21,10,0,666,83,53,0.60,4,0,0
21,11,970,276,26,19,0.59,4,0,0
21,12,929,265,22,14,0.57,4,0,0
21,13,1011,284,25,17,0.54,4,0,0
21,14,970,252,20,11,0.40,4,0,0
21,15,155,448,21,45,0.39,1,0,0
21,16,610,448,83,48,0.86,11,0,0
21,17,735,444,77,52,0.82,11,0,0
21,18,607,491,157,134,0.81,11,0,0
21,19,872,354,44,28,0.78,11,0,0
21,20,836,309,37,26,0.76,11,0,0
21,21,914,301,35,23,0.72,11,0,0
21,22,744,298,57,48,0.70,11,0,0
21,23,971,299,33,22,0.69,11,0,0
21,24,845,290,30,22,0.64,11,0,0
21,25,0,666,83,53,0.60,11,0,0
21,26,970,276,26,19,0.59,11,0,0
21,27,929,265,22,14,0.57,11,0,0
21,28,1011,284,25,17,0.54,11,0,0
21,29,970,252,20,11,0.40,11,0,0
21,30,155,448,21,45,0.39,11,0,0
22,1,636,481,152,127,0.88,6,0,0
22,2,635,433,80,52,0.84,4,0,0
22,3,748,436,75,52,0.81,4,0,0
22,4,729,301,61,52,0.79,6,0,0
22,5,876,351,45,28,0.78,4,0,0
22,6,918,298,34,24,0.74,4,0,0
22,7,975,298,30,19,0.69,4,0,0
22,8,925,267,23,14,0.66,4,0,0
22,9,973,275,26,18,0.65,4,0,0
22,10,1013,283,23,17,0.62,4,0,0
22,11,968,251,19,15,0.46,4,0,0
22,12,828,294,39,44,0.36,4,0,0
22,13,636,481,152,127,0.88,11,0,0
22,14,635,433,80,52,0.84,11,0,0
22,15,748,436,75,52,0.81,11,0,0
22,16,729,301,61,52,0.79,11,0,0
22,17,876,351,45,28,0.78,11,0,0
22,18,918,298,34,24,0.74,11,0,0
22,19,975,298,30,19,0.69,11,0,0
22,20,925,267,23,14,0.66,11,0,0
22,21,973,275,26,18,0.65,11,0,0
22,22,1013,283,23,17,0.62,11,0,0
22,23,968,251,19,15,0.46,11,0,0
22,24,828,294,39,44,0.36,11,0,0
23,1,664,468,141,120,0.85,6,0,0
23,2,658,423,73,50,0.85,4,0,0
23,3,760,432,71,45,0.83,4,0,0
23,4,882,349,44,27,0.77,4,0,0
23,5,714,303,65,56,0.76,6,0,0
23,6,977,297,33,18,0.74,4,0,0
23,7,922,298,32,22,0.74,4,0,0
23,8,921,268,21,16,0.68,4,0,0
23,9,976,273,26,21,0.64,4,0,0
23,10,1015,282,22,17,0.53,4,0,0
23,11,817,297,41,46,0.47,6,0,0
23,12,963,252,20,15,0.39,4,0,0
23,13,1033,265,20,17,0.27,4,0,0
23,14,664,468,141,120,0.85,11,0,0
23,15,658,423,73,50,0.85,11,0,0
23,16,760,432,71,45,0.83,11,0,0
23,17,882,349,44,27,0.77,11,0,0
23,18,714,303,65,56,0.76,11,0,0
23,19,977,297,33,18,0.74,11,0,0
23,20,922,298,32,22,0.74,11,0,0
23,21,921,268,21,16,0.68,11,0,0
23,22,976,273,26,21,0.64,11,0,0
23,23,1015,282,22,17,0.53,11,0,0
23,24,817,297,41,46,0.47,11,0,0
23,25,963,252,20,15,0.39,11,0,0
23,26,1033,265,20,17,0.27,11,0,0
24,1,686,459,128,117,0.90,6,0,0
24,2,679,415,71,44,0.85,4,0,0
24,3,887,347,44,27,0.81,4,0,0
24,4,771,427,70,42,0.81,4,0,0
24,5,700,308,66,56,0.80,6,0,0
24,6,927,296,31,22,0.69,4,0,0
24,7,980,296,32,16,0.64,4,0,0
24,8,916,269,22,17,0.62,4,0,0
24,9,980,272,24,20,0.55,4,0,0
24,10,1018,282,22,16,0.52,4,0,0
24,11,807,300,42,47,0.35,6,0,0
24,12,807,310,41,37,0.29,4,0,0
24,13,932,338,21,16,0.26,4,0,0
24,14,686,459,128,117,0.90,11,0,0
24,15,679,415,71,44,0.85,11,0,0
24,16,887,347,44,27,0.81,11,0,0
24,17,771,427,70,42,0.81,11,0,0
24,18,700,308,66,56,0.80,11,0,0
24,19,927,296,31,22,0.69,11,0,0
24,20,980,296,32,16,0.64,11,0,0
24,21,916,269,22,17,0.62,11,0,0
24,22,980,272,24,20,0.55,11,0,0
24,23,1018,282,22,16,0.52,11,0,0
24,24,807,300,42,47,0.35,11,0,0
24,25,807,310,41,37,0.29,11,0,0
24,26,932,338,21,16,0.26,11,0,0
25,1,698,457,135,111,0.83,6,0,0
25,2,689,413,70,42,0.83,4,0,0
25,3,777,421,70,45,0.83,4,0,0
25,4,691,310,67,58,0.83,6,0,0
25,5,891,345,43,27,0.80,4,0,0
25,6,928,296,33,21,0.73,4,0,0
25,7,913,270,22,17,0.60,4,0,0
25,8,981,272,25,18,0.53,4,0,0
25,9,1019,280,22,17,0.51,4,0,0
25,10,802,302,42,48,0.45,6,0,0
25,11,983,295,31,16,0.41,4,0,0
25,12,698,457,135,111,0.83,11,0,0
25,13,689,413,70,42,0.83,11,0,0
25,14,777,421,70,45,0.83,11,0,0
25,15,691,310,67,58,0.83,11,0,0
25,16,891,345,43,27,0.80,11,0,0
25,17,928,296,33,21,0.73,11,0,0
25,18,913,270,22,17,0.60,11,0,0
25,19,981,272,25,18,0.53,11,0,0
25,20,1019,280,22,17,0.51,11,0,0
25,21,802,302,42,48,0.45,11,0,0
25,22,983,295,31,16,0.41,11,0,0
26,1,707,405,67,39,0.84,4,0,0
26,2,674,317,69,58,0.84,6,0,0
26,3,718,447,119,108,0.79,6,0,0
26,4,787,414,69,44,0.79,4,0,0
26,5,895,343,42,27,0.76,4,0,0
26,6,909,272,22,16,0.69,4,0,0
26,7,932,295,30,21,0.66,4,0,0
26,8,178,443,17,45,0.49,1,0,0
26,9,1022,281,20,15,0.48,4,0,0
26,10,983,271,24,18,0.45,4,0,0
26,11,792,306,44,49,0.39,6,0,0
26,12,791,306,45,49,0.39,4,0,0
26,13,707,405,67,39,0.84,11,0,0
26,14,674,317,69,58,0.84,11,0,0
26,15,718,447,119,108,0.79,11,0,0
26,16,787,414,69,44,0.79,11,0,0
26,17,895,343,42,27,0.76,11,0,0
26,18,909,272,22,16,0.69,11,0,0
26,19,932,295,30,21,0.66,11,0,0
26,20,178,443,17,45,0.49,11,0,0
26,21,1022,281,20,15,0.48,11,0,0
26,22,983,271,24,18,0.45,11,0,0
26,23,792,306,44,49,0.39,11,0,0
26,24,791,306,45,49,0.39,11,0,0
27,1,657,323,71,58,0.85,6,0,0
27,2,725,394,63,40,0.84,4,0,0
27,3,900,342,42,26,0.79,4,0,0
27,4,800,410,65,37,0.73,4,0,0
27,5,738,439,113,107,0.69,6,0,0
27,6,936,293,31,21,0.67,4,0,0
27,7,902,275,24,15,0.66,4,0,0
27,8,781,310,45,50,0.46,6,0,0
27,9,987,269,25,19,0.46,4,0,0
27,10,181,443,20,43,0.38,1,0,0
27,11,943,332,23,19,0.30,4,0,0
27,12,1025,279,20,16,0.29,4,0,0
27,13,657,323,71,58,0.85,11,0,0
27,14,725,394,63,40,0.84,11,0,0
27,15,900,342,42,26,0.79,11,0,0
27,16,800,410,65,37,0.73,11,0,0
27,17,738,439,113,107,0.69,11,0,0
27,18,936,293,31,21,0.67,11,0,0
27,19,902,275,24,15,0.66,11,0,0
27,20,781,310,45,50,0.46,11,0,0
27,21,987,269,25,19,0.46,11,0,0
27,22,181,443,20,43,0.38,11,0,0
27,23,943,332,23,19,0.30,11,0,0
27,24,1025,279,20,16,0.29,11,0,0
28,1,638,323,75,65,0.86,6,0,0
28,2,757,427,109,104,0.84,6,0,0
28,3,741,386,59,40,0.81,4,0,0
28,4,905,340,41,25,0.76,4,0,0
28,5,897,276,24,16,0.74,4,0,0
28,6,812,405,61,34,0.73,4,0,0
28,7,940,292,28,20,0.67,4,0,0
28,8,946,259,20,14,0.59,4,0,0
28,9,989,269,26,18,0.58,4,0,0
28,10,186,442,22,42,0.51,1,0,0
28,11,770,335,44,31,0.49,4,0,0
28,12,1027,278,19,15,0.44,4,0,0
28,13,771,314,40,25,0.32,4,0,0
28,14,638,323,75,65,0.86,11,0,0
28,15,757,427,109,104,0.84,11,0,0
28,16,741,386,59,40,0.81,11,0,0
28,17,905,340,41,25,0.76,11,0,0
28,18,897,276,24,16,0.74,11,0,0
28,19,812,405,61,34,0.73,11,0,0
28,20,940,292,28,20,0.67,11,0,0
28,21,946,259,20,14,0.59,11,0,0
28,22,989,269,26,18,0.58,11,0,0
28,23,186,442,22,42,0.51,11,0,0
28,24,770,335,44,31,0.49,11,0,0
28,25,1027,278,19,15,0.44,11,0,0
28,26,771,314,40,25,0.32,11,0,0
29,1,620,327,77,67,0.85,6,0,0
29,2,755,380,61,38,0.83,4,0,0
29,3,910,337,39,25,0.78,4,0,0
29,4,776,412,110,106,0.76,6,0,0
29,5,757,340,47,32,0.73,4,0,0
29,6,892,278,24,15,0.71,4,0,0
29,7,944,291,28,19,0.67,4,0,0
29,8,758,317,43,26,0.65,4,0,0
29,9,941,261,22,14,0.63,4,0,0
29,10,992,268,24,18,0.61,4,0,0
29,11,0,667,210,53,0.59,4,0,0
29,12,1029,276,19,14,0.49,4,0,0
29,13,192,437,17,46,0.35,1,0,0
29,14,822,401,59,28,0.35,4,0,0
29,15,620,327,77,67,0.85,11,0,0
29,16,755,380,61,38,0.83,11,0,0
29,17,910,337,39,25,0.78,11,0,0
29,18,776,412,110,106,0.76,11,0,0
29,19,757,340,47,32,0.73,11,0,0
29,20,892,278,24,15,0.71,11,0,0
29,21,944,291,28,19,0.67,11,0,0
29,22,758,317,43,26,0.65,11,0,0
29,23,941,261,22,14,0.63,11,0,0
29,24,992,268,24,18,0.61,11,0,0
29,25,0,667,210,53,0.59,11,0,0
29,26,1029,276,19,14,0.49,11,0,0
29,27,192,437,17,46,0.35,11,0,0
29,28,822,401,59,28,0.35,11,0,0
30,1,73,635,198,82,0.82,4,0,0
30,2,597,336,81,69,0.82,6,0,0
30,3,770,376,61,34,0.80,4,0,0
30,4,741,347,52,32,0.75,4,0,0
30,5,915,336,37,23,0.67,4,0,0
30,6,947,288,30,20,0.67,4,0,0
30,7,995,267,25,18,0.66,4,0,0
30,8,884,279,27,18,0.65,4,0,0
30,9,744,322,42,27,0.59,4,0,0
30,10,936,261,22,16,0.59,4,0,0
30,11,197,436,16,46,0.48,1,0,0
30,12,1031,275,19,15,0.46,4,0,0
30,13,790,411,108,96,0.45,6,0,0
30,14,833,395,57,27,0.42,4,0,0
30,15,73,635,198,82,0.82,11,0,0
30,16,597,336,81,69,0.82,11,0,0
30,17,770,376,61,34,0.80,11,0,0
30,18,741,347,52,32,0.75,11,0,0
30,19,915,336,37,23,0.67,11,0,0
30,20,947,288,30,20,0.67,11,0,0
30,21,995,267,25,18,0.66,11,0,0
30,22,884,279,27,18,0.65,11,0,0
30,23,744,322,42,27,0.59,11,0,0
30,24,936,261,22,16,0.59,11,0,0
30,25,197,436,16,46,0.48,11,0,0
30,26,1031,275,19,15,0.46,11,0,0
30,27,790,411,108,96,0.45,11,0,0
30,28,833,395,57,27,0.42,11,0,0
31,1,574,343,86,69,0.84,6,0,0
31,2,784,368,56,33,0.80,4,0,0
31,3,154,600,179,117,0.76,4,0,0
31,4,919,334,37,24,0.75,4,0,0
31,5,724,353,54,33,0.74,4,0,0
31,6,806,389,95,107,0.74,6,0,0
31,7,878,282,27,17,0.70,4,0,0
31,8,950,284,30,23,0.67,4,0,0
31,9,727,327,46,29,0.65,4,0,0
31,10,932,263,21,16,0.63,4,0,0
31,11,997,267,24,17,0.55,4,0,0
31,12,1034,275,19,15,0.37,4,0,0
31,13,202,434,16,47,0.30,1,0,0
31,14,574,343,86,69,0.84,11,0,0
31,15,784,368,56,33,0.80,11,0,0
31,16,154,600,179,117,0.76,11,0,0
31,17,919,334,37,24,0.75,11,0,0
31,18,724,353,54,33,0.74,11,0,0
31,19,806,389,95,107,0.74,11,0,0
31,20,878,282,27,17,0.70,11,0,0
31,21,950,284,30,23,0.67,11,0,0
31,22,727,327,46,29,0.65,11,0,0
31,23,932,263,21,16,0.63,11,0,0
31,24,997,267,24,17,0.55,11,0,0
31,25,1034,275,19,15,0.37,11,0,0
31,26,202,434,16,47,0.30,11,0,0
32,1,222,575,158,111,0.88,4,0,0
32,2,546,351,93,73,0.86,6,0,0
32,3,797,362,52,33,0.82,4,0,0
32,4,709,357,57,36,0.82,4,0,0
32,5,711,331,47,30,0.82,4,0,0
32,6,923,332,37,24,0.77,4,0,0
32,7,953,282,30,23,0.75,4,0,0
32,8,872,283,28,19,0.70,4,0,0
32,9,928,265,22,16,0.67,4,0,0
32,10,1000,266,23,16,0.50,4,0,0
32,11,205,433,20,47,0.48,1,0,0
32,12,820,398,91,89,0.36,6,0,0
32,13,971,255,22,18,0.31,4,0,0
32,14,972,249,21,21,0.29,4,0,0
32,15,1036,274,19,14,0.26,4,0,0
32,16,222,575,158,111,0.88,11,0,0
32,17,546,351,93,73,0.86,11,0,0
32,18,797,362,52,33,0.82,11,0,0
32,19,709,357,57,36,0.82,11,0,0
32,20,711,331,47,30,0.82,11,0,0
32,21,923,332,37,24,0.77,11,0,0
32,22,953,282,30,23,0.75,11,0,0
32,23,872,283,28,19,0.70,11,0,0
32,24,928,265,22,16,0.67,11,0,0
32,25,1000,266,23,16,0.50,11,0,0
32,26,205,433,20,47,0.48,11,0,0
32,27,820,398,91,89,0.36,11,0,0
32,28,971,255,22,18,0.31,11,0,0
32,29,972,249,21,21,0.29,11,0,0
32,30,1036,274,19,14,0.26,11,0,0
33,1,702,361,54,37,0.83,4,0,0
33,2,531,352,96,77,0.82,6,0,0
33,3,803,360,53,32,0.79,4,0,0
33,4,702,334,49,30,0.77,4,0,0
33,5,253,564,148,106,0.77,4,0,0
33,6,926,331,36,23,0.76,4,0,0
33,7,953,282,32,22,0.73,4,0,0
33,8,869,285,26,18,0.69,4,0,0
33,9,925,267,23,15,0.67,4,0,0
33,10,827,397,88,86,0.64,6,0,0
33,11,1000,266,25,16,0.50,4,0,0
33,12,207,432,18,47,0.46,1,0,0
33,13,968,255,22,19,0.34,4,0,0
33,14,1036,273,20,15,0.25,4,0,0
33,15,969,251,23,21,0.25,4,0,0
33,16,702,361,54,37,0.83,11,0,0
33,17,531,352,96,77,0.82,11,0,0
33,18,803,360,53,32,0.79,11,0,0
33,19,702,334,49,30,0.77,11,0,0
33,20,253,564,148,106,0.77,11,0,0
33,21,926,331,36,23,0.76,11,0,0
33,22,953,282,32,22,0.73,11,0,0
33,23,869,285,26,18,0.69,11,0,0
33,24,925,267,23,15,0.67,11,0,0
33,25,827,397,88,86,0.64,11,0,0
33,26,1000,266,25,16,0.50,11,0,0
33,27,207,432,18,47,0.46,11,0,0
33,28,968,255,22,19,0.34,11,0,0
33,29,1036,273,20,15,0.25,11,0,0
33,30,969,251,23,21,0.25,11,0,0
34,1,305,544,139,98,0.89,4,0,0
34,2,687,365,57,39,0.84,4,0,0
34,3,815,353,48,33,0.82,4,0,0
34,4,686,338,49,33,0.81,4,0,0
34,5,500,361,104,81,0.81,6,0,0
34,6,929,329,37,23,0.76,4,0,0
34,7,862,286,28,18,0.69,4,0,0
34,8,958,283,29,20,0.67,4,0,0
34,9,919,267,24,17,0.59,4,0,0
34,10,1004,266,22,15,0.48,4,0,0
34,11,966,260,21,16,0.32,4,0,0
34,12,965,316,26,19,0.30,4,0,0
34,13,838,388,88,87,0.29,6,0,0
34,14,305,544,139,98,0.89,11,0,0
34,15,687,365,57,39,0.84,11,0,0
34,16,815,353,48,33,0.82,11,0,0
34,17,686,338,49,33,0.81,11,0,0
34,18,500,361,104,81,0.81,11,0,0
34,19,929,329,37,23,0.76,11,0,0
34,20,862,286,28,18,0.69,11,0,0
34,21,958,283,29,20,0.67,11,0,0
34,22,919,267,24,17,0.59,11,0,0
34,23,1004,266,22,15,0.48,11,0,0
34,24,966,260,21,16,0.32,11,0,0
34,25,965,316,26,19,0.30,11,0,0
34,26,838,388,88,87,0.29,11,0,0
35,1,356,525,133,87,0.92,4,0,0
35,2,470,362,110,90,0.89,6,0,0
35,3,824,351,48,30,0.81,4,0,0
35,4,669,372,60,41,0.80,4,0,0
35,5,669,346,50,29,0.76,4,0,0
35,6,933,327,36,24,0.73,4,0,0
35,7,854,288,30,19,0.70,4,0,0
35,8,915,268,23,17,0.70,4,0,0
35,9,960,282,28,20,0.70,4,0,0
35,10,851,382,84,84,0.53,6,0,0
35,11,1005,265,24,14,0.49,4,0,0
35,12,968,315,26,16,0.37,4,0,0
35,13,961,264,24,14,0.33,4,0,0
35,14,356,525,133,87,0.92,11,0,0
35,15,470,362,110,90,0.89,11,0,0
35,16,824,351,48,30,0.81,11,0,0
35,17,669,372,60,41,0.80,11,0,0
35,18,669,346,50,29,0.76,11,0,0
35,19,933,327,36,24,0.73,11,0,0
35,20,854,288,30,19,0.70,11,0,0
35,21,915,268,23,17,0.70,11,0,0
35,22,960,282,28,20,0.70,11,0,0
35,23,851,382,84,84,0.53,11,0,0
35,24,1005,265,24,14,0.49,11,0,0
35,25,968,315,26,16,0.37,11,0,0
35,26,961,264,24,14,0.33,11,0,0
36,1,403,505,117,85,0.89,4,0,0
36,2,434,373,117,93,0.89,6,0,0
36,3,649,379,64,43,0.83,4,0,0
36,4,835,345,45,31,0.81,4,0,0
36,5,649,352,55,33,0.79,4,0,0
36,6,847,291,29,19,0.73,4,0,0
36,7,937,326,35,23,0.69,4,0,0
36,8,909,270,25,18,0.67,4,0,0
36,9,965,281,26,19,0.62,4,0,0
36,10,1007,265,24,13,0.53,4,0,0
36,11,958,264,22,14,0.50,4,0,0
36,12,971,313,28,16,0.35,4,0,0
36,13,863,382,80,73,0.28,6,0,0
36,14,403,505,117,85,0.89,11,0,0
36,15,434,373,117,93,0.89,11,0,0
36,16,649,379,64,43,0.83,11,0,0
36,17,835,345,45,31,0.81,11,0,0
36,18,649,352,55,33,0.79,11,0,0
36,19,847,291,29,19,0.73,11,0,0
36,20,937,326,35,23,0.69,11,0,0
36,21,909,270,25,18,0.67,11,0,0
36,22,965,281,26,19,0.62,11,0,0
36,23,1007,265,24,13,0.53,11,0,0
36,24,958,264,22,14,0.50,11,0,0
36,25,971,313,28,16,0.35,11,0,0
36,26,863,382,80,73,0.28,11,0,0
37,1,440,489,113,82,0.89,4,0,0
37,2,397,384,125,98,0.88,6,0,0
37,3,843,340,44,31,0.81,4,0,0
37,4,629,383,68,48,0.81,4,0,0
37,5,631,359,55,34,0.81,4,0,0
37,6,840,292,29,19,0.75,4,0,0
37,7,904,272,26,18,0.74,4,0,0
37,8,941,324,34,23,0.70,4,0,0
37,9,307,670,173,50,0.70,4,0,0
37,10,967,280,28,19,0.68,4,0,0
37,11,954,265,23,14,0.57,4,0,0
37,12,1009,264,23,14,0.53,4,0,0
37,13,942,283,14,16,0.44,4,0,0
37,14,975,311,26,16,0.37,4,0,0
37,15,1040,269,22,14,0.35,4,0,0
37,16,440,489,113,82,0.89,11,0,0
37,17,397,384,125,98,0.88,11,0,0
37,18,843,340,44,31,0.81,11,0,0
37,19,629,383,68,48,0.81,11,0,0
37,20,631,359,55,34,0.81,11,0,0
37,21,840,292,29,19,0.75,11,0,0
37,22,904,272,26,18,0.74,11,0,0
37,23,941,324,34,23,0.70,11,0,0
37,24,307,670,173,50,0.70,11,0,0
37,25,967,280,28,19,0.68,11,0,0
37,26,954,265,23,14,0.57,11,0,0
37,27,1009,264,23,14,0.53,11,0,0
37,28,942,283,14,16,0.44,11,0,0
37,29,975,311,26,16,0.37,11,0,0
37,30,1040,269,22,14,0.35,11,0,0
38,1,352,395,137,103,0.90,6,0,0
38,2,478,475,105,77,0.86,4,0,0
38,3,345,654,169,65,0.79,4,0,0
38,4,608,395,69,47,0.78,4,0,0
38,5,832,293,30,21,0.78,4,0,0
38,6,852,336,43,30,0.75,4,0,0
38,7,944,323,35,21,0.73,4,0,0
38,8,611,366,57,36,0.70,4,0,0
38,9,899,274,26,18,0.68,4,0,0
38,10,970,279,28,19,0.68,4,0,0
38,11,883,367,70,75,0.52,6,0,0
38,12,1011,263,25,13,0.39,4,0,0
38,13,956,251,21,16,0.36,4,0,0
38,14,952,267,21,15,0.36,4,0,0
38,15,977,310,27,16,0.32,4,0,0
38,16,352,395,137,103,0.90,11,0,0
38,17,478,475,105,77,0.86,11,0,0
38,18,345,654,169,65,0.79,11,0,0
38,19,608,395,69,47,0.78,11,0,0
38,20,832,293,30,21,0.78,11,0,0
38,21,852,336,43,30,0.75,11,0,0
38,22,944,323,35,21,0.73,11,0,0
38,23,611,366,57,36,0.70,11,0,0
38,24,899,274,26,18,0.68,11,0,0
38,25,970,279,28,19,0.68,11,0,0
38,26,883,367,70,75,0.52,11,0,0
38,27,1011,263,25,13,0.39,11,0,0
38,28,956,251,21,16,0.36,11,0,0
38,29,952,267,21,15,0.36,11,0,0
38,30,977,310,27,16,0.32,11,0,0
39,1,396,622,157,95,0.89,4,0,0
39,2,303,408,150,108,0.89,6,0,0
39,3,513,464,99,69,0.87,4,0,0
39,4,584,403,74,51,0.82,4,0,0
39,5,861,336,42,25,0.80,4,0,0
39,6,582,372,64,38,0.78,4,0,0
39,7,823,296,32,21,0.77,4,0,0
39,8,947,320,34,22,0.76,4,0,0
39,9,893,276,27,17,0.72,4,0,0
39,10,973,278,28,18,0.67,4,0,0
39,11,981,307,27,16,0.44,4,0,0
39,12,1016,261,20,14,0.32,4,0,0
39,13,954,252,20,17,0.29,4,0,0
39,14,396,622,157,95,0.89,11,0,0
39,15,303,408,150,108,0.89,11,0,0
39,16,513,464,99,69,0.87,11,0,0
39,17,584,403,74,51,0.82,11,0,0
39,18,861,336,42,25,0.80,11,0,0
39,19,582,372,64,38,0.78,11,0,0
39,20,823,296,32,21,0.77,11,0,0
39,21,947,320,34,22,0.76,11,0,0
39,22,893,276,27,17,0.72,11,0,0
39,23,973,278,28,18,0.67,11,0,0
39,24,981,307,27,16,0.44,11,0,0
39,25,1016,261,20,14,0.32,11,0,0
39,26,954,252,20,17,0.29,11,0,0
40,1,437,602,143,94,0.91,4,0,0
40,2,255,422,159,111,0.91,6,0,0
40,3,815,299,32,21,0.80,4,0,0
40,4,560,379,65,41,0.79,4,0,0
40,5,544,449,88,67,0.78,4,0,0
40,6,559,414,77,43,0.77,4,0,0
40,7,951,319,35,20,0.75,4,0,0
40,8,887,278,27,18,0.73,4,0,0
40,9,868,332,42,25,0.72,4,0,0
40,10,983,305,28,17,0.54,4,0,0
40,11,976,275,27,20,0.51,4,0,0
40,12,1017,260,21,14,0.33,4,0,0
40,13,901,360,66,68,0.33,6,0,0
40,14,940,272,25,19,0.32,4,0,0
40,15,437,602,143,94,0.91,11,0,0
40,16,255,422,159,111,0.91,11,0,0
40,17,815,299,32,21,0.80,11,0,0
40,18,560,379,65,41,0.79,11,0,0
40,19,544,449,88,67,0.78,11,0,0
40,20,559,414,77,43,0.77,11,0,0
40,21,951,319,35,20,0.75,11,0,0
40,22,887,278,27,18,0.73,11,0,0
40,23,868,332,42,25,0.72,11,0,0
40,24,983,305,28,17,0.54,11,0,0
40,25,976,275,27,20,0.51,11,0,0
40,26,1017,260,21,14,0.33,11,0,0
40,27,901,360,66,68,0.33,11,0,0
40,28,940,272,25,19,0.32,11,0,0
41,1,453,593,141,92,0.91,4,0,0
41,2,226,429,169,121,0.89,6,0,0
41,3,544,384,71,43,0.82,4,0,0
41,4,873,329,40,26,0.80,4,0,0
41,5,556,445,90,61,0.78,4,0,0
41,6,811,300,32,22,0.78,4,0,0
41,7,884,280,27,18,0.75,4,0,0
41,8,953,316,34,22,0.73,4,0,0
41,9,906,358,62,65,0.55,6,0,0
41,10,977,275,28,19,0.55,4,0,0
41,11,546,422,79,51,0.46,4,0,0
41,12,985,303,29,18,0.39,4,0,0
41,13,939,272,24,20,0.32,4,0,0
41,14,453,593,141,92,0.91,11,0,0
41,15,226,429,169,121,0.89,11,0,0
41,16,544,384,71,43,0.82,11,0,0
41,17,873,329,40,26,0.80,11,0,0
41,18,556,445,90,61,0.78,11,0,0
41,19,811,300,32,22,0.78,11,0,0
41,20,884,280,27,18,0.75,11,0,0
41,21,953,316,34,22,0.73,11,0,0
41,22,906,358,62,65,0.55,11,0,0
41,23,977,275,28,19,0.55,11,0,0
41,24,546,422,79,51,0.46,11,0,0
41,25,985,303,29,18,0.39,11,0,0
41,26,939,272,24,20,0.32,11,0,0
42,1,494,574,129,85,0.89,4,0,0
42,2,162,440,185,129,0.89,6,0,0
42,3,586,431,83,66,0.82,4,0,0
42,4,520,392,70,47,0.81,4,0,0
42,5,517,430,83,54,0.80,4,0,0
42,6,803,303,31,21,0.80,4,0,0
42,7,878,281,28,20,0.76,4,0,0
42,8,880,327,38,24,0.72,4,0,0
42,9,957,316,33,22,0.62,4,0,0
42,10,981,275,25,18,0.48,4,0,0
42,11,986,300,29,18,0.29,4,0,0
42,12,913,355,61,62,0.29,6,0,0
42,13,935,273,24,16,0.26,4,0,0
42,14,494,574,129,85,0.89,11,0,0
42,15,162,440,185,129,0.89,11,0,0
42,16,586,431,83,66,0.82,11,0,0
42,17,520,392,70,47,0.81,11,0,0
42,18,517,430,83,54,0.80,11,0,0
42,19,803,303,31,21,0.80,11,0,0
42,20,878,281,28,20,0.76,11,0,0
42,21,880,327,38,24,0.72,11,0,0
42,22,957,316,33,22,0.62,11,0,0
42,23,981,275,25,18,0.48,11,0,0
42,24,986,300,29,18,0.29,11,0,0
42,25,913,355,61,62,0.29,11,0,0
42,26,935,273,24,16,0.26,11,0,0
43,1,94,449,204,149,0.89,6,0,0
43,2,527,557,120,82,0.88,4,0,0
43,3,488,398,74,50,0.87,4,0,0
43,4,487,437,95,62,0.86,4,0,0
43,5,609,423,77,60,0.81,4,0,0
43,6,794,305,33,22,0.78,4,0,0
43,7,872,284,29,20,0.78,4,0,0
43,8,886,324,37,23,0.60,4,0,0
43,9,983,273,25,18,0.51,4,0,0
43,10,960,315,33,21,0.38,4,0,0
43,11,988,301,28,16,0.31,4,0,0
43,12,930,271,26,20,0.31,4,0,0
43,13,967,260,20,17,0.26,4,0,0
43,14,94,449,204,149,0.89,11,0,0
43,15,527,557,120,82,0.88,11,0,0
43,16,488,398,74,50,0.87,11,0,0
43,17,487,437,95,62,0.86,11,0,0
43,18,609,423,77,60,0.81,11,0,0
43,19,794,305,33,22,0.78,11,0,0
43,20,872,284,29,20,0.78,11,0,0
43,21,886,324,37,23,0.60,11,0,0
43,22,983,273,25,18,0.51,11,0,0
43,23,960,315,33,21,0.38,11,0,0
43,24,988,301,28,16,0.31,11,0,0
43,25,930,271,26,20,0.31,11,0,0
43,26,967,260,20,17,0.26,11,0,0
44,1,13,465,227,166,0.92,6,0,0
44,2,559,541,112,73,0.91,4,0,0
44,3,456,450,99,65,0.88,4,0,0
44,4,630,415,74,57,0.86,4,0,0
44,5,453,408,81,51,0.82,4,0,0
44,6,783,308,36,23,0.81,4,0,0
44,7,892,320,36,24,0.79,4,0,0
44,8,865,286,29,20,0.77,4,0,0
44,9,985,271,26,19,0.38,4,0,0
44,10,962,263,23,15,0.37,4,0,0
44,11,964,314,32,22,0.37,4,0,0
44,12,991,300,27,16,0.32,4,0,0
44,13,925,277,27,16,0.31,4,0,0
44,14,13,465,227,166,0.92,11,0,0
44,15,559,541,112,73,0.91,11,0,0
44,16,456,450,99,65,0.88,11,0,0
44,17,630,415,74,57,0.86,11,0,0
44,18,453,408,81,51,0.82,11,0,0
44,19,783,308,36,23,0.81,11,0,0
44,20,892,320,36,24,0.79,11,0,0
44,21,865,286,29,20,0.77,11,0,0
44,22,985,271,26,19,0.38,11,0,0
44,23,962,263,23,15,0.37,11,0,0
44,24,964,314,32,22,0.37,11,0,0
44,25,991,300,27,16,0.32,11,0,0
44,26,925,277,27,16,0.31,11,0,0
45,1,584,526,107,69,0.89,4,0,0
45,2,420,463,107,68,0.88,4,0,0
45,3,422,419,83,55,0.82,4,0,0
45,4,776,311,34,24,0.80,4,0,0
45,5,898,318,36,23,0.79,4,0,0
45,6,860,289,29,20,0.78,4,0,0
45,7,649,408,69,57,0.76,4,0,0
45,8,0,483,180,174,0.54,6,0,0
45,9,919,278,27,18,0.44,4,0,0
45,10,967,312,31,25,0.39,4,0,0
45,11,987,260,26,29,0.37,4,0,0
45,12,959,265,22,15,0.35,4,0,0
45,13,584,526,107,69,0.89,11,0,0
45,14,420,463,107,68,0.88,11,0,0
45,15,422,419,83,55,0.82,11,0,0
45,16,776,311,34,24,0.80,11,0,0
45,17,898,318,36,23,0.79,11,0,0
45,18,860,289,29,20,0.78,11,0,0
45,19,649,408,69,57,0.76,11,0,0
45,20,0,483,180,174,0.54,11,0,0
45,21,919,278,27,18,0.44,11,0,0
45,22,967,312,31,25,0.39,11,0,0
45,23,987,260,26,29,0.37,11,0,0
45,24,959,265,22,15,0.35,11,0,0
46,1,612,512,98,65,0.88,4,0,0
46,2,380,480,114,69,0.87,4,0,0
46,3,376,430,99,60,0.86,4,0,0
46,4,765,316,36,22,0.83,4,0,0
46,5,671,401,66,52,0.81,4,0,0
46,6,853,291,31,21,0.80,4,0,0
46,7,904,313,35,25,0.68,4,0,0
46,8,914,280,28,18,0.54,4,0,0
46,9,955,267,23,14,0.51,4,0,0
46,10,970,309,31,21,0.44,4,0,0
46,11,988,271,27,17,0.42,4,0,0
46,12,0,512,100,135,0.42,6,0,0
46,13,996,298,26,16,0.25,4,0,0
46,14,612,512,98,65,0.88,11,0,0
46,15,380,480,114,69,0.87,11,0,0
46,16,376,430,99,60,0.86,11,0,0
46,17,765,316,36,22,0.83,11,0,0
46,18,671,401,66,52,0.81,11,0,0
46,19,853,291,31,21,0.80,11,0,0
46,20,904,313,35,25,0.68,11,0,0
46,21,914,280,28,18,0.54,11,0,0
46,22,955,267,23,14,0.51,11,0,0
46,23,970,309,31,21,0.44,11,0,0
46,24,988,271,27,17,0.42,11,0,0
46,25,0,512,100,135,0.42,11,0,0
46,26,996,298,26,16,0.25,11,0,0
47,1,338,495,124,76,0.88,4,0,0
47,2,638,494,92,67,0.88,4,0,0
47,3,332,443,106,64,0.87,4,0,0
47,4,845,293,33,23,0.81,4,0,0
47,5,753,318,38,24,0.81,4,0,0
47,6,688,394,62,50,0.71,4,0,0
47,7,910,313,32,23,0.66,4,0,0
47,8,909,282,26,18,0.63,4,0,0
47,9,973,309,31,19,0.50,4,0,0
47,10,950,269,25,16,0.50,4,0,0
47,11,933,344,22,19,0.43,4,0,0
47,12,991,270,26,16,0.37,4,0,0
47,13,979,258,21,16,0.36,4,0,0
47,14,1000,297,23,14,0.29,4,0,0
47,15,338,495,124,76,0.88,11,0,0
47,16,638,494,92,67,0.88,11,0,0
47,17,332,443,106,64,0.87,11,0,0
47,18,845,293,33,23,0.81,11,0,0
47,19,753,318,38,24,0.81,11,0,0
47,20,688,394,62,50,0.71,11,0,0
47,21,910,313,32,23,0.66,11,0,0
47,22,909,282,26,18,0.63,11,0,0
47,23,973,309,31,19,0.50,11,0,0
47,24,950,269,25,16,0.50,11,0,0
47,25,933,344,22,19,0.43,11,0,0
47,26,991,270,26,16,0.37,11,0,0
47,27,979,258,21,16,0.36,11,0,0
47,28,1000,297,23,14,0.29,11,0,0
48,1,288,456,109,70,0.90,4,0,0
48,2,295,509,133,82,0.90,4,0,0
48,3,657,485,90,61,0.88,4,0,0
48,4,703,387,62,49,0.85,4,0,0
48,5,838,296,33,23,0.83,4,0,0
48,6,743,321,39,26,0.80,4,0,0
48,7,915,309,31,24,0.72,4,0,0
48,8,903,284,29,19,0.59,4,0,0
48,9,977,308,30,18,0.48,4,0,0
48,10,937,341,23,18,0.37,4,0,0
48,11,994,269,25,17,0.34,4,0,0
48,12,1032,253,21,12,0.31,4,0,0
48,13,976,261,22,14,0.28,4,0,0
48,14,288,456,109,70,0.90,11,0,0
48,15,295,509,133,82,0.90,11,0,0
48,16,657,485,90,61,0.88,11,0,0
48,17,703,387,62,49,0.85,11,0,0
48,18,838,296,33,23,0.83,11,0,0
48,19,743,321,39,26,0.80,11,0,0
48,20,915,309,31,24,0.72,11,0,0
48,21,903,284,29,19,0.59,11,0,0
48,22,977,308,30,18,0.48,11,0,0
48,23,937,341,23,18,0.37,11,0,0
48,24,994,269,25,17,0.34,11,0,0
48,25,1032,253,21,12,0.31,11,0,0
48,26,976,261,22,14,0.28,11,0,0
49,1,274,514,135,87,0.89,4,0,0
49,2,261,464,111,71,0.88,4,0,0
49,3,669,479,85,58,0.88,4,0,0
49,4,834,299,32,23,0.82,4,0,0
49,5,735,321,41,29,0.81,4,0,0
49,6,711,383,62,48,0.81,4,0,0
49,7,917,308,34,23,0.70,4,0,0
49,8,900,285,29,19,0.61,4,0,0
49,9,980,308,29,17,0.45,4,0,0
49,10,973,260,24,16,0.44,4,0,0
49,11,1033,253,21,12,0.44,4,0,0
49,12,995,269,25,16,0.39,4,0,0
49,13,943,271,25,17,0.32,4,0,0
49,14,911,266,23,21,0.32,4,0,0
49,15,274,514,135,87,0.89,11,0,0
49,16,261,464,111,71,0.88,11,0,0
49,17,669,479,85,58,0.88,11,0,0
49,18,834,299,32,23,0.82,11,0,0
49,19,735,321,41,29,0.81,11,0,0
49,20,711,383,62,48,0.81,11,0,0
49,21,917,308,34,23,0.70,11,0,0
49,22,900,285,29,19,0.61,11,0,0
49,23,980,308,29,17,0.45,11,0,0
49,24,973,260,24,16,0.44,11,0,0
49,25,1033,253,21,12,0.44,11,0,0
49,26,995,269,25,16,0.39,11,0,0
49,27,943,271,25,17,0.32,11,0,0
49,28,911,266,23,21,0.32,11,0,0
50,1,231,533,136,86,0.87,4,0,0
50,2,207,477,118,80,0.87,4,0,0
50,3,688,470,82,53,0.86,4,0,0
50,4,826,302,35,23,0.81,4,0,0
50,5,725,328,40,25,0.79,4,0,0
50,6,726,377,58,48,0.70,4,0,0
50,7,894,286,27,20,0.70,4,0,0
50,8,922,307,32,22,0.68,4,0,0
50,9,938,273,27,17,0.51,4,0,0
50,10,969,264,23,13,0.49,4,0,0
50,11,982,308,29,16,0.40,4,0,0
50,12,999,268,23,16,0.40,4,0,0
50,13,1035,253,20,12,0.38,4,0,0
50,14,905,269,23,19,0.33,4,0,0
50,15,944,339,27,17,0.31,4,0,0
50,16,231,533,136,86,0.87,11,0,0
50,17,207,477,118,80,0.87,11,0,0
50,18,688,470,82,53,0.86,11,0,0
50,19,826,302,35,23,0.81,11,0,0
50,20,725,328,40,25,0.79,11,0,0
50,21,726,377,58,48,0.70,11,0,0
50,22,894,286,27,20,0.70,11,0,0
50,23,922,307,32,22,0.68,11,0,0
50,24,938,273,27,17,0.51,11,0,0
50,25,969,264,23,13,0.49,11,0,0
50,26,982,308,29,16,0.40,11,0,0
50,27,999,268,23,16,0.40,11,0,0
50,28,1035,253,20,12,0.38,11,0,0
50,29,905,269,23,19,0.33,11,0,0
50,30,944,339,27,17,0.31,11,0,0
51,1,144,496,135,83,0.89,4,0,0
51,2,165,551,158,98,0.89,4,0,0
51,3,708,463,76,48,0.83,4,0,0
51,4,818,305,35,25,0.83,4,0,0
51,5,713,332,41,27,0.82,4,0,0
51,6,739,372,57,46,0.80,4,0,0
51,7,927,305,31,20,0.71,4,0,0
51,8,887,288,29,20,0.69,4,0,0
51,9,966,265,23,14,0.57,4,0,0
51,10,933,276,27,17,0.55,4,0,0
51,11,1001,267,22,15,0.40,4,0,0
51,12,984,309,31,13,0.26,4,0,0
51,13,144,496,135,83,0.89,11,0,0
51,14,165,551,158,98,0.89,11,0,0
51,15,708,463,76,48,0.83,11,0,0
51,16,818,305,35,25,0.83,11,0,0
51,17,713,332,41,27,0.82,11,0,0
51,18,739,372,57,46,0.80,11,0,0
51,19,927,305,31,20,0.71,11,0,0
51,20,887,288,29,20,0.69,11,0,0
51,21,966,265,23,14,0.57,11,0,0
51,22,933,276,27,17,0.55,11,0,0
51,23,1001,267,22,15,0.40,11,0,0
51,24,984,309,31,13,0.26,11,0,0
52,1,99,575,175,106,0.90,4,0,0
52,2,73,515,149,94,0.89,4,0,0
52,3,723,452,75,48,0.85,4,0,0
52,4,809,309,36,25,0.82,4,0,0
52,5,699,336,44,27,0.82,4,0,0
52,6,753,367,55,44,0.70,4,0,0
52,7,880,291,29,20,0.68,4,0,0
52,8,931,305,33,19,0.64,4,0,0
52,9,962,266,24,15,0.59,4,0,0
52,10,928,278,28,17,0.47,4,0,0
52,11,1003,265,22,16,0.31,4,0,0
52,12,99,575,175,106,0.90,11,0,0
52,13,73,515,149,94,0.89,11,0,0
52,14,723,452,75,48,0.85,11,0,0
52,15,809,309,36,25,0.82,11,0,0
52,16,699,336,44,27,0.82,11,0,0
52,17,753,367,55,44,0.70,11,0,0
52,18,880,291,29,20,0.68,11,0,0
52,19,931,305,33,19,0.64,11,0,0
52,20,962,266,24,15,0.59,11,0,0
52,21,928,278,28,17,0.47,11,0,0
52,22,1003,265,22,16,0.31,11,0,0
53,1,0,537,159,101,0.91,4,0,0
53,2,25,601,196,113,0.88,4,0,0
53,3,799,312,37,27,0.83,4,0,0
53,4,740,441,72,48,0.82,4,0,0
53,5,686,340,44,29,0.80,4,0,0
53,6,873,296,29,19,0.78,4,0,0
53,7,766,362,54,43,0.67,4,0,0
53,8,935,305,32,17,0.64,4,0,0
53,9,957,268,25,16,0.58,4,0,0
53,10,923,279,28,18,0.40,4,0,0
53,11,913,302,14,14,0.33,4,0,0
53,12,1005,265,23,15,0.30,4,0,0
53,13,955,330,29,20,0.29,4,0,0
53,14,885,277,23,19,0.27,4,0,0
53,15,0,537,159,101,0.91,11,0,0
53,16,25,601,196,113,0.88,11,0,0
53,17,799,312,37,27,0.83,11,0,0
53,18,740,441,72,48,0.82,11,0,0
53,19,686,340,44,29,0.80,11,0,0
53,20,873,296,29,19,0.78,11,0,0
53,21,766,362,54,43,0.67,11,0,0
53,22,935,305,32,17,0.64,11,0,0
53,23,957,268,25,16,0.58,11,0,0
53,24,923,279,28,18,0.40,11,0,0
53,25,913,302,14,14,0.33,11,0,0
53,26,1005,265,23,15,0.30,11,0,0
53,27,955,330,29,20,0.29,11,0,0
53,28,885,277,23,19,0.27,11,0,0
54,1,866,297,31,21,0.81,4,0,0
54,2,673,344,46,30,0.81,4,0,0
54,3,754,435,70,43,0.81,4,0,0
54,4,779,360,51,40,0.80,4,0,0
54,5,788,319,39,25,0.80,4,0,0
54,6,0,625,163,93,0.76,4,0,0
54,7,0,563,81,86,0.63,4,0,0
54,8,941,305,25,14,0.59,4,0,0
54,9,912,299,13,19,0.55,4,0,0
54,10,917,281,28,18,0.54,4,0,0
54,11,954,270,25,16,0.50,4,0,0
54,12,880,276,27,23,0.40,4,0,0
54,13,1007,264,23,15,0.35,4,0,0
54,14,866,297,31,21,0.81,11,0,0
54,15,673,344,46,30,0.81,11,0,0
54,16,754,435,70,43,0.81,11,0,0
54,17,779,360,51,40,0.80,11,0,0
54,18,788,319,39,25,0.80,11,0,0
54,19,0,625,163,93,0.76,11,0,0
54,20,0,563,81,86,0.63,11,0,0
54,21,941,305,25,14,0.59,11,0,0
54,22,912,299,13,19,0.55,11,0,0
54,23,917,281,28,18,0.54,11,0,0
54,24,954,270,25,16,0.50,11,0,0
54,25,880,276,27,23,0.40,11,0,0
54,26,1007,264,23,15,0.35,11,0,0
55,1,658,350,48,28,0.81,4,0,0
55,2,777,321,41,28,0.81,4,0,0
55,3,769,419,67,50,0.80,4,0,0
55,4,857,299,34,23,0.78,4,0,0
55,5,253,667,171,52,0.74,4,0,0
55,6,791,353,50,40,0.71,4,0,0
55,7,0,652,96,67,0.63,4,0,0
55,8,944,299,28,19,0.58,4,0,0
55,9,913,283,28,20,0.57,4,0,0
55,10,948,271,27,16,0.43,4,0,0
55,11,909,302,14,17,0.37,4,0,0
55,12,873,277,28,23,0.35,4,0,0
55,13,1010,263,22,15,0.27,4,0,0
55,14,658,350,48,28,0.81,11,0,0
55,15,777,321,41,28,0.81,11,0,0
55,16,769,419,67,50,0.80,11,0,0
55,17,857,299,34,23,0.78,11,0,0
55,18,253,667,171,52,0.74,11,0,0
55,19,791,353,50,40,0.71,11,0,0
55,20,0,652,96,67,0.63,11,0,0
55,21,944,299,28,19,0.58,11,0,0
55,22,913,283,28,20,0.57,11,0,0
55,23,948,271,27,16,0.43,11,0,0
55,24,909,302,14,17,0.37,11,0,0
55,25,873,277,28,23,0.35,11,0,0
55,26,1010,263,22,15,0.27,11,0,0
56,1,289,637,182,81,0.86,4,0,0
56,2,782,418,65,42,0.84,4,0,0
56,3,767,326,41,28,0.83,4,0,0
56,4,641,353,51,33,0.81,4,0,0
56,5,803,348,48,40,0.79,4,0,0
56,6,849,302,34,23,0.75,4,0,0
56,7,948,298,26,17,0.62,4,0,0
56,8,944,274,26,15,0.43,4,0,0
56,9,866,278,28,25,0.42,4,0,0
56,10,906,285,30,20,0.40,4,0,0
56,11,1012,261,22,16,0.36,4,0,0
56,12,971,252,20,12,0.26,4,0,0
56,13,289,637,182,81,0.86,11,0,0
56,14,782,418,65,42,0.84,11,0,0
56,15,767,326,41,28,0.83,11,0,0
56,16,641,353,51,33,0.81,11,0,0
56,17,803,348,48,40,0.79,11,0,0
56,18,849,302,34,23,0.75,11,0,0
56,19,948,298,26,17,0.62,11,0,0
56,20,944,274,26,15,0.43,11,0,0
56,21,866,278,28,25,0.42,11,0,0
56,22,906,285,30,20,0.40,11,0,0
56,23,1012,261,22,16,0.36,11,0,0
56,24,971,252,20,12,0.26,11,0,0
57,1,317,625,176,93,0.87,4,0,0
57,2,788,416,65,40,0.84,4,0,0
57,3,808,345,48,40,0.82,4,0,0
57,4,759,328,44,29,0.82,4,0,0
57,5,631,355,53,34,0.81,4,0,0
57,6,844,304,33,22,0.78,4,0,0
57,7,951,298,26,16,0.61,4,0,0
57,8,941,275,27,16,0.53,4,0,0
57,9,903,288,30,18,0.45,4,0,0
57,10,861,281,29,25,0.43,4,0,0
57,11,969,252,20,13,0.26,4,0,0
57,12,317,625,176,93,0.87,11,0,0
57,13,788,416,65,40,0.84,11,0,0
57,14,808,345,48,40,0.82,11,0,0
57,15,759,328,44,29,0.82,11,0,0
57,16,631,355,53,34,0.81,11,0,0
57,17,844,304,33,22,0.78,11,0,0
57,18,951,298,26,16,0.61,11,0,0
57,19,941,275,27,16,0.53,11,0,0
57,20,903,288,30,18,0.45,11,0,0
57,21,861,281,29,25,0.43,11,0,0
57,22,969,252,20,13,0.26,11,0,0
58,1,374,599,157,104,0.88,4,0,0
58,2,800,408,63,42,0.84,4,0,0
58,3,748,332,42,30,0.84,4,0,0
58,4,615,364,54,30,0.82,4,0,0
58,5,836,308,36,21,0.76,4,0,0
58,6,819,344,47,36,0.69,4,0,0
58,7,954,296,28,16,0.67,4,0,0
58,8,854,282,31,26,0.66,4,0,0
58,9,896,290,32,20,0.52,4,0,0
58,10,937,276,27,17,0.49,4,0,0
58,11,1048,264,19,16,0.26,4,0,0
58,12,374,599,157,104,0.88,11,0,0
58,13,800,408,63,42,0.84,11,0,0
58,14,748,332,42,30,0.84,11,0,0
58,15,615,364,54,30,0.82,11,0,0
58,16,836,308,36,21,0.76,11,0,0
58,17,819,344,47,36,0.69,11,0,0
58,18,954,296,28,16,0.67,11,0,0
58,19,854,282,31,26,0.66,11,0,0
58,20,896,290,32,20,0.52,11,0,0
58,21,937,276,27,17,0.49,11,0,0
58,22,1048,264,19,16,0.26,11,0,0
59,1,427,579,143,95,0.88,4,0,0
59,2,732,338,45,32,0.85,4,0,0
59,3,812,403,60,38,0.83,4,0,0
59,4,594,369,56,36,0.77,4,0,0
59,5,826,310,37,25,0.69,4,0,0
59,6,958,293,28,17,0.68,4,0,0
59,7,829,341,45,32,0.67,4,0,0
59,8,932,278,27,18,0.56,4,0,0
59,9,888,293,34,20,0.50,4,0,0
59,10,845,285,33,25,0.46,4,0,0
59,11,986,258,21,15,0.30,4,0,0
59,12,1016,259,22,15,0.28,4,0,0
59,13,427,579,143,95,0.88,11,0,0
59,14,732,338,45,32,0.85,11,0,0
59,15,812,403,60,38,0.83,11,0,0
59,16,594,369,56,36,0.77,11,0,0
59,17,826,310,37,25,0.69,11,0,0
59,18,958,293,28,17,0.68,11,0,0
59,19,829,341,45,32,0.67,11,0,0
59,20,932,278,27,18,0.56,11,0,0
59,21,888,293,34,20,0.50,11,0,0
59,22,845,285,33,25,0.46,11,0,0
59,23,986,258,21,15,0.30,11,0,0
59,24,1016,259,22,15,0.28,11,0,0
60,1,469,558,135,87,0.90,4,0,0
60,2,823,398,59,36,0.85,4,0,0
60,3,719,344,47,31,0.84,4,0,0
60,4,575,375,58,36,0.82,4,0,0
60,5,816,313,39,25,0.78,4,0,0
60,6,840,335,44,35,0.72,4,0,0
60,7,961,292,28,17,0.65,4,0,0
60,8,881,295,33,21,0.54,4,0,0
60,9,837,289,33,25,0.54,4,0,0
60,10,925,280,29,18,0.53,4,0,0
60,11,983,258,22,16,0.33,4,0,0
60,12,469,558,135,87,0.90,11,0,0
60,13,823,398,59,36,0.85,11,0,0
60,14,719,344,47,31,0.84,11,0,0
60,15,575,375,58,36,0.82,11,0,0
60,16,816,313,39,25,0.78,11,0,0
60,17,840,335,44,35,0.72,11,0,0
60,18,961,292,28,17,0.65,11,0,0
60,19,881,295,33,21,0.54,11,0,0
60,20,837,289,33,25,0.54,11,0,0
60,21,925,280,29,18,0.53,11,0,0
60,22,983,258,22,16,0.33,11,0,0
61,1,509,540,124,81,0.89,4,0,0
61,2,703,350,49,32,0.83,4,0,0
61,3,849,332,43,33,0.82,4,0,0
61,4,555,382,59,37,0.82,4,0,0
61,5,805,316,41,24,0.81,4,0,0
61,6,834,394,57,33,0.80,4,0,0
61,7,965,291,26,16,0.70,4,0,0
61,8,920,282,29,19,0.67,4,0,0
61,9,874,299,35,22,0.55,4,0,0
61,10,829,288,34,28,0.52,4,0,0
61,11,980,260,21,15,0.30,4,0,0
61,12,509,540,124,81,0.89,11,0,0
61,13,703,350,49,32,0.83,11,0,0
61,14,849,332,43,33,0.82,11,0,0
61,15,555,382,59,37,0.82,11,0,0
61,16,805,316,41,24,0.81,11,0,0
61,17,834,394,57,33,0.80,11,0,0
61,18,965,291,26,16,0.70,11,0,0
61,19,920,282,29,19,0.67,11,0,0
61,20,874,299,35,22,0.55,11,0,0
61,21,829,288,34,28,0.52,11,0,0
61,22,980,260,21,15,0.30,11,0,0
62,1,545,524,115,74,0.88,4,0,0
62,2,687,356,51,34,0.85,4,0,0
62,3,845,385,54,36,0.82,4,0,0
62,4,793,321,41,24,0.79,4,0,0
62,5,532,390,63,38,0.78,4,0,0
62,6,912,284,32,19,0.76,4,0,0
62,7,859,328,42,33,0.72,4,0,0
62,8,865,301,39,26,0.71,4,0,0
62,9,818,292,34,29,0.70,4,0,0
62,10,969,289,27,16,0.60,4,0,0
62,11,976,262,23,15,0.47,4,0,0
62,12,949,258,21,16,0.39,4,0,0
62,13,545,524,115,74,0.88,11,0,0
62,14,687,356,51,34,0.85,11,0,0
62,15,845,385,54,36,0.82,11,0,0
62,16,793,321,41,24,0.79,11,0,0
62,17,532,390,63,38,0.78,11,0,0
62,18,912,284,32,19,0.76,11,0,0
62,19,859,328,42,33,0.72,11,0,0
62,20,865,301,39,26,0.71,11,0,0
62,21,818,292,34,29,0.70,11,0,0
62,22,969,289,27,16,0.60,11,0,0
62,23,976,262,23,15,0.47,11,0,0
62,24,949,258,21,16,0.39,11,0,0
63,1,578,511,106,66,0.85,4,0,0
63,2,504,399,71,41,0.84,4,0,0
63,3,669,365,54,33,0.83,4,0,0
63,4,780,324,43,27,0.83,4,0,0
63,5,853,381,54,33,0.81,4,0,0
63,6,807,298,37,26,0.77,4,0,0
63,7,867,326,40,31,0.76,4,0,0
63,8,860,304,42,23,0.72,4,0,0
63,9,906,288,34,18,0.71,4,0,0
63,10,946,259,21,16,0.40,4,0,0
63,11,974,263,23,15,0.32,4,0,0
63,12,578,511,106,66,0.85,11,0,0
63,13,504,399,71,41,0.84,11,0,0
63,14,669,365,54,33,0.83,11,0,0
63,15,780,324,43,27,0.83,11,0,0
63,16,853,381,54,33,0.81,11,0,0
63,17,807,298,37,26,0.77,11,0,0
63,18,867,326,40,31,0.76,11,0,0
63,19,860,304,42,23,0.72,11,0,0
63,20,906,288,34,18,0.71,11,0,0
63,21,946,259,21,16,0.40,11,0,0
63,22,974,263,23,15,0.32,11,0,0
64,1,605,494,101,65,0.88,4,0,0
64,2,475,408,72,43,0.84,4,0,0
64,3,862,373,52,35,0.83,4,0,0
64,4,650,370,57,38,0.82,4,0,0
64,5,768,328,45,29,0.81,4,0,0
64,6,798,300,37,29,0.70,4,0,0
64,7,852,306,41,23,0.64,4,0,0
64,8,900,290,33,18,0.63,4,0,0
64,9,876,320,38,35,0.60,4,0,0
64,10,941,260,21,16,0.46,4,0,0
64,11,976,286,24,15,0.41,4,0,0
64,12,605,494,101,65,0.88,11,0,0
64,13,475,408,72,43,0.84,11,0,0
64,14,862,373,52,35,0.83,11,0,0
64,15,650,370,57,38,0.82,11,0,0
64,16,768,328,45,29,0.81,11,0,0
64,17,798,300,37,29,0.70,11,0,0
64,18,852,306,41,23,0.64,11,0,0
64,19,900,290,33,18,0.63,11,0,0
64,20,876,320,38,35,0.60,11,0,0
64,21,941,260,21,16,0.46,11,0,0
64,22,976,286,24,15,0.41,11,0,0
65,1,620,490,97,62,0.87,4,0,0
65,2,459,412,74,46,0.82,4,0,0
65,3,760,331,46,28,0.82,4,0,0
65,4,640,376,57,37,0.82,4,0,0
65,5,866,372,52,33,0.82,4,0,0
65,6,846,308,44,23,0.72,4,0,0
65,7,792,300,38,32,0.66,4,0,0
65,8,895,290,35,20,0.61,4,0,0
65,9,978,284,25,17,0.59,4,0,0
65,10,938,263,22,15,0.51,4,0,0
65,11,879,320,39,33,0.48,4,0,0
65,12,620,490,97,62,0.87,11,0,0
65,13,459,412,74,46,0.82,11,0,0
65,14,760,331,46,28,0.82,11,0,0
65,15,640,376,57,37,0.82,11,0,0
65,16,866,372,52,33,0.82,11,0,0
65,17,846,308,44,23,0.72,11,0,0
65,18,792,300,38,32,0.66,11,0,0
65,19,895,290,35,20,0.61,11,0,0
65,20,978,284,25,17,0.59,11,0,0
65,21,938,263,22,15,0.51,11,0,0
65,22,879,320,39,33,0.48,11,0,0
66,1,428,420,80,51,0.87,4,0,0
66,2,642,478,92,60,0.86,4,0,0
66,3,620,385,61,36,0.84,4,0,0
66,4,875,367,49,33,0.83,4,0,0
66,5,749,337,46,28,0.81,4,0,0
66,6,837,312,40,22,0.79,4,0,0
66,7,886,319,37,30,0.69,4,0,0
66,8,889,293,34,20,0.62,4,0,0
66,9,934,264,22,15,0.62,4,0,0
66,10,783,304,39,32,0.58,4,0,0
66,11,980,284,24,14,0.58,4,0,0
66,12,968,264,21,16,0.42,4,0,0
66,13,335,397,17,38,0.34,1,0,0
66,14,995,307,31,19,0.27,4,0,0
66,15,428,420,80,51,0.87,11,0,0
66,16,642,478,92,60,0.86,11,0,0
66,17,620,385,61,36,0.84,11,0,0
66,18,875,367,49,33,0.83,11,0,0
66,19,749,337,46,28,0.81,11,0,0
66,20,837,312,40,22,0.79,11,0,0
66,21,886,319,37,30,0.69,11,0,0
66,22,889,293,34,20,0.62,11,0,0
66,23,934,264,22,15,0.62,11,0,0
66,24,783,304,39,32,0.58,11,0,0
66,25,980,284,24,14,0.58,11,0,0
66,26,968,264,21,16,0.42,11,0,0
66,27,335,397,17,38,0.34,11,0,0
66,28,995,307,31,19,0.27,11,0,0
67,1,393,432,87,54,0.87,4,0,0
67,2,667,465,84,61,0.85,4,0,0
67,3,594,394,67,39,0.83,4,0,0
67,4,882,366,49,29,0.81,4,0,0
67,5,733,340,50,31,0.80,4,0,0
67,6,828,315,39,23,0.79,4,0,0
67,7,769,308,40,33,0.78,4,0,0
67,8,928,266,24,15,0.63,4,0,0
67,9,982,282,26,15,0.55,4,0,0
67,10,893,314,36,31,0.54,4,0,0
67,11,881,295,36,32,0.48,4,0,0
67,12,997,305,31,18,0.44,4,0,0
67,13,963,266,24,16,0.35,4,0,0
67,14,974,248,19,15,0.34,4,0,0
67,15,340,396,16,38,0.33,1,0,0
67,16,393,432,87,54,0.87,11,0,0
67,17,667,465,84,61,0.85,11,0,0
67,18,594,394,67,39,0.83,11,0,0
67,19,882,366,49,29,0.81,11,0,0
67,20,733,340,50,31,0.80,11,0,0
67,21,828,315,39,23,0.79,11,0,0
67,22,769,308,40,33,0.78,11,0,0
67,23,928,266,24,15,0.63,11,0,0
67,24,982,282,26,15,0.55,11,0,0
67,25,893,314,36,31,0.54,11,0,0
67,26,881,295,36,32,0.48,11,0,0
67,27,997,305,31,18,0.44,11,0,0
67,28,963,266,24,16,0.35,11,0,0
67,29,974,248,19,15,0.34,11,0,0
67,30,340,396,16,38,0.33,11,0,0
68,1,687,456,83,55,0.87,4,0,0
68,2,570,403,68,42,0.86,4,0,0
68,3,359,446,91,54,0.86,4,0,0
68,4,717,344,52,33,0.85,4,0,0
68,5,891,361,46,29,0.80,4,0,0
68,6,757,314,40,29,0.80,4,0,0
68,7,817,319,41,24,0.79,4,0,0
68,8,923,268,25,16,0.63,4,0,0
68,9,901,315,34,26,0.63,4,0,0
68,10,874,299,36,23,0.61,4,0,0
68,11,985,280,27,16,0.60,4,0,0
68,12,1001,305,29,17,0.48,4,0,0
68,13,970,250,24,15,0.38,4,0,0
68,14,959,268,25,17,0.30,4,0,0
68,15,1033,249,20,16,0.27,4,0,0
68,16,687,456,83,55,0.87,11,0,0
68,17,570,403,68,42,0.86,11,0,0
68,18,359,446,91,54,0.86,11,0,0
68,19,717,344,52,33,0.85,11,0,0
68,20,891,361,46,29,0.80,11,0,0
68,21,757,314,40,29,0.80,11,0,0
68,22,817,319,41,24,0.79,11,0,0
68,23,923,268,25,16,0.63,11,0,0
68,24,901,315,34,26,0.63,11,0,0
68,25,874,299,36,23,0.61,11,0,0
68,26,985,280,27,16,0.60,11,0,0
68,27,1001,305,29,17,0.48,11,0,0
68,28,970,250,24,15,0.38,11,0,0
68,29,959,268,25,17,0.30,11,0,0
68,30,1033,249,20,16,0.27,11,0,0
69,1,706,447,78,52,0.86,4,0,0
69,2,317,460,98,58,0.85,4,0,0
69,3,541,414,75,43,0.85,4,0,0
69,4,698,350,57,34,0.81,4,0,0
69,5,898,357,46,29,0.80,4,0,0
69,6,807,321,42,28,0.80,4,0,0
69,7,746,317,41,33,0.71,4,0,0
69,8,989,279,25,15,0.65,4,0,0
69,9,868,302,36,24,0.62,4,0,0
69,10,917,270,26,16,0.58,4,0,0
69,11,906,310,36,30,0.52,4,0,0
69,12,955,269,25,17,0.52,4,0,0
69,13,967,251,23,15,0.49,4,0,0
69,14,1004,304,29,16,0.47,4,0,0
69,15,1036,251,19,13,0.31,4,0,0
69,16,706,447,78,52,0.86,11,0,0
69,17,317,460,98,58,0.85,11,0,0
69,18,541,414,75,43,0.85,11,0,0
69,19,698,350,57,34,0.81,11,0,0
69,20,898,357,46,29,0.80,11,0,0
69,21,807,321,42,28,0.80,11,0,0
69,22,746,317,41,33,0.71,11,0,0
69,23,989,279,25,15,0.65,11,0,0
69,24,868,302,36,24,0.62,11,0,0
69,25,917,270,26,16,0.58,11,0,0
69,26,906,310,36,30,0.52,11,0,0
69,27,955,269,25,17,0.52,11,0,0
69,28,967,251,23,15,0.49,11,0,0
69,29,1004,304,29,16,0.47,11,0,0
69,30,1036,251,19,13,0.31,11,0,0
70,1,268,473,114,65,0.88,4,0,0
70,2,723,438,76,51,0.84,4,0,0
70,3,906,354,44,28,0.84,4,0,0
70,4,509,425,80,50,0.83,4,0,0
70,5,796,327,44,27,0.82,4,0,0
70,6,682,353,56,37,0.80,4,0,0
70,7,731,319,43,34,0.78,4,0,0
70,8,913,307,34,28,0.65,4,0,0
70,9,857,305,38,24,0.65,4,0,0
70,10,992,278,24,15,0.60,4,0,0
70,11,953,269,27,18,0.57,4,0,0
70,12,912,270,25,18,0.53,4,0,0
70,13,1005,300,30,18,0.43,4,0,0
70,14,962,251,26,17,0.38,4,0,0
70,15,268,473,114,65,0.88,11,0,0
70,16,723,438,76,51,0.84,11,0,0
70,17,906,354,44,28,0.84,11,0,0
70,18,509,425,80,50,0.83,11,0,0
70,19,796,327,44,27,0.82,11,0,0
70,20,682,353,56,37,0.80,11,0,0
70,21,731,319,43,34,0.78,11,0,0
70,22,913,307,34,28,0.65,11,0,0
70,23,857,305,38,24,0.65,11,0,0
70,24,992,278,24,15,0.60,11,0,0
70,25,953,269,27,18,0.57,11,0,0
70,26,912,270,25,18,0.53,11,0,0
70,27,1005,300,30,18,0.43,11,0,0
70,28,962,251,26,17,0.38,11,0,0
71,1,214,489,117,66,0.90,4,0,0
71,2,475,433,86,56,0.87,4,0,0
71,3,741,429,72,48,0.85,4,0,0
71,4,661,364,59,33,0.82,4,0,0
71,5,784,331,46,28,0.81,4,0,0
71,6,913,351,41,27,0.80,4,0,0
71,7,848,308,38,24,0.69,4,0,0
71,8,919,305,32,26,0.64,4,0,0
71,9,907,273,26,17,0.60,4,0,0
71,10,718,323,43,36,0.57,4,0,0
71,11,995,277,24,14,0.54,4,0,0
71,12,950,273,25,17,0.46,4,0,0
71,13,1009,299,28,17,0.41,4,0,0
71,14,958,253,26,17,0.33,4,0,0
71,15,214,489,117,66,0.90,11,0,0
71,16,475,433,86,56,0.87,11,0,0
71,17,741,429,72,48,0.85,11,0,0
71,18,661,364,59,33,0.82,11,0,0
71,19,784,331,46,28,0.81,11,0,0
71,20,913,351,41,27,0.80,11,0,0
71,21,848,308,38,24,0.69,11,0,0
71,22,919,305,32,26,0.64,11,0,0
71,23,907,273,26,17,0.60,11,0,0
71,24,718,323,43,36,0.57,11,0,0
71,25,995,277,24,14,0.54,11,0,0
71,26,950,273,25,17,0.46,11,0,0
71,27,1009,299,28,17,0.41,11,0,0
71,28,958,253,26,17,0.33,11,0,0
72,1,440,446,92,60,0.88,4,0,0
72,2,159,508,127,70,0.88,4,0,0
72,3,774,335,46,30,0.83,4,0,0
72,4,641,369,63,37,0.82,4,0,0
72,5,755,420,70,48,0.81,4,0,0
72,6,703,328,45,38,0.80,4,0,0
72,7,920,347,41,27,0.79,4,0,0
72,8,839,311,39,27,0.68,4,0,0
72,9,925,304,32,25,0.54,4,0,0
72,10,997,275,24,15,0.47,4,0,0
72,11,901,275,26,18,0.47,4,0,0
72,12,1011,299,28,16,0.42,4,0,0
72,13,947,273,25,19,0.39,4,0,0
72,14,440,446,92,60,0.88,11,0,0
72,15,159,508,127,70,0.88,11,0,0
72,16,774,335,46,30,0.83,11,0,0
72,17,641,369,63,37,0.82,11,0,0
72,18,755,420,70,48,0.81,11,0,0
72,19,703,328,45,38,0.80,11,0,0
72,20,920,347,41,27,0.79,11,0,0
72,21,839,311,39,27,0.68,11,0,0
72,22,925,304,32,25,0.54,11,0,0
72,23,997,275,24,15,0.47,11,0,0
72,24,901,275,26,18,0.47,11,0,0
72,25,1011,299,28,16,0.42,11,0,0
72,26,947,273,25,19,0.39,11,0,0
73,1,126,517,128,76,0.88,4,0,0
73,2,416,454,97,60,0.87,4,0,0
73,3,762,419,69,45,0.86,4,0,0
73,4,766,337,48,31,0.85,4,0,0
73,5,695,332,46,37,0.82,4,0,0
73,6,625,372,69,38,0.80,4,0,0
73,7,923,346,39,26,0.78,4,0,0
73,8,834,314,41,26,0.73,4,0,0
73,9,928,301,31,26,0.66,4,0,0
73,10,897,277,27,17,0.61,4,0,0
73,11,1000,275,22,14,0.52,4,0,0
73,12,943,275,26,18,0.45,4,0,0
73,13,1013,298,26,16,0.37,4,0,0
73,14,952,254,26,18,0.36,4,0,0
73,15,126,517,128,76,0.88,11,0,0
73,16,416,454,97,60,0.87,11,0,0
73,17,762,419,69,45,0.86,11,0,0
73,18,766,337,48,31,0.85,11,0,0
73,19,695,332,46,37,0.82,11,0,0
73,20,625,372,69,38,0.80,11,0,0
73,21,923,346,39,26,0.78,11,0,0
73,22,834,314,41,26,0.73,11,0,0
73,23,928,301,31,26,0.66,11,0,0
73,24,897,277,27,17,0.61,11,0,0
73,25,1000,275,22,14,0.52,11,0,0
73,26,943,275,26,18,0.45,11,0,0
73,27,1013,298,26,16,0.37,11,0,0
73,28,952,254,26,18,0.36,11,0,0
74,1,58,537,150,82,0.91,4,0,0
74,2,374,469,108,68,0.85,4,0,0
74,3,754,344,48,29,0.83,4,0,0
74,4,775,412,68,44,0.83,4,0,0
74,5,607,379,67,41,0.81,4,0,0
74,6,928,342,39,27,0.78,4,0,0
74,7,933,300,31,25,0.68,4,0,0
74,8,825,317,42,25,0.64,4,0,0
74,9,675,336,53,38,0.61,4,0,0
74,10,893,278,26,17,0.59,4,0,0
74,11,1001,273,24,14,0.48,4,0,0
74,12,941,277,26,17,0.45,4,0,0
74,13,1015,299,26,14,0.25,4,0,0
74,14,1000,252,20,13,0.25,4,0,0
74,15,58,537,150,82,0.91,11,0,0
74,16,374,469,108,68,0.85,11,0,0
74,17,754,344,48,29,0.83,11,0,0
74,18,775,412,68,44,0.83,11,0,0
74,19,607,379,67,41,0.81,11,0,0
74,20,928,342,39,27,0.78,11,0,0
74,21,933,300,31,25,0.68,11,0,0
74,22,825,317,42,25,0.64,11,0,0
74,23,675,336,53,38,0.61,11,0,0
74,24,893,278,26,17,0.59,11,0,0
74,25,1001,273,24,14,0.48,11,0,0
74,26,941,277,26,17,0.45,11,0,0
74,27,1015,299,26,14,0.25,11,0,0
74,28,1000,252,20,13,0.25,11,0,0
75,1,0,561,146,86,0.91,4,0,0
75,2,325,488,116,70,0.89,4,0,0
75,3,584,386,71,42,0.85,4,0,0
75,4,789,406,65,42,0.81,4,0,0
75,5,740,349,50,30,0.80,4,0,0
75,6,933,339,38,26,0.78,4,0,0
75,7,814,321,39,26,0.77,4,0,0
75,8,939,297,29,25,0.68,4,0,0
75,9,660,345,48,36,0.58,4,0,0
75,10,885,281,29,18,0.56,4,0,0
75,11,1005,273,24,14,0.47,4,0,0
75,12,1017,298,25,13,0.34,4,0,0
75,13,939,275,27,19,0.29,4,0,0
75,14,0,561,146,86,0.91,11,0,0
75,15,325,488,116,70,0.89,11,0,0
75,16,584,386,71,42,0.85,11,0,0
75,17,789,406,65,42,0.81,11,0,0
75,18,740,349,50,30,0.80,11,0,0
75,19,933,339,38,26,0.78,11,0,0
75,20,814,321,39,26,0.77,11,0,0
75,21,939,297,29,25,0.68,11,0,0
75,22,660,345,48,36,0.58,11,0,0
75,23,885,281,29,18,0.56,11,0,0
75,24,1005,273,24,14,0.47,11,0,0
75,25,1017,298,25,13,0.34,11,0,0
75,26,939,275,27,19,0.29,11,0,0
76,1,272,504,124,78,0.91,4,0,0
76,2,558,395,74,43,0.85,4,0,0
76,3,0,590,79,65,0.85,4,0,0
76,4,802,325,44,28,0.83,4,0,0
76,5,726,354,52,32,0.83,4,0,0
76,6,801,400,63,40,0.83,4,0,0
76,7,939,337,38,25,0.75,4,0,0
76,8,643,346,51,43,0.73,4,0,0
76,9,944,295,29,24,0.71,4,0,0
76,10,879,284,28,18,0.69,4,0,0
76,11,994,254,20,15,0.31,4,0,0
76,12,1016,247,18,13,0.26,4,0,0
76,13,272,504,124,78,0.91,11,0,0
76,14,558,395,74,43,0.85,11,0,0
76,15,0,590,79,65,0.85,11,0,0
76,16,802,325,44,28,0.83,11,0,0
76,17,726,354,52,32,0.83,11,0,0
76,18,801,400,63,40,0.83,11,0,0
76,19,939,337,38,25,0.75,11,0,0
76,20,643,346,51,43,0.73,11,0,0
76,21,944,295,29,24,0.71,11,0,0
76,22,879,284,28,18,0.69,11,0,0
76,23,994,254,20,15,0.31,11,0,0
76,24,1016,247,18,13,0.26,11,0,0
77,1,211,524,137,85,0.90,4,0,0
77,2,529,403,80,46,0.86,4,0,0
77,3,812,394,61,39,0.86,4,0,0
77,4,712,360,52,33,0.83,4,0,0
77,5,790,330,46,27,0.81,4,0,0
77,6,944,334,36,25,0.80,4,0,0
77,7,623,352,56,44,0.76,4,0,0
77,8,873,286,29,19,0.75,4,0,0
77,9,949,293,28,24,0.63,4,0,0
77,10,1010,271,23,14,0.49,4,0,0
77,11,930,259,34,39,0.47,6,0,0
77,12,847,332,17,21,0.33,4,0,0
77,13,211,524,137,85,0.90,11,0,0
77,14,529,403,80,46,0.86,11,0,0
77,15,812,394,61,39,0.86,11,0,0
77,16,712,360,52,33,0.83,11,0,0
77,17,790,330,46,27,0.81,11,0,0
77,18,944,334,36,25,0.80,11,0,0
77,19,623,352,56,44,0.76,11,0,0
77,20,873,286,29,19,0.75,11,0,0
77,21,949,293,28,24,0.63,11,0,0
77,22,1010,271,23,14,0.49,11,0,0
77,23,930,259,34,39,0.47,11,0,0
77,24,847,332,17,21,0.33,11,0,0
78,1,140,548,155,95,0.90,4,0,0
78,2,500,413,84,48,0.83,4,0,0
78,3,696,367,53,34,0.82,4,0,0
78,4,824,389,58,37,0.82,4,0,0
78,5,780,332,44,31,0.79,4,0,0
78,6,864,288,31,20,0.77,4,0,0
78,7,949,332,36,23,0.77,4,0,0
78,8,603,360,56,46,0.69,4,0,0
78,9,953,292,28,22,0.68,4,0,0
78,10,1012,270,22,14,0.59,4,0,0
78,11,845,333,17,23,0.30,4,0,0
78,12,140,548,155,95,0.90,11,0,0
78,13,500,413,84,48,0.83,11,0,0
78,14,696,367,53,34,0.82,11,0,0
78,15,824,389,58,37,0.82,11,0,0
78,16,780,332,44,31,0.79,11,0,0
78,17,864,288,31,20,0.77,11,0,0
78,18,949,332,36,23,0.77,11,0,0
78,19,603,360,56,46,0.69,11,0,0
78,20,953,292,28,22,0.68,11,0,0
78,21,1012,270,22,14,0.59,11,0,0
78,22,845,333,17,23,0.30,11,0,0
79,1,60,572,175,106,0.89,4,0,0
79,2,464,425,93,50,0.85,4,0,0
79,3,577,365,63,49,0.83,4,0,0
79,4,765,339,50,30,0.83,4,0,0
79,5,677,373,57,37,0.82,4,0,0
79,6,834,383,56,38,0.81,4,0,0
79,7,857,290,31,21,0.78,4,0,0
79,8,954,328,34,24,0.77,4,0,0
79,9,958,290,27,22,0.75,4,0,0
79,10,1015,268,20,14,0.59,4,0,0
79,11,925,283,27,20,0.55,4,0,0
79,12,982,259,23,14,0.46,4,0,0
79,13,925,262,27,20,0.37,4,0,0
79,14,60,572,175,106,0.89,11,0,0
79,15,464,425,93,50,0.85,11,0,0
79,16,577,365,63,49,0.83,11,0,0
79,17,765,339,50,30,0.83,11,0,0
79,18,677,373,57,37,0.82,11,0,0
79,19,834,383,56,38,0.81,11,0,0
79,20,857,290,31,21,0.78,11,0,0
79,21,954,328,34,24,0.77,11,0,0
79,22,958,290,27,22,0.75,11,0,0
79,23,1015,268,20,14,0.59,11,0,0
79,24,925,283,27,20,0.55,11,0,0
79,25,982,259,23,14,0.46,11,0,0
79,26,925,262,27,20,0.37,11,0,0
80,1,0,600,162,113,0.91,4,0,0
80,2,431,435,96,54,0.84,4,0,0
80,3,843,379,55,37,0.83,4,0,0
80,4,753,346,49,30,0.82,4,0,0
80,5,656,379,61,41,0.82,4,0,0
80,6,331,669,166,49,0.77,4,0,0
80,7,849,294,30,20,0.77,4,0,0
80,8,959,326,35,23,0.74,4,0,0
80,9,962,288,27,23,0.73,4,0,0
80,10,556,369,65,55,0.72,4,0,0
80,11,921,284,29,22,0.57,4,0,0
80,12,979,260,23,15,0.53,4,0,0
80,13,1017,268,20,13,0.53,4,0,0
80,14,921,264,30,20,0.39,4,0,0
80,15,0,600,162,113,0.91,11,0,0
80,16,431,435,96,54,0.84,11,0,0
80,17,843,379,55,37,0.83,11,0,0
80,18,753,346,49,30,0.82,11,0,0
80,19,656,379,61,41,0.82,11,0,0
80,20,331,669,166,49,0.77,11,0,0
80,21,849,294,30,20,0.77,11,0,0
80,22,959,326,35,23,0.74,11,0,0
80,23,962,288,27,23,0.73,11,0,0
80,24,556,369,65,55,0.72,11,0,0
80,25,921,284,29,22,0.57,11,0,0
80,26,979,260,23,15,0.53,11,0,0
80,27,1017,268,20,13,0.53,11,0,0
80,28,921,264,30,20,0.39,11,0,0
81,1,412,441,98,55,0.85,4,0,0
81,2,326,653,201,66,0.84,4,0,0
81,3,744,348,53,31,0.81,4,0,0
81,4,643,386,64,39,0.81,4,0,0
81,5,541,374,68,54,0.81,4,0,0
81,6,847,376,55,38,0.80,4,0,0
81,7,962,324,33,24,0.77,4,0,0
81,8,844,296,31,20,0.76,4,0,0
81,9,965,286,26,24,0.71,4,0,0
81,10,918,285,31,21,0.64,4,0,0
81,11,0,619,118,93,0.63,4,0,0
81,12,976,261,23,15,0.55,4,0,0
81,13,1018,268,20,12,0.52,4,0,0
81,14,918,264,32,21,0.50,4,0,0
81,15,412,441,98,55,0.85,11,0,0
81,16,326,653,201,66,0.84,11,0,0
81,17,744,348,53,31,0.81,11,0,0
81,18,643,386,64,39,0.81,11,0,0
81,19,541,374,68,54,0.81,11,0,0
81,20,847,376,55,38,0.80,11,0,0
81,21,962,324,33,24,0.77,11,0,0
81,22,844,296,31,20,0.76,11,0,0
81,23,965,286,26,24,0.71,11,0,0
81,24,918,285,31,21,0.64,11,0,0
81,25,0,619,118,93,0.63,11,0,0
81,26,976,261,23,15,0.55,11,0,0
81,27,1018,268,20,12,0.52,11,0,0
81,28,918,264,32,21,0.50,11,0,0
82,1,414,623,159,93,0.90,4,0,0
82,2,376,452,102,60,0.86,4,0,0
82,3,729,355,54,32,0.85,4,0,0
82,4,622,396,65,39,0.82,4,0,0
82,5,856,374,53,35,0.80,4,0,0
82,6,836,299,32,21,0.77,4,0,0
82,7,519,382,68,57,0.75,4,0,0
82,8,966,323,32,22,0.74,4,0,0
82,9,969,287,27,22,0.63,4,0,0
82,10,915,287,31,22,0.60,4,0,0
82,11,970,264,25,14,0.53,4,0,0
82,12,1022,268,18,11,0.49,4,0,0
82,13,0,646,36,56,0.34,4,0,0
82,14,414,623,159,93,0.90,11,0,0
82,15,376,452,102,60,0.86,11,0,0
82,16,729,355,54,32,0.85,11,0,0
82,17,622,396,65,39,0.82,11,0,0
82,18,856,374,53,35,0.80,11,0,0
82,19,836,299,32,21,0.77,11,0,0
82,20,519,382,68,57,0.75,11,0,0
82,21,966,323,32,22,0.74,11,0,0
82,22,969,287,27,22,0.63,11,0,0
82,23,915,287,31,22,0.60,11,0,0
82,24,970,264,25,14,0.53,11,0,0
82,25,1022,268,18,11,0.49,11,0,0
82,26,0,646,36,56,0.34,11,0,0
83,1,475,593,140,94,0.91,4,0,0
83,2,598,403,71,44,0.87,4,0,0
83,3,329,468,114,60,0.85,4,0,0
83,4,716,359,52,35,0.82,4,0,0
83,5,864,371,52,33,0.82,4,0,0
83,6,827,303,33,21,0.80,4,0,0
83,7,972,284,26,23,0.75,4,0,0
83,8,912,289,30,21,0.71,4,0,0
83,9,969,320,30,24,0.71,4,0,0
83,10,490,391,73,58,0.69,4,0,0
83,11,967,265,25,16,0.58,4,0,0
83,12,1023,266,21,12,0.52,4,0,0
83,13,908,268,31,21,0.43,4,0,0
83,14,475,593,140,94,0.91,11,0,0
83,15,598,403,71,44,0.87,11,0,0
83,16,329,468,114,60,0.85,11,0,0
83,17,716,359,52,35,0.82,11,0,0
83,18,864,371,52,33,0.82,11,0,0
83,19,827,303,33,21,0.80,11,0,0
83,20,972,284,26,23,0.75,11,0,0
83,21,912,289,30,21,0.71,11,0,0
83,22,969,320,30,24,0.71,11,0,0
83,23,490,391,73,58,0.69,11,0,0
83,24,967,265,25,16,0.58,11,0,0
83,25,1023,266,21,12,0.52,11,0,0
83,26,908,268,31,21,0.43,11,0,0
84,1,279,480,125,70,0.90,4,0,0
84,2,524,566,129,89,0.90,4,0,0
84,3,569,413,76,46,0.84,4,0,0
84,4,700,368,56,35,0.83,4,0,0
84,5,872,367,50,33,0.83,4,0,0
84,6,817,306,35,21,0.79,4,0,0
84,7,906,291,32,21,0.72,4,0,0
84,8,976,282,26,22,0.65,4,0,0
84,9,973,319,32,23,0.62,4,0,0
84,10,461,400,77,62,0.60,4,0,0
84,11,1026,265,21,13,0.55,4,0,0
84,12,961,266,25,16,0.53,4,0,0
84,13,903,269,34,23,0.37,4,0,0
84,14,279,480,125,70,0.90,11,0,0
84,15,524,566,129,89,0.90,11,0,0
84,16,569,413,76,46,0.84,11,0,0
84,17,700,368,56,35,0.83,11,0,0
84,18,872,367,50,33,0.83,11,0,0
84,19,817,306,35,21,0.79,11,0,0
84,20,906,291,32,21,0.72,11,0,0
84,21,976,282,26,22,0.65,11,0,0
84,22,973,319,32,23,0.62,11,0,0
84,23,461,400,77,62,0.60,11,0,0
84,24,1026,265,21,13,0.55,11,0,0
84,25,961,266,25,16,0.53,11,0,0
84,26,903,269,34,23,0.37,11,0,0
85,1,569,546,116,77,0.89,4,0,0
85,2,224,494,139,79,0.89,4,0,0
85,3,541,422,81,52,0.85,4,0,0
85,4,429,409,83,65,0.82,4,0,0
85,5,683,373,60,38,0.82,4,0,0
85,6,880,363,48,31,0.80,4,0,0
85,7,903,294,32,20,0.79,4,0,0
85,8,809,309,34,23,0.73,4,0,0
85,9,980,281,25,22,0.60,4,0,0
85,10,976,317,31,24,0.58,4,0,0
85,11,957,269,24,15,0.47,4,0,0
85,12,1027,263,22,14,0.41,4,0,0
85,13,896,271,24,23,0.38,4,0,0
85,14,569,546,116,77,0.89,11,0,0
85,15,224,494,139,79,0.89,11,0,0
85,16,541,422,81,52,0.85,11,0,0
85,17,429,409,83,65,0.82,11,0,0
85,18,683,373,60,38,0.82,11,0,0
85,19,880,363,48,31,0.80,11,0,0
85,20,903,294,32,20,0.79,11,0,0
85,21,809,309,34,23,0.73,11,0,0
85,22,980,281,25,22,0.60,11,0,0
85,23,976,317,31,24,0.58,11,0,0
85,24,957,269,24,15,0.47,11,0,0
85,25,1027,263,22,14,0.41,11,0,0
85,26,896,271,24,23,0.38,11,0,0
86,1,173,512,144,83,0.90,4,0,0
86,2,606,529,110,72,0.87,4,0,0
86,3,513,435,83,52,0.84,4,0,0
86,4,665,380,63,41,0.82,4,0,0
86,5,887,358,47,32,0.80,4,0,0
86,6,798,312,36,23,0.79,4,0,0
86,7,397,418,86,70,0.75,4,0,0
86,8,899,294,32,23,0.74,4,0,0
86,9,983,279,25,23,0.62,4,0,0
86,10,980,316,30,21,0.60,4,0,0
86,11,950,269,27,17,0.53,4,0,0
86,12,885,273,29,23,0.42,4,0,0
86,13,1030,263,20,13,0.35,4,0,0
86,14,173,512,144,83,0.90,11,0,0
86,15,606,529,110,72,0.87,11,0,0
86,16,513,435,83,52,0.84,11,0,0
86,17,665,380,63,41,0.82,11,0,0
86,18,887,358,47,32,0.80,11,0,0
86,19,798,312,36,23,0.79,11,0,0
86,20,397,418,86,70,0.75,11,0,0
86,21,899,294,32,23,0.74,11,0,0
86,22,983,279,25,23,0.62,11,0,0
86,23,980,316,30,21,0.60,11,0,0
86,24,950,269,27,17,0.53,11,0,0
86,25,885,273,29,23,0.42,11,0,0
86,26,1030,263,20,13,0.35,11,0,0
87,1,473,447,93,59,0.89,4,0,0
87,2,95,534,168,91,0.89,4,0,0
87,3,643,510,99,68,0.85,4,0,0
87,4,787,317,37,23,0.79,4,0,0
87,5,645,388,64,44,0.79,4,0,0
87,6,894,356,45,31,0.77,4,0,0
87,7,895,297,32,23,0.76,4,0,0
87,8,983,313,31,21,0.75,4,0,0
87,9,363,428,93,73,0.64,4,0,0
87,10,945,270,27,18,0.55,4,0,0
87,11,986,277,26,23,0.54,4,0,0
87,12,1033,262,20,13,0.50,4,0,0
87,13,882,274,27,24,0.39,4,0,0
87,14,988,260,22,15,0.26,4,0,0
87,15,473,447,93,59,0.89,11,0,0
87,16,95,534,168,91,0.89,11,0,0
87,17,643,510,99,68,0.85,11,0,0
87,18,787,317,37,23,0.79,11,0,0
87,19,645,388,64,44,0.79,11,0,0
87,20,894,356,45,31,0.77,11,0,0
87,21,895,297,32,23,0.76,11,0,0
87,22,983,313,31,21,0.75,11,0,0
87,23,363,428,93,73,0.64,11,0,0
87,24,945,270,27,18,0.55,11,0,0
87,25,986,277,26,23,0.54,11,0,0
87,26,1033,262,20,13,0.50,11,0,0
87,27,882,274,27,24,0.39,11,0,0
87,28,988,260,22,15,0.26,11,0,0
88,1,27,554,178,101,0.91,4,0,0
88,2,434,462,100,61,0.89,4,0,0
88,3,671,491,95,64,0.87,4,0,0
88,4,623,399,69,45,0.85,4,0,0
88,5,899,354,46,30,0.82,4,0,0
88,6,322,441,100,76,0.82,4,0,0
88,7,889,300,34,22,0.79,4,0,0
88,8,777,320,38,25,0.79,4,0,0
88,9,987,313,30,19,0.78,4,0,0
88,10,940,272,26,18,0.63,4,0,0
88,11,988,277,26,21,0.53,4,0,0
88,12,1036,261,18,13,0.50,4,0,0
88,13,987,263,19,13,0.44,4,0,0
88,14,876,278,25,23,0.40,4,0,0
88,15,27,554,178,101,0.91,11,0,0
88,16,434,462,100,61,0.89,11,0,0
88,17,671,491,95,64,0.87,11,0,0
88,18,623,399,69,45,0.85,11,0,0
88,19,899,354,46,30,0.82,11,0,0
88,20,322,441,100,76,0.82,11,0,0
88,21,889,300,34,22,0.79,11,0,0
88,22,777,320,38,25,0.79,11,0,0
88,23,987,313,30,19,0.78,11,0,0
88,24,940,272,26,18,0.63,11,0,0
88,25,988,277,26,21,0.53,11,0,0
88,26,1036,261,18,13,0.50,11,0,0
88,27,987,263,19,13,0.44,11,0,0
88,28,876,278,25,23,0.40,11,0,0
88,29,815,355,17,25,0.26,11,0,0
89,1,0,564,176,109,0.90,4,0,0
89,2,413,471,101,62,0.89,4,0,0
89,3,689,484,87,60,0.88,4,0,0
89,4,611,405,71,45,0.86,4,0,0
89,5,903,352,46,30,0.83,4,0,0
89,6,989,311,30,20,0.79,4,0,0
89,7,304,448,98,81,0.78,4,0,0
89,8,888,301,32,22,0.76,4,0,0
89,9,771,323,39,25,0.76,4,0,0
89,10,937,273,27,18,0.62,4,0,0
89,11,992,276,24,21,0.58,4,0,0
89,12,1037,261,19,12,0.54,4,0,0
89,13,982,261,22,15,0.41,4,0,0
89,14,871,279,27,23,0.39,4,0,0
89,15,1022,248,18,11,0.35,4,0,0
89,16,0,564,176,109,0.90,11,0,0
89,17,413,471,101,62,0.89,11,0,0
89,18,689,484,87,60,0.88,11,0,0
89,19,611,405,71,45,0.86,11,0,0
89,20,903,352,46,30,0.83,11,0,0
89,21,989,311,30,20,0.79,11,0,0
89,22,304,448,98,81,0.78,11,0,0
89,23,888,301,32,22,0.76,11,0,0
89,24,771,323,39,25,0.76,11,0,0
89,25,937,273,27,18,0.62,11,0,0
89,26,992,276,24,21,0.58,11,0,0
89,27,1037,261,19,12,0.54,11,0,0
89,28,982,261,22,15,0.41,11,0,0
89,29,871,279,27,23,0.39,11,0,0
89,30,1022,248,18,11,0.35,11,0,0
90,1,366,487,114,67,0.89,4,0,0
90,2,714,470,86,54,0.87,4,0,0
90,3,586,415,76,46,0.86,4,0,0
90,4,759,328,39,25,0.83,4,0,0
90,5,0,590,109,94,0.82,4,0,0
90,6,258,459,112,83,0.81,4,0,0
90,7,909,349,44,29,0.80,4,0,0
90,8,992,309,29,20,0.76,4,0,0
90,9,882,302,35,24,0.75,4,0,0
90,10,931,275,27,18,0.66,4,0,0
90,11,994,274,24,22,0.59,4,0,0
90,12,1019,249,18,12,0.47,4,0,0
90,13,864,280,28,22,0.38,4,0,0
90,14,1037,258,21,14,0.31,4,0,0
90,15,366,487,114,67,0.89,11,0,0
90,16,714,470,86,54,0.87,11,0,0
90,17,586,415,76,46,0.86,11,0,0
90,18,759,328,39,25,0.83,11,0,0
90,19,0,590,109,94,0.82,11,0,0
90,20,258,459,112,83,0.81,11,0,0
90,21,909,349,44,29,0.80,11,0,0
90,22,992,309,29,20,0.76,11,0,0
90,23,882,302,35,24,0.75,11,0,0
90,24,931,275,27,18,0.66,11,0,0
90,25,994,274,24,22,0.59,11,0,0
90,26,1019,249,18,12,0.47,11,0,0
90,27,864,280,28,22,0.38,11,0,0
90,28,1037,258,21,14,0.31,11,0,0
91,1,316,503,121,73,0.91,4,0,0
91,2,560,425,80,50,0.86,4,0,0
91,3,742,460,77,48,0.83,4,0,0
91,4,212,470,119,92,0.83,4,0,0
91,5,877,305,35,24,0.79,4,0,0
91,6,744,333,41,25,0.79,4,0,0
91,7,915,347,43,27,0.77,4,0,0
91,8,995,307,30,20,0.73,4,0,0
91,9,924,278,28,17,0.65,4,0,0
91,10,998,274,22,21,0.58,4,0,0
91,11,1016,250,20,12,0.54,4,0,0
91,12,859,284,25,23,0.42,4,0,0
91,13,0,626,33,62,0.31,4,0,0
91,14,977,269,19,10,0.30,4,0,0
91,15,316,503,121,73,0.91,11,0,0
91,16,560,425,80,50,0.86,11,0,0
91,17,742,460,77,48,0.83,11,0,0
91,18,212,470,119,92,0.83,11,0,0
91,19,877,305,35,24,0.79,11,0,0
91,20,744,333,41,25,0.79,11,0,0
91,21,915,347,43,27,0.77,11,0,0
91,22,995,307,30,20,0.73,11,0,0
91,23,924,278,28,17,0.65,11,0,0
91,24,998,274,22,21,0.58,11,0,0
91,25,1016,250,20,12,0.54,11,0,0
91,26,859,284,25,23,0.42,11,0,0
91,27,0,626,33,62,0.31,11,0,0
91,28,977,269,19,10,0.30,11,0,0
92,1,259,525,131,81,0.91,4,0,0
92,2,762,446,74,49,0.84,4,0,0
92,3,733,336,41,29,0.83,4,0,0
92,4,531,436,86,54,0.83,4,0,0
92,5,921,343,42,27,0.81,4,0,0
92,6,160,489,128,95,0.81,4,0,0
92,7,870,307,38,25,0.76,4,0,0
92,8,1000,305,28,20,0.71,4,0,0
92,9,916,280,29,19,0.66,4,0,0
92,10,1000,273,23,21,0.54,4,0,0
92,11,851,287,28,25,0.52,4,0,0
92,12,317,683,138,36,0.37,4,0,0
92,13,971,268,22,13,0.36,4,0,0
92,14,1014,251,20,14,0.35,4,0,0
92,15,259,525,131,81,0.91,11,0,0
92,16,762,446,74,49,0.84,11,0,0
92,17,733,336,41,29,0.83,11,0,0
92,18,531,436,86,54,0.83,11,0,0
92,19,921,343,42,27,0.81,11,0,0
92,20,160,489,128,95,0.81,11,0,0
92,21,870,307,38,25,0.76,11,0,0
92,22,1000,305,28,20,0.71,11,0,0
92,23,916,280,29,19,0.66,11,0,0
92,24,1000,273,23,21,0.54,11,0,0
92,25,851,287,28,25,0.52,11,0,0
92,26,317,683,138,36,0.37,11,0,0
92,27,971,268,22,13,0.36,11,0,0
92,28,1014,251,20,14,0.35,11,0,0
93,1,198,547,147,86,0.90,4,0,0
93,2,103,507,136,101,0.88,4,0,0
93,3,499,449,91,57,0.87,4,0,0
93,4,782,434,70,46,0.85,4,0,0
93,5,928,341,39,27,0.82,4,0,0
93,6,332,652,171,67,0.80,4,0,0
93,7,863,311,39,25,0.78,4,0,0
93,8,719,339,42,31,0.78,4,0,0
93,9,910,283,28,18,0.67,4,0,0
93,10,968,267,22,16,0.60,4,0,0
93,11,1002,305,30,19,0.57,4,0,0
93,12,843,290,28,25,0.52,4,0,0
93,13,1004,272,21,20,0.47,4,0,0
93,14,1042,256,20,15,0.28,4,0,0
93,15,198,547,147,86,0.90,11,0,0
93,16,103,507,136,101,0.88,11,0,0
93,17,499,449,91,57,0.87,11,0,0
93,18,782,434,70,46,0.85,11,0,0
93,19,928,341,39,27,0.82,11,0,0
93,20,332,652,171,67,0.80,11,0,0
93,21,863,311,39,25,0.78,11,0,0
93,22,719,339,42,31,0.78,11,0,0
93,23,910,283,28,18,0.67,11,0,0
93,24,968,267,22,16,0.60,11,0,0
93,25,1002,305,30,19,0.57,11,0,0
93,26,843,290,28,25,0.52,11,0,0
93,27,1004,272,21,20,0.47,11,0,0
93,28,1042,256,20,15,0.28,11,0,0
