1,1,1157,150,94,46,0.60,4,0,0
1,2,1195,46,84,37,0.55,4,0,0
1,3,503,265,48,89,0.38,4,0,0
1,4,1157,150,94,46,0.60,11,0,0
1,5,1195,46,84,37,0.55,11,0,0
1,6,503,265,48,89,0.38,11,0,0
1,7,19,365,120,55,0.35,11,0,0
1,8,297,320,20,30,0.30,11,0,0
2,1,1158,151,96,44,0.58,4,0,0
2,2,503,263,48,89,0.48,4,0,0
2,3,1187,46,92,37,0.41,4,0,0
2,4,0,95,74,46,0.27,4,0,0
2,5,1158,151,96,44,0.58,11,0,0
2,6,503,263,48,89,0.48,11,0,0
2,7,1187,46,92,37,0.41,11,0,0
2,8,0,95,74,46,0.27,11,0,0
3,1,1158,152,98,45,0.56,4,0,0
3,2,490,661,55,58,0.44,4,0,0
3,3,503,262,48,88,0.31,4,0,0
3,4,475,460,54,112,0.30,4,0,0
3,5,1182,47,90,36,0.27,4,0,0
3,6,1158,152,98,45,0.56,11,0,0
3,7,490,661,55,58,0.44,11,0,0
3,8,503,262,48,88,0.31,11,0,0
3,9,475,460,54,112,0.30,11,0,0
3,10,1182,47,90,36,0.27,11,0,0
4,1,1159,154,99,45,0.59,4,0,0
4,2,503,261,49,92,0.44,4,0,0
4,3,1174,47,90,37,0.43,4,0,0
4,4,491,664,54,55,0.41,4,0,0
4,5,476,456,54,112,0.28,6,0,0
4,6,1159,154,99,45,0.59,11,0,0
4,7,16,374,120,54,0.55,11,0,0
4,8,503,261,49,92,0.44,11,0,0
4,9,1174,47,90,37,0.43,11,0,0
4,10,491,664,54,55,0.41,11,0,0
4,11,297,325,21,32,0.31,11,0,0
4,12,476,456,54,112,0.28,11,0,0
5,1,477,453,55,111,0.51,4,0,0
5,2,491,670,54,49,0.51,4,0,0
5,3,1161,158,99,41,0.51,4,0,0
5,4,1161,47,90,37,0.42,4,0,0
5,5,0,98,71,48,0.32,4,0,0
5,6,504,260,48,89,0.28,4,0,0
5,7,477,453,55,110,0.25,6,0,0
5,8,477,453,55,111,0.51,11,0,0
5,9,491,670,54,49,0.51,11,0,0
5,10,1161,158,99,41,0.51,11,0,0
5,11,1161,47,90,37,0.42,11,0,0
5,12,0,98,71,48,0.32,11,0,0
5,13,504,260,48,89,0.28,11,0,0
5,14,297,331,20,31,0.28,11,0,0
5,15,477,453,55,110,0.25,11,0,0
6,1,477,451,55,111,0.56,4,0,0
6,2,1164,162,100,43,0.51,4,0,0
6,3,1146,48,92,39,0.49,4,0,0
6,4,503,260,49,89,0.47,4,0,0
6,5,0,103,70,46,0.31,4,0,0
6,6,478,451,53,111,0.26,6,0,0
6,7,477,451,55,111,0.56,11,0,0
6,8,1164,162,100,43,0.51,11,0,0
6,9,1146,48,92,39,0.49,11,0,0
6,10,503,260,49,89,0.47,11,0,0
6,11,0,103,70,46,0.31,11,0,0
6,12,478,451,53,111,0.26,11,0,0
7,1,1135,50,91,40,0.75,4,0,0
7,2,1167,167,100,44,0.66,4,0,0
7,3,503,260,49,88,0.54,4,0,0
7,4,0,108,68,48,0.53,4,0,0
7,5,796,1,82,39,0.47,4,0,0
7,6,479,449,54,109,0.42,4,0,0
7,7,720,350,47,82,0.41,4,0,0
7,8,1170,230,76,50,0.39,4,0,0
7,9,1135,50,91,40,0.75,11,0,0
7,10,1167,167,100,44,0.66,11,0,0
7,11,503,260,49,88,0.54,11,0,0
7,12,0,108,68,48,0.53,11,0,0
7,13,796,1,82,39,0.47,11,0,0
7,14,479,449,54,109,0.42,11,0,0
7,15,720,350,47,82,0.41,11,0,0
7,16,1170,230,76,50,0.39,11,0,0
7,17,339,349,21,32,0.32,11,0,0
7,18,295,347,21,30,0.27,11,0,0
8,1,1122,54,91,38,0.75,4,0,0
8,2,1169,172,100,44,0.72,4,0,0
8,3,502,261,50,89,0.69,4,0,0
8,4,479,447,54,109,0.49,4,0,0
8,5,582,181,33,29,0.43,4,0,0
8,6,1173,235,77,53,0.43,4,0,0
8,7,0,113,65,47,0.40,4,0,0
8,8,798,3,80,42,0.36,4,0,0
8,9,683,0,72,30,0.28,4,0,0
8,10,1122,54,91,38,0.75,11,0,0
8,11,1169,172,100,44,0.72,11,0,0
8,12,502,261,50,89,0.69,11,0,0
8,13,479,447,54,109,0.49,11,0,0
8,14,582,181,33,29,0.43,11,0,0
8,15,1173,235,77,53,0.43,11,0,0
8,16,0,113,65,47,0.40,11,0,0
8,17,338,358,21,33,0.37,11,0,0
8,18,798,3,80,42,0.36,11,0,0
8,19,683,0,72,30,0.28,11,0,0
9,1,1170,176,101,45,0.75,4,0,0
9,2,1116,56,90,40,0.72,4,0,0
9,3,480,446,54,109,0.68,4,0,0
9,4,502,262,49,89,0.66,4,0,0
9,5,1176,239,78,55,0.43,4,0,0
9,6,683,0,69,31,0.40,4,0,0
9,7,0,116,64,48,0.34,4,0,0
9,8,799,5,81,40,0.32,4,0,0
9,9,574,380,50,108,0.30,4,0,0
9,10,583,179,32,31,0.27,4,0,0
9,11,1170,176,101,45,0.75,11,0,0
9,12,1116,56,90,40,0.72,11,0,0
9,13,480,446,54,109,0.68,11,0,0
9,14,502,262,49,89,0.66,11,0,0
9,15,1176,239,78,55,0.43,11,0,0
9,16,683,0,69,31,0.40,11,0,0
9,17,0,116,64,48,0.34,11,0,0
9,18,799,5,81,40,0.32,11,0,0
9,19,574,380,50,108,0.30,11,0,0
9,20,583,179,32,31,0.27,11,0,0
9,21,337,363,21,32,0.26,11,0,0
10,1,1103,61,91,40,0.74,4,0,0
10,2,481,444,56,108,0.73,4,0,0
10,3,1174,181,98,47,0.72,4,0,0
10,4,501,263,50,90,0.67,4,0,0
10,5,800,8,80,42,0.59,4,0,0
10,6,682,0,74,35,0.54,4,0,0
10,7,1179,245,83,63,0.50,4,0,0
10,8,0,122,62,48,0.48,4,0,0
10,9,575,379,49,110,0.29,4,0,0
10,10,69,32,85,39,0.28,4,0,0
10,11,724,368,45,86,0.28,4,0,0
10,12,1103,61,91,40,0.74,11,0,0
10,13,481,444,56,108,0.73,11,0,0
10,14,1174,181,98,47,0.72,11,0,0
10,15,501,263,50,90,0.67,11,0,0
10,16,800,8,80,42,0.59,11,0,0
10,17,682,0,74,35,0.54,11,0,0
10,18,1179,245,83,63,0.50,11,0,0
10,19,0,122,62,48,0.48,11,0,0
10,20,575,379,49,110,0.29,11,0,0
10,21,69,32,85,39,0.28,11,0,0
10,22,724,368,45,86,0.28,11,0,0
11,1,481,441,57,108,0.78,4,0,0
11,2,1091,65,91,41,0.78,4,0,0
11,3,1176,187,102,47,0.72,4,0,0
11,4,499,265,51,90,0.72,4,0,0
11,5,1181,252,90,66,0.67,4,0,0
11,6,682,1,74,39,0.60,4,0,0
11,7,801,13,80,43,0.57,4,0,0
11,8,0,128,59,47,0.49,4,0,0
11,9,575,378,49,110,0.41,4,0,0
11,10,723,376,47,85,0.39,4,0,0
11,11,66,39,83,36,0.34,4,0,0
11,12,481,441,57,108,0.78,11,0,0
11,13,1091,65,91,41,0.78,11,0,0
11,14,1176,187,102,47,0.72,11,0,0
11,15,499,265,51,90,0.72,11,0,0
11,16,1181,252,90,66,0.67,11,0,0
11,17,682,1,74,39,0.60,11,0,0
11,18,801,13,80,43,0.57,11,0,0
11,19,0,128,59,47,0.49,11,0,0
11,20,333,380,21,33,0.44,11,0,0
11,21,575,378,49,110,0.41,11,0,0
11,22,723,376,47,85,0.39,11,0,0
11,23,289,379,20,30,0.39,11,0,0
11,24,66,39,83,36,0.34,11,0,0
12,1,481,441,55,106,0.80,4,0,0
12,2,1178,193,101,47,0.74,4,0,0
12,3,1080,69,90,40,0.73,4,0,0
12,4,683,2,74,43,0.65,4,0,0
12,5,497,268,52,89,0.63,4,0,0
12,6,1183,258,95,69,0.56,4,0,0
12,7,802,17,81,41,0.45,4,0,0
12,8,62,44,84,35,0.30,4,0,0
12,9,576,375,48,112,0.29,4,0,0
12,10,481,441,55,106,0.80,11,0,0
12,11,1178,193,101,47,0.74,11,0,0
12,12,1080,69,90,40,0.73,11,0,0
12,13,683,2,74,43,0.65,11,0,0
12,14,497,268,52,89,0.63,11,0,0
12,15,1183,258,95,69,0.56,11,0,0
12,16,802,17,81,41,0.45,11,0,0
12,17,286,389,20,31,0.30,11,0,0
12,18,62,44,84,35,0.30,11,0,0
12,19,332,390,20,34,0.29,11,0,0
12,20,576,375,48,112,0.29,11,0,0
13,1,481,440,54,106,0.79,4,0,0
13,2,1181,198,98,47,0.76,4,0,0
13,3,1069,73,90,40,0.74,4,0,0
13,4,495,269,52,90,0.64,4,0,0
13,5,683,6,75,44,0.55,4,0,0
13,6,724,392,49,89,0.50,4,0,0
13,7,1186,265,93,64,0.48,4,0,0
13,8,575,370,49,109,0.45,4,0,0
13,9,804,20,81,44,0.34,4,0,0
13,10,60,48,84,36,0.31,4,0,0
13,11,0,141,58,46,0.28,4,0,0
13,12,481,440,54,106,0.79,11,0,0
13,13,1181,198,98,47,0.76,11,0,0
13,14,1069,73,90,40,0.74,11,0,0
13,15,495,269,52,90,0.64,11,0,0
13,16,683,6,75,44,0.55,11,0,0
13,17,724,392,49,89,0.50,11,0,0
13,18,1186,265,93,64,0.48,11,0,0
13,19,575,370,49,109,0.45,11,0,0
13,20,804,20,81,44,0.34,11,0,0
13,21,60,48,84,36,0.31,11,0,0
13,22,0,141,58,46,0.28,11,0,0
14,1,480,439,54,107,0.80,4,0,0
14,2,1057,78,91,40,0.75,4,0,0
14,3,1183,204,90,47,0.69,4,0,0
14,4,495,270,51,90,0.68,4,0,0
14,5,804,26,82,43,0.56,4,0,0
14,6,685,10,74,44,0.55,4,0,0
14,7,1188,271,91,66,0.52,4,0,0
14,8,60,52,85,39,0.42,4,0,0
14,9,725,399,49,90,0.40,4,0,0
14,10,575,367,49,105,0.32,4,0,0
14,11,480,439,54,107,0.80,11,0,0
14,12,1057,78,91,40,0.75,11,0,0
14,13,1183,204,90,47,0.69,11,0,0
14,14,495,270,51,90,0.68,11,0,0
14,15,804,26,82,43,0.56,11,0,0
14,16,685,10,74,44,0.55,11,0,0
14,17,1188,271,91,66,0.52,11,0,0
14,18,60,52,85,39,0.42,11,0,0
14,19,725,399,49,90,0.40,11,0,0
14,20,281,408,21,30,0.37,11,0,0
14,21,575,367,49,105,0.32,11,0,0
14,22,327,410,21,33,0.30,11,0,0
15,1,480,438,54,108,0.82,4,0,0
15,2,1046,83,90,41,0.76,4,0,0
15,3,1186,210,92,45,0.69,4,0,0
15,4,493,271,51,90,0.62,4,0,0
15,5,1191,277,88,64,0.62,4,0,0
15,6,804,31,84,43,0.59,4,0,0
15,7,726,408,49,90,0.52,4,0,0
15,8,56,56,86,38,0.47,4,0,0
15,9,684,14,75,44,0.44,4,0,0
15,10,480,438,54,108,0.82,11,0,0
15,11,1046,83,90,41,0.76,11,0,0
15,12,1186,210,92,45,0.69,11,0,0
15,13,493,271,51,90,0.62,11,0,0
15,14,1191,277,88,64,0.62,11,0,0
15,15,804,31,84,43,0.59,11,0,0
15,16,726,408,49,90,0.52,11,0,0
15,17,56,56,86,38,0.47,11,0,0
15,18,684,14,75,44,0.44,11,0,0
16,1,480,435,53,110,0.77,4,0,0
16,2,1034,86,91,41,0.76,4,0,0
16,3,490,269,54,90,0.64,4,0,0
16,4,1189,215,88,45,0.62,4,0,0
16,5,806,34,81,43,0.57,4,0,0
16,6,685,18,75,44,0.51,4,0,0
16,7,1193,282,85,62,0.42,4,0,0
16,8,54,59,88,40,0.40,4,0,0
16,9,574,357,49,104,0.31,4,0,0
16,10,480,435,53,110,0.77,11,0,0
16,11,1034,86,91,41,0.76,11,0,0
16,12,490,269,54,90,0.64,11,0,0
16,13,1189,215,88,45,0.62,11,0,0
16,14,806,34,81,43,0.57,11,0,0
16,15,685,18,75,44,0.51,11,0,0
16,16,1193,282,85,62,0.42,11,0,0
16,17,54,59,88,40,0.40,11,0,0
16,18,574,357,49,104,0.31,11,0,0
17,1,1028,87,90,41,0.77,4,0,0
17,2,481,432,52,107,0.60,4,0,0
17,3,1191,216,87,45,0.58,4,0,0
17,4,684,18,77,44,0.55,4,0,0
17,5,806,34,82,44,0.51,4,0,0
17,6,490,266,53,92,0.45,4,0,0
17,7,1195,284,84,66,0.45,4,0,0
17,8,53,61,85,38,0.35,4,0,0
17,9,726,417,49,90,0.28,4,0,0
17,10,572,351,51,105,0.26,4,0,0
17,11,1028,87,90,41,0.77,11,0,0
17,12,481,432,52,107,0.60,11,0,0
17,13,1191,216,87,45,0.58,11,0,0
17,14,684,18,77,44,0.55,11,0,0
17,15,806,34,82,44,0.51,11,0,0
17,16,490,266,53,92,0.45,11,0,0
17,17,1195,284,84,66,0.45,11,0,0
17,18,53,61,85,38,0.35,11,0,0
17,19,726,417,49,90,0.28,11,0,0
17,20,572,351,51,105,0.26,11,0,0
18,1,1019,71,92,43,0.63,4,0,0
18,2,481,415,53,102,0.61,4,0,0
18,3,1194,202,85,48,0.59,4,0,0
18,4,487,246,53,90,0.58,4,0,0
18,5,727,404,51,91,0.52,4,0,0
18,6,807,18,83,43,0.52,4,0,0
18,7,684,2,79,47,0.47,4,0,0
18,8,47,46,87,38,0.46,4,0,0
18,9,1199,271,80,66,0.44,4,0,0
18,10,573,325,49,101,0.34,4,0,0
18,11,1019,71,92,43,0.63,11,0,0
18,12,481,415,53,102,0.61,11,0,0
18,13,1194,202,85,48,0.59,11,0,0
18,14,487,246,53,90,0.58,11,0,0
18,15,727,404,51,91,0.52,11,0,0
18,16,807,18,83,43,0.52,11,0,0
18,17,684,2,79,47,0.47,11,0,0
18,18,47,46,87,38,0.46,11,0,0
18,19,1199,271,80,66,0.44,11,0,0
18,20,573,325,49,101,0.34,11,0,0
19,1,1012,72,92,43,0.73,4,0,0
19,2,808,18,83,44,0.68,4,0,0
19,3,481,412,53,103,0.67,4,0,0
19,4,1197,205,82,48,0.66,4,0,0
19,5,45,47,88,38,0.60,4,0,0
19,6,685,3,79,48,0.57,4,0,0
19,7,485,244,54,86,0.51,4,0,0
19,8,1202,275,77,65,0.47,4,0,0
19,9,571,315,51,104,0.27,4,0,0
19,10,1012,72,92,43,0.73,11,0,0
19,11,808,18,83,44,0.68,11,0,0
19,12,481,412,53,103,0.67,11,0,0
19,13,1197,205,82,48,0.66,11,0,0
19,14,45,47,88,38,0.60,11,0,0
19,15,685,3,79,48,0.57,11,0,0
19,16,485,244,54,86,0.51,11,0,0
19,17,319,427,22,34,0.50,11,0,0
19,18,1202,275,77,65,0.47,11,0,0
19,19,571,315,51,104,0.27,11,0,0
19,20,272,425,21,31,0.26,11,0,0
20,1,1000,75,92,42,0.76,4,0,0
20,2,481,410,52,105,0.67,4,0,0
20,3,1198,210,81,48,0.65,4,0,0
20,4,480,243,56,86,0.64,4,0,0
20,5,685,6,81,49,0.61,4,0,0
20,6,570,304,50,102,0.57,4,0,0
20,7,808,23,84,44,0.51,4,0,0
20,8,43,49,87,41,0.46,4,0,0
20,9,727,417,51,92,0.31,4,0,0
20,10,488,677,55,42,0.26,4,0,0
20,11,1204,280,75,71,0.26,4,0,0
20,12,1000,75,92,42,0.76,11,0,0
20,13,481,410,52,105,0.67,11,0,0
20,14,1198,210,81,48,0.65,11,0,0
20,15,480,243,56,86,0.64,11,0,0
20,16,685,6,81,49,0.61,11,0,0
20,17,570,304,50,102,0.57,11,0,0
20,18,808,23,84,44,0.51,11,0,0
20,19,43,49,87,41,0.46,11,0,0
20,20,317,437,23,34,0.41,11,0,0
20,21,727,417,51,92,0.31,11,0,0
20,22,488,677,55,42,0.26,11,0,0
20,23,1204,280,75,71,0.26,11,0,0
21,1,809,27,85,45,0.65,4,0,0
21,2,991,79,92,43,0.65,4,0,0
21,3,479,239,55,85,0.64,4,0,0
21,4,481,408,51,106,0.56,4,0,0
21,5,561,293,57,95,0.50,4,0,0
21,6,685,10,79,50,0.47,4,0,0
21,7,1187,216,92,45,0.44,4,0,0
21,8,41,55,89,37,0.41,4,0,0
21,9,488,671,55,48,0.34,4,0,0
21,10,727,423,51,93,0.33,4,0,0
21,11,809,27,85,45,0.65,11,0,0
21,12,991,79,92,43,0.65,11,0,0
21,13,479,239,55,85,0.64,11,0,0
21,14,481,408,51,106,0.56,11,0,0
21,15,561,293,57,95,0.50,11,0,0
21,16,685,10,79,50,0.47,11,0,0
21,17,1187,216,92,45,0.44,11,0,0
21,18,41,55,89,37,0.41,11,0,0
21,19,488,671,55,48,0.34,11,0,0
21,20,727,423,51,93,0.33,11,0,0
21,21,267,442,21,32,0.33,11,0,0
21,22,314,446,23,34,0.32,11,0,0
22,1,809,28,85,47,0.61,4,0,0
22,2,981,83,92,43,0.59,4,0,0
22,3,1209,290,70,67,0.57,4,0,0
22,4,559,284,56,99,0.41,4,0,0
22,5,1191,221,88,49,0.38,4,0,0
22,6,685,11,77,51,0.36,4,0,0
22,7,474,237,59,90,0.34,4,0,0
22,8,481,408,50,105,0.26,4,0,0
22,9,809,28,85,47,0.61,11,0,0
22,10,981,83,92,43,0.59,11,0,0
22,11,1209,290,70,67,0.57,11,0,0
22,12,559,284,56,99,0.41,11,0,0
22,13,1191,221,88,49,0.38,11,0,0
22,14,685,11,77,51,0.36,11,0,0
22,15,729,431,50,93,0.35,11,0,0
22,16,474,237,59,90,0.34,11,0,0
22,17,481,408,50,105,0.26,11,0,0
23,1,558,276,55,117,0.56,4,0,0
23,2,809,33,87,46,0.53,4,0,0
23,3,686,15,77,50,0.25,4,0,0
23,4,558,276,55,117,0.56,11,0,0
23,5,809,33,87,46,0.53,11,0,0
23,6,686,15,77,50,0.25,11,0,0
24,1,1202,299,77,50,0.70,4,0,0
24,2,809,105,83,46,0.69,4,0,0
24,3,956,159,91,48,0.56,4,0,0
24,4,684,89,80,40,0.50,4,0,0
24,5,44,130,89,43,0.45,4,0,0
24,6,452,53,44,58,0.37,4,0,0
24,7,466,303,59,92,0.36,4,0,0
24,8,1213,369,66,68,0.35,4,0,0
24,9,581,175,31,33,0.33,4,0,0
24,10,731,516,51,99,0.30,4,0,0
24,11,552,330,60,143,0.28,9,0,0
24,12,239,51,50,44,0.27,4,0,0
24,13,466,304,59,92,0.25,9,0,0
24,14,1202,299,77,50,0.70,11,0,0
24,15,809,105,83,46,0.69,11,0,0
24,16,956,159,91,48,0.56,11,0,0
24,17,684,89,80,40,0.50,11,0,0
24,18,44,130,89,43,0.45,11,0,0
24,19,452,53,44,58,0.37,11,0,0
24,20,466,303,59,92,0.36,11,0,0
24,21,1213,369,66,68,0.35,11,0,0
24,22,581,175,31,33,0.33,11,0,0
24,23,731,516,51,99,0.30,11,0,0
24,24,552,330,60,143,0.28,11,0,0
24,25,239,51,50,44,0.27,11,0,0
24,26,466,304,59,92,0.25,11,0,0
25,1,952,179,88,48,0.68,4,0,0
25,2,809,131,84,45,0.61,4,0,0
25,3,1205,322,74,46,0.61,4,0,0
25,4,477,491,51,106,0.54,4,0,0
25,5,463,321,62,92,0.50,4,0,0
25,6,685,115,79,44,0.50,4,0,0
25,7,732,538,52,101,0.43,4,0,0
25,8,1218,394,61,66,0.40,4,0,0
25,9,449,86,44,56,0.38,4,0,0
25,10,555,345,53,90,0.30,9,0,0
25,11,43,161,86,42,0.30,4,0,0
25,12,247,79,41,43,0.26,4,0,0
25,13,952,179,88,48,0.68,11,0,0
25,14,809,131,84,45,0.61,11,0,0
25,15,1205,322,74,46,0.61,11,0,0
25,16,477,491,51,106,0.54,11,0,0
25,17,463,321,62,92,0.50,11,0,0
25,18,685,115,79,44,0.50,11,0,0
25,19,303,566,23,33,0.48,11,0,0
25,20,732,538,52,101,0.43,11,0,0
25,21,1218,394,61,66,0.40,11,0,0
25,22,449,86,44,56,0.38,11,0,0
25,23,253,564,23,32,0.30,11,0,0
25,24,555,345,53,90,0.30,11,0,0
25,25,43,161,86,42,0.30,11,0,0
25,26,247,79,41,43,0.26,11,0,0
26,1,456,321,69,86,0.80,4,0,0
26,2,807,138,84,43,0.79,4,0,0
26,3,1206,327,73,47,0.77,4,0,0
26,4,549,334,57,90,0.75,4,0,0
26,5,937,190,94,42,0.74,4,0,0
26,6,447,97,45,56,0.69,4,0,0
26,7,43,164,91,41,0.68,4,0,0
26,8,236,82,55,48,0.68,4,0,0
26,9,685,121,80,47,0.65,4,0,0
26,10,1218,401,61,65,0.64,4,0,0
26,11,171,106,61,49,0.43,4,0,0
26,12,476,487,51,106,0.39,4,0,0
26,13,730,544,55,101,0.32,4,0,0
26,14,456,321,69,86,0.80,11,0,0
26,15,807,138,84,43,0.79,11,0,0
26,16,1206,327,73,47,0.77,11,0,0
26,17,549,334,57,90,0.75,11,0,0
26,18,937,190,94,42,0.74,11,0,0
26,19,447,97,45,56,0.69,11,0,0
26,20,43,164,91,41,0.68,11,0,0
26,21,236,82,55,48,0.68,11,0,0
26,22,685,121,80,47,0.65,11,0,0
26,23,1218,401,61,65,0.64,11,0,0
26,24,301,575,23,34,0.56,11,0,0
26,25,171,106,61,49,0.43,11,0,0
26,26,250,571,24,34,0.41,11,0,0
26,27,592,8,11,22,0.40,11,0,0
26,28,476,487,51,106,0.39,11,0,0
26,29,565,7,12,25,0.34,11,0,0
26,30,730,544,55,101,0.32,11,0,0
26,31,144,568,24,32,0.30,11,0,0
26,32,798,0,18,39,0.25,11,0,0
27,1,545,324,56,91,0.79,4,0,0
27,2,451,322,70,83,0.78,4,0,0
27,3,1208,331,71,49,0.76,4,0,0
27,4,807,141,84,44,0.73,4,0,0
27,5,931,192,92,42,0.73,4,0,0
27,6,235,85,55,47,0.68,4,0,0
27,7,41,167,93,41,0.65,4,0,0
27,8,1218,404,61,65,0.62,4,0,0
27,9,686,125,79,46,0.59,4,0,0
27,10,172,110,59,49,0.54,4,0,0
27,11,475,485,51,106,0.53,4,0,0
27,12,447,104,43,58,0.44,4,0,0
27,13,730,549,80,102,0.36,4,0,0
27,14,446,104,44,58,0.29,6,0,0
27,15,550,134,20,45,0.28,1,0,0
27,16,545,324,56,91,0.79,11,0,0
27,17,451,322,70,83,0.78,11,0,0
27,18,1208,331,71,49,0.76,11,0,0
27,19,807,141,84,44,0.73,11,0,0
27,20,931,192,92,42,0.73,11,0,0
27,21,235,85,55,47,0.68,11,0,0
27,22,41,167,93,41,0.65,11,0,0
27,23,1218,404,61,65,0.62,11,0,0
27,24,686,125,79,46,0.59,11,0,0
27,25,298,582,24,34,0.59,11,0,0
27,26,172,110,59,49,0.54,11,0,0
27,27,475,485,51,106,0.53,11,0,0
27,28,447,104,43,58,0.44,11,0,0
27,29,248,579,23,33,0.43,11,0,0
27,30,140,575,25,32,0.42,11,0,0
27,31,564,10,12,24,0.42,11,0,0
27,32,591,11,12,22,0.38,11,0,0
27,33,730,549,80,102,0.36,11,0,0
27,34,446,104,44,58,0.29,11,0,0
27,35,550,134,20,45,0.28,11,0,0
28,1,444,319,74,86,0.78,4,0,0
28,2,806,144,86,45,0.77,4,0,0
28,3,1208,335,71,49,0.74,4,0,0
28,4,38,171,93,41,0.72,4,0,0
28,5,685,129,81,44,0.72,4,0,0
28,6,920,196,92,41,0.71,4,0,0
28,7,235,88,54,47,0.66,4,0,0
28,8,1220,408,59,67,0.61,4,0,0
28,9,579,189,32,32,0.54,4,0,0
28,10,542,316,57,87,0.45,4,0,0
28,11,171,113,60,50,0.43,4,0,0
28,12,445,113,43,60,0.35,4,0,0
28,13,473,481,51,105,0.34,4,0,0
28,14,731,555,80,103,0.34,4,0,0
28,15,550,136,21,46,0.28,1,0,0
28,16,444,319,74,86,0.78,11,0,0
28,17,806,144,86,45,0.77,11,0,0
28,18,1208,335,71,49,0.74,11,0,0
28,19,38,171,93,41,0.72,11,0,0
28,20,685,129,81,44,0.72,11,0,0
28,21,920,196,92,41,0.71,11,0,0
28,22,235,88,54,47,0.66,11,0,0
28,23,1220,408,59,67,0.61,11,0,0
28,24,579,189,32,32,0.54,11,0,0
28,25,295,590,24,33,0.54,11,0,0
28,26,542,316,57,87,0.45,11,0,0
28,27,171,113,60,50,0.43,11,0,0
28,28,137,582,25,33,0.41,11,0,0
28,29,565,15,11,22,0.40,11,0,0
28,30,244,587,24,33,0.38,11,0,0
28,31,591,15,11,22,0.37,11,0,0
28,32,445,113,43,60,0.35,11,0,0
28,33,473,481,51,105,0.34,11,0,0
28,34,731,555,80,103,0.34,11,0,0
28,35,550,136,21,46,0.28,11,0,0
29,1,807,147,86,44,0.76,4,0,0
29,2,684,130,82,48,0.73,4,0,0
29,3,1211,340,68,49,0.70,4,0,0
29,4,434,317,79,85,0.70,4,0,0
29,5,37,175,92,43,0.69,4,0,0
29,6,233,90,56,48,0.69,4,0,0
29,7,910,199,92,40,0.68,4,0,0
29,8,470,479,53,102,0.67,4,0,0
29,9,443,121,44,61,0.67,4,0,0
29,10,538,305,56,89,0.67,4,0,0
29,11,170,116,60,50,0.56,4,0,0
29,12,579,186,31,31,0.52,4,0,0
29,13,731,562,56,103,0.43,4,0,0
29,14,1222,413,57,64,0.40,4,0,0
29,15,731,561,83,105,0.32,4,0,0
29,16,807,147,86,44,0.76,11,0,0
29,17,684,130,82,48,0.73,11,0,0
29,18,1211,340,68,49,0.70,11,0,0
29,19,434,317,79,85,0.70,11,0,0
29,20,37,175,92,43,0.69,11,0,0
29,21,233,90,56,48,0.69,11,0,0
29,22,910,199,92,40,0.68,11,0,0
29,23,470,479,53,102,0.67,11,0,0
29,24,443,121,44,61,0.67,11,0,0
29,25,538,305,56,89,0.67,11,0,0
29,26,170,116,60,50,0.56,11,0,0
29,27,579,186,31,31,0.52,11,0,0
29,28,293,598,25,33,0.52,11,0,0
29,29,731,562,56,103,0.43,11,0,0
29,30,1222,413,57,64,0.40,11,0,0
29,31,564,17,12,23,0.36,11,0,0
29,32,592,17,10,23,0.33,11,0,0
29,33,731,561,83,105,0.32,11,0,0
29,34,243,595,23,32,0.29,11,0,0
29,35,134,590,26,33,0.27,11,0,0
30,1,469,472,53,104,0.75,4,0,0
30,2,428,315,75,83,0.75,4,0,0
30,3,35,177,92,43,0.71,4,0,0
30,4,900,201,94,42,0.67,4,0,0
30,5,685,134,82,47,0.67,4,0,0
30,6,232,94,55,46,0.66,4,0,0
30,7,732,568,82,105,0.60,4,0,0
30,8,807,151,87,44,0.58,4,0,0
30,9,441,131,44,59,0.54,4,0,0
30,10,1214,345,65,50,0.54,4,0,0
30,11,168,119,61,50,0.49,4,0,0
30,12,580,184,31,23,0.42,4,0,0
30,13,1224,397,55,82,0.37,4,0,0
30,14,534,294,56,85,0.32,4,0,0
30,15,469,472,53,104,0.75,11,0,0
30,16,428,315,75,83,0.75,11,0,0
30,17,35,177,92,43,0.71,11,0,0
30,18,900,201,94,42,0.67,11,0,0
30,19,685,134,82,47,0.67,11,0,0
30,20,232,94,55,46,0.66,11,0,0
30,21,732,568,82,105,0.60,11,0,0
30,22,807,151,87,44,0.58,11,0,0
30,23,441,131,44,59,0.54,11,0,0
30,24,1214,345,65,50,0.54,11,0,0
30,25,168,119,61,50,0.49,11,0,0
30,26,291,604,26,35,0.46,11,0,0
30,27,131,597,26,35,0.45,11,0,0
30,28,580,184,31,23,0.42,11,0,0
30,29,241,602,23,31,0.40,11,0,0
30,30,1224,397,55,82,0.37,11,0,0
30,31,534,294,56,85,0.32,11,0,0
31,1,467,468,54,100,0.77,4,0,0
31,2,419,312,80,83,0.75,4,0,0
31,3,893,204,92,40,0.72,4,0,0
31,4,1215,348,64,49,0.71,4,0,0
31,5,33,181,94,40,0.70,4,0,0
31,6,685,136,82,44,0.66,4,0,0
31,7,732,573,82,106,0.65,4,0,0
31,8,808,153,87,44,0.59,4,0,0
31,9,165,121,62,51,0.58,4,0,0
31,10,230,96,57,48,0.57,4,0,0
31,11,580,181,31,24,0.45,4,0,0
31,12,439,138,43,62,0.42,4,0,0
31,13,1226,414,53,70,0.42,4,0,0
31,14,528,287,61,82,0.40,4,0,0
31,15,438,138,45,63,0.36,6,0,0
31,16,467,468,54,100,0.77,11,0,0
31,17,419,312,80,83,0.75,11,0,0
31,18,893,204,92,40,0.72,11,0,0
31,19,1215,348,64,49,0.71,11,0,0
31,20,33,181,94,40,0.70,11,0,0
31,21,685,136,82,44,0.66,11,0,0
31,22,732,573,82,106,0.65,11,0,0
31,23,808,153,87,44,0.59,11,0,0
31,24,165,121,62,51,0.58,11,0,0
31,25,230,96,57,48,0.57,11,0,0
31,26,290,613,25,34,0.52,11,0,0
31,27,580,181,31,24,0.45,11,0,0
31,28,439,138,43,62,0.42,11,0,0
31,29,1226,414,53,70,0.42,11,0,0
31,30,528,287,61,82,0.40,11,0,0
31,31,239,610,23,31,0.36,11,0,0
31,32,438,138,45,63,0.36,11,0,0
31,33,128,604,27,34,0.28,11,0,0
32,1,409,310,86,82,0.84,4,0,0
32,2,464,465,55,98,0.77,4,0,0
32,3,882,206,94,43,0.76,4,0,0
32,4,1216,351,63,51,0.75,4,0,0
32,5,31,183,94,43,0.74,4,0,0
32,6,732,579,83,107,0.73,4,0,0
32,7,685,138,82,45,0.67,4,0,0
32,8,229,98,55,48,0.63,4,0,0
32,9,808,156,87,45,0.57,4,0,0
32,10,1228,410,51,75,0.54,4,0,0
32,11,437,146,45,63,0.53,4,0,0
32,12,581,178,29,23,0.50,4,0,0
32,13,164,124,62,50,0.48,4,0,0
32,14,525,279,58,77,0.48,4,0,0
32,15,460,50,38,52,0.26,6,0,0
32,16,409,310,86,82,0.84,11,0,0
32,17,464,465,55,98,0.77,11,0,0
32,18,882,206,94,43,0.76,11,0,0
32,19,1216,351,63,51,0.75,11,0,0
32,20,31,183,94,43,0.74,11,0,0
32,21,732,579,83,107,0.73,11,0,0
32,22,685,138,82,45,0.67,11,0,0
32,23,229,98,55,48,0.63,11,0,0
32,24,808,156,87,45,0.57,11,0,0
32,25,1228,410,51,75,0.54,11,0,0
32,26,437,146,45,63,0.53,11,0,0
32,27,581,178,29,23,0.50,11,0,0
32,28,288,619,25,35,0.49,11,0,0
32,29,164,124,62,50,0.48,11,0,0
32,30,525,279,58,77,0.48,11,0,0
32,31,236,617,24,32,0.42,11,0,0
32,32,591,25,11,22,0.28,11,0,0
32,33,460,50,38,52,0.26,11,0,0
33,1,405,309,85,79,0.85,4,0,0
33,2,878,208,99,43,0.77,4,0,0
33,3,1218,354,61,48,0.75,4,0,0
33,4,30,185,94,42,0.72,4,0,0
33,5,463,460,55,99,0.72,4,0,0
33,6,227,99,58,49,0.68,4,0,0
33,7,732,583,83,107,0.68,4,0,0
33,8,685,140,82,47,0.64,4,0,0
33,9,1229,415,50,72,0.63,4,0,0
33,10,807,158,89,45,0.58,4,0,0
33,11,437,150,44,63,0.49,4,0,0
33,12,580,173,29,27,0.44,4,0,0
33,13,161,126,64,49,0.30,4,0,0
33,14,118,125,107,52,0.27,4,0,0
33,15,524,275,56,78,0.26,6,0,0
33,16,405,309,85,79,0.85,11,0,0
33,17,878,208,99,43,0.77,11,0,0
33,18,1218,354,61,48,0.75,11,0,0
33,19,30,185,94,42,0.72,11,0,0
33,20,463,460,55,99,0.72,11,0,0
33,21,227,99,58,49,0.68,11,0,0
33,22,732,583,83,107,0.68,11,0,0
33,23,685,140,82,47,0.64,11,0,0
33,24,1229,415,50,72,0.63,11,0,0
33,25,807,158,89,45,0.58,11,0,0
33,26,286,623,25,35,0.57,11,0,0
33,27,437,150,44,63,0.49,11,0,0
33,28,580,173,29,27,0.44,11,0,0
33,29,161,126,64,49,0.30,11,0,0
33,30,235,621,24,33,0.30,11,0,0
33,31,563,27,12,22,0.29,11,0,0
33,32,591,26,11,23,0.28,11,0,0
33,33,118,125,107,52,0.27,11,0,0
33,34,524,275,56,78,0.26,11,0,0
34,1,395,308,89,78,0.86,4,0,0
34,2,732,587,84,108,0.73,4,0,0
34,3,1219,358,60,47,0.72,4,0,0
34,4,28,187,94,42,0.71,4,0,0
34,5,869,212,95,42,0.70,4,0,0
34,6,457,454,58,98,0.69,4,0,0
34,7,686,143,81,46,0.67,4,0,0
34,8,433,158,48,63,0.63,4,0,0
34,9,1231,432,48,59,0.59,4,0,0
34,10,225,101,59,49,0.56,4,0,0
34,11,806,160,90,45,0.50,4,0,0
34,12,161,129,62,49,0.45,4,0,0
34,13,582,169,27,23,0.44,4,0,0
34,14,517,266,60,76,0.34,6,0,0
34,15,806,160,90,45,0.33,6,0,0
34,16,455,62,41,56,0.26,6,0,0
34,17,395,308,89,78,0.86,11,0,0
34,18,732,587,84,108,0.73,11,0,0
34,19,1219,358,60,47,0.72,11,0,0
34,20,28,187,94,42,0.71,11,0,0
34,21,869,212,95,42,0.70,11,0,0
34,22,457,454,58,98,0.69,11,0,0
34,23,686,143,81,46,0.67,11,0,0
34,24,433,158,48,63,0.63,11,0,0
34,25,1231,432,48,59,0.59,11,0,0
34,26,225,101,59,49,0.56,11,0,0
34,27,806,160,90,45,0.50,11,0,0
34,28,161,129,62,49,0.45,11,0,0
34,29,582,169,27,23,0.44,11,0,0
34,30,286,630,24,35,0.39,11,0,0
34,31,233,627,24,33,0.36,11,0,0
34,32,517,266,60,76,0.34,11,0,0
34,33,806,160,90,45,0.33,11,0,0
34,34,122,622,26,33,0.30,11,0,0
34,35,455,62,41,56,0.26,11,0,0
35,1,385,306,92,75,0.85,4,0,0
35,2,859,216,97,42,0.81,4,0,0
35,3,732,593,84,109,0.78,4,0,0
35,4,452,451,60,96,0.77,4,0,0
35,5,685,145,83,45,0.77,4,0,0
35,6,1221,362,58,51,0.76,4,0,0
35,7,27,191,94,43,0.73,4,0,0
35,8,433,165,46,65,0.70,4,0,0
35,9,809,163,89,43,0.66,4,0,0
35,10,224,103,60,50,0.66,4,0,0
35,11,1233,437,46,58,0.54,4,0,0
35,12,162,131,61,49,0.46,4,0,0
35,13,582,162,27,28,0.45,4,0,0
35,14,816,292,14,31,0.34,1,0,0
35,15,385,306,92,75,0.85,11,0,0
35,16,859,216,97,42,0.81,11,0,0
35,17,732,593,84,109,0.78,11,0,0
35,18,452,451,60,96,0.77,11,0,0
35,19,685,145,83,45,0.77,11,0,0
35,20,1221,362,58,51,0.76,11,0,0
35,21,27,191,94,43,0.73,11,0,0
35,22,433,165,46,65,0.70,11,0,0
35,23,809,163,89,43,0.66,11,0,0
35,24,224,103,60,50,0.66,11,0,0
35,25,1233,437,46,58,0.54,11,0,0
35,26,162,131,61,49,0.46,11,0,0
35,27,582,162,27,28,0.45,11,0,0
35,28,284,637,25,36,0.37,11,0,0
35,29,231,635,26,32,0.34,11,0,0
35,30,816,292,14,31,0.34,11,0,0
36,1,373,305,93,73,0.87,4,0,0
36,2,851,219,96,42,0.83,4,0,0
36,3,447,444,64,101,0.77,4,0,0
36,4,810,165,88,44,0.77,4,0,0
36,5,25,193,96,44,0.75,4,0,0
36,6,684,147,84,47,0.75,4,0,0
36,7,431,172,48,66,0.75,4,0,0
36,8,1222,366,57,48,0.74,4,0,0
36,9,223,105,60,50,0.73,4,0,0
36,10,732,598,82,110,0.69,4,0,0
36,11,1234,440,45,58,0.61,4,0,0
36,12,582,160,26,24,0.55,4,0,0
36,13,159,133,63,50,0.48,4,0,0
36,14,513,251,55,72,0.32,4,0,0
36,15,451,81,42,54,0.27,4,0,0
36,16,373,305,93,73,0.87,11,0,0
36,17,851,219,96,42,0.83,11,0,0
36,18,447,444,64,101,0.77,11,0,0
36,19,810,165,88,44,0.77,11,0,0
36,20,25,193,96,44,0.75,11,0,0
36,21,684,147,84,47,0.75,11,0,0
36,22,431,172,48,66,0.75,11,0,0
36,23,1222,366,57,48,0.74,11,0,0
36,24,223,105,60,50,0.73,11,0,0
36,25,732,598,82,110,0.69,11,0,0
36,26,1234,440,45,58,0.61,11,0,0
36,27,582,160,26,24,0.55,11,0,0
36,28,159,133,63,50,0.48,11,0,0
36,29,282,644,24,35,0.34,11,0,0
36,30,590,33,11,23,0.32,11,0,0
36,31,513,251,55,72,0.32,11,0,0
36,32,825,22,18,44,0.31,11,0,0
36,33,562,33,12,23,0.31,11,0,0
36,34,451,81,42,54,0.27,11,0,0
37,1,362,304,94,73,0.86,4,0,0
37,2,844,221,96,45,0.79,4,0,0
37,3,442,438,67,97,0.79,4,0,0
37,4,810,168,88,44,0.77,4,0,0
37,5,23,195,97,43,0.76,4,0,0
37,6,429,179,48,67,0.76,4,0,0
37,7,222,107,60,50,0.76,4,0,0
37,8,1223,368,56,51,0.75,4,0,0
37,9,685,150,83,48,0.73,4,0,0
37,10,509,242,54,69,0.64,4,0,0
37,11,1236,445,43,55,0.59,4,0,0
37,12,733,603,84,110,0.58,4,0,0
37,13,158,136,63,49,0.51,4,0,0
37,14,448,88,45,57,0.33,4,0,0
37,15,448,87,45,58,0.32,6,0,0
37,16,580,154,27,25,0.31,4,0,0
37,17,362,304,94,73,0.86,11,0,0
37,18,844,221,96,45,0.79,11,0,0
37,19,442,438,67,97,0.79,11,0,0
37,20,810,168,88,44,0.77,11,0,0
37,21,23,195,97,43,0.76,11,0,0
37,22,429,179,48,67,0.76,11,0,0
37,23,222,107,60,50,0.76,11,0,0
37,24,1223,368,56,51,0.75,11,0,0
37,25,685,150,83,48,0.73,11,0,0
37,26,509,242,54,69,0.64,11,0,0
37,27,1236,445,43,55,0.59,11,0,0
37,28,733,603,84,110,0.58,11,0,0
37,29,158,136,63,49,0.51,11,0,0
37,30,562,35,12,24,0.43,11,0,0
37,31,590,35,11,23,0.34,11,0,0
37,32,448,88,45,57,0.33,11,0,0
37,33,448,87,45,58,0.32,11,0,0
37,34,580,154,27,25,0.31,11,0,0
37,35,280,651,25,34,0.31,11,0,0
37,36,226,648,26,33,0.25,11,0,0
38,1,351,302,94,71,0.87,4,0,0
38,2,836,225,95,44,0.83,4,0,0
38,3,436,434,67,92,0.82,4,0,0
38,4,810,170,88,44,0.78,4,0,0
38,5,686,153,82,46,0.77,4,0,0
38,6,22,198,95,44,0.74,4,0,0
38,7,1225,372,54,49,0.74,4,0,0
38,8,428,186,49,68,0.73,4,0,0
38,9,221,109,61,51,0.70,4,0,0
38,10,1238,449,41,55,0.65,4,0,0
38,11,160,138,59,50,0.65,4,0,0
38,12,506,236,54,72,0.53,4,0,0
38,13,575,151,31,24,0.46,4,0,0
38,14,446,96,42,59,0.25,4,0,0
38,15,351,302,94,71,0.87,11,0,0
38,16,836,225,95,44,0.83,11,0,0
38,17,436,434,67,92,0.82,11,0,0
38,18,810,170,88,44,0.78,11,0,0
38,19,686,153,82,46,0.77,11,0,0
38,20,22,198,95,44,0.74,11,0,0
38,21,1225,372,54,49,0.74,11,0,0
38,22,428,186,49,68,0.73,11,0,0
38,23,221,109,61,51,0.70,11,0,0
38,24,1238,449,41,55,0.65,11,0,0
38,25,160,138,59,50,0.65,11,0,0
38,26,506,236,54,72,0.53,11,0,0
38,27,575,151,31,24,0.46,11,0,0
38,28,825,27,18,43,0.38,11,0,0
38,29,561,37,13,24,0.35,11,0,0
38,30,590,38,10,22,0.26,11,0,0
38,31,446,96,42,59,0.25,11,0,0
39,1,336,301,98,69,0.88,4,0,0
39,2,831,228,93,42,0.87,4,0,0
39,3,810,172,89,46,0.79,4,0,0
39,4,425,193,51,70,0.76,4,0,0
39,5,686,154,83,49,0.76,4,0,0
39,6,1227,377,52,48,0.76,4,0,0
39,7,21,200,95,44,0.75,4,0,0
39,8,430,429,69,91,0.74,4,0,0
39,9,220,112,62,50,0.73,4,0,0
39,10,158,140,60,50,0.64,4,0,0
39,11,503,229,54,70,0.62,4,0,0
39,12,1239,451,40,58,0.57,4,0,0
39,13,444,105,42,59,0.42,4,0,0
39,14,484,675,56,44,0.28,4,0,0
39,15,575,145,28,25,0.27,4,0,0
39,16,336,301,98,69,0.88,11,0,0
39,17,831,228,93,42,0.87,11,0,0
39,18,810,172,89,46,0.79,11,0,0
39,19,425,193,51,70,0.76,11,0,0
39,20,686,154,83,49,0.76,11,0,0
39,21,1227,377,52,48,0.76,11,0,0
39,22,21,200,95,44,0.75,11,0,0
39,23,430,429,69,91,0.74,11,0,0
39,24,220,112,62,50,0.73,11,0,0
39,25,158,140,60,50,0.64,11,0,0
39,26,503,229,54,70,0.62,11,0,0
39,27,1239,451,40,58,0.57,11,0,0
39,28,444,105,42,59,0.42,11,0,0
39,29,484,675,56,44,0.28,11,0,0
39,30,575,145,28,25,0.27,11,0,0
40,1,322,302,99,66,0.86,4,0,0
40,2,821,230,95,44,0.85,4,0,0
40,3,809,175,90,44,0.79,4,0,0
40,4,425,199,49,71,0.78,4,0,0
40,5,424,423,70,92,0.76,4,0,0
40,6,21,201,95,46,0.74,4,0,0
40,7,686,157,83,48,0.74,4,0,0
40,8,1228,379,51,49,0.72,4,0,0
40,9,220,115,60,48,0.71,4,0,0
40,10,501,222,53,73,0.70,4,0,0
40,11,158,142,60,50,0.55,4,0,0
40,12,1241,455,38,53,0.51,4,0,0
40,13,443,111,44,62,0.34,4,0,0
40,14,574,136,29,30,0.34,4,0,0
40,15,322,302,99,66,0.86,11,0,0
40,16,821,230,95,44,0.85,11,0,0
40,17,809,175,90,44,0.79,11,0,0
40,18,425,199,49,71,0.78,11,0,0
40,19,424,423,70,92,0.76,11,0,0
40,20,21,201,95,46,0.74,11,0,0
40,21,686,157,83,48,0.74,11,0,0
40,22,1228,379,51,49,0.72,11,0,0
40,23,220,115,60,48,0.71,11,0,0
40,24,501,222,53,73,0.70,11,0,0
40,25,158,142,60,50,0.55,11,0,0
40,26,1241,455,38,53,0.51,11,0,0
40,27,561,41,13,23,0.43,11,0,0
40,28,590,41,11,22,0.36,11,0,0
40,29,651,42,11,22,0.34,11,0,0
40,30,443,111,44,62,0.34,11,0,0
40,31,574,136,29,30,0.34,11,0,0
41,1,316,300,100,67,0.87,4,0,0
41,2,817,232,96,43,0.84,4,0,0
41,3,425,202,48,71,0.83,4,0,0
41,4,811,175,89,45,0.78,4,0,0
41,5,421,420,71,92,0.78,4,0,0
41,6,686,159,83,47,0.75,4,0,0
41,7,500,219,52,74,0.74,4,0,0
41,8,1230,380,49,49,0.73,4,0,0
41,9,220,116,60,48,0.73,4,0,0
41,10,20,203,96,45,0.71,4,0,0
41,11,157,144,61,50,0.55,4,0,0
41,12,442,114,44,63,0.47,4,0,0
41,13,1243,456,36,56,0.44,4,0,0
41,14,574,136,28,26,0.37,4,0,0
41,15,316,300,100,67,0.87,11,0,0
41,16,817,232,96,43,0.84,11,0,0
41,17,425,202,48,71,0.83,11,0,0
41,18,811,175,89,45,0.78,11,0,0
41,19,421,420,71,92,0.78,11,0,0
41,20,686,159,83,47,0.75,11,0,0
41,21,500,219,52,74,0.74,11,0,0
41,22,1230,380,49,49,0.73,11,0,0
41,23,220,116,60,48,0.73,11,0,0
41,24,20,203,96,45,0.71,11,0,0
41,25,561,43,12,22,0.63,11,0,0
41,26,157,144,61,50,0.55,11,0,0
41,27,442,114,44,63,0.47,11,0,0
41,28,590,43,11,21,0.46,11,0,0
41,29,1243,456,36,56,0.44,11,0,0
41,30,574,136,28,26,0.37,11,0,0
41,31,651,43,11,21,0.33,11,0,0
41,32,826,31,18,45,0.28,11,0,0
42,1,300,298,101,65,0.86,4,0,0
42,2,810,233,96,44,0.83,4,0,0
42,3,424,207,48,71,0.81,4,0,0
42,4,686,160,84,46,0.80,4,0,0
42,5,811,177,91,45,0.80,4,0,0
42,6,414,413,75,93,0.78,4,0,0
42,7,1231,383,48,49,0.74,4,0,0
42,8,499,208,51,72,0.71,4,0,0
42,9,17,205,97,46,0.71,4,0,0
42,10,221,117,59,49,0.65,4,0,0
42,11,1245,459,34,54,0.48,4,0,0
42,12,155,145,63,50,0.38,4,0,0
42,13,440,123,43,60,0.30,4,0,0
42,14,574,132,26,25,0.27,4,0,0
42,15,300,298,101,65,0.86,11,0,0
42,16,810,233,96,44,0.83,11,0,0
42,17,424,207,48,71,0.81,11,0,0
42,18,686,160,84,46,0.80,11,0,0
42,19,811,177,91,45,0.80,11,0,0
42,20,414,413,75,93,0.78,11,0,0
42,21,1231,383,48,49,0.74,11,0,0
42,22,499,208,51,72,0.71,11,0,0
42,23,17,205,97,46,0.71,11,0,0
42,24,221,117,59,49,0.65,11,0,0
42,25,1245,459,34,54,0.48,11,0,0
42,26,561,43,13,24,0.42,11,0,0
42,27,155,145,63,50,0.38,11,0,0
42,28,651,44,12,22,0.36,11,0,0
42,29,275,677,25,34,0.31,11,0,0
42,30,590,44,11,22,0.30,11,0,0
42,31,440,123,43,60,0.30,11,0,0
42,32,827,32,18,45,0.29,11,0,0
42,33,574,132,26,25,0.27,11,0,0
43,1,409,407,74,90,0.85,4,0,0
43,2,804,236,96,44,0.84,4,0,0
43,3,284,296,104,64,0.84,4,0,0
43,4,424,212,48,73,0.83,4,0,0
43,5,812,178,90,46,0.82,4,0,0
43,6,686,161,84,46,0.80,4,0,0
43,7,17,207,97,45,0.75,4,0,0
43,8,1233,386,46,49,0.65,4,0,0
43,9,499,207,50,70,0.64,4,0,0
43,10,220,118,60,50,0.64,4,0,0
43,11,155,146,62,51,0.38,4,0,0
43,12,439,130,43,61,0.37,4,0,0
43,13,1247,463,32,45,0.36,4,0,0
43,14,575,122,24,26,0.25,4,0,0
43,15,409,407,74,90,0.85,11,0,0
43,16,804,236,96,44,0.84,11,0,0
43,17,284,296,104,64,0.84,11,0,0
43,18,424,212,48,73,0.83,11,0,0
43,19,812,178,90,46,0.82,11,0,0
43,20,686,161,84,46,0.80,11,0,0
43,21,17,207,97,45,0.75,11,0,0
43,22,1233,386,46,49,0.65,11,0,0
43,23,499,207,50,70,0.64,11,0,0
43,24,220,118,60,50,0.64,11,0,0
43,25,155,146,62,51,0.38,11,0,0
43,26,439,130,43,61,0.37,11,0,0
43,27,1247,463,32,45,0.36,11,0,0
43,28,591,45,10,22,0.31,11,0,0
43,29,652,45,11,21,0.29,11,0,0
43,30,561,45,13,22,0.29,11,0,0
43,31,575,122,24,26,0.25,11,0,0
44,1,271,294,103,63,0.87,4,0,0
44,2,798,238,96,44,0.86,4,0,0
44,3,401,404,76,83,0.84,4,0,0
44,4,423,218,48,73,0.83,4,0,0
44,5,813,180,91,45,0.81,4,0,0
44,6,687,162,83,46,0.79,4,0,0
44,7,16,208,97,45,0.77,4,0,0
44,8,220,119,59,51,0.65,4,0,0
44,9,1235,388,44,49,0.64,4,0,0
44,10,136,147,81,52,0.50,4,0,0
44,11,1249,464,30,45,0.44,4,0,0
44,12,436,136,46,60,0.41,4,0,0
44,13,574,115,22,26,0.33,4,0,0
44,14,500,201,47,72,0.30,4,0,0
44,15,980,291,16,28,0.28,1,0,0
44,16,973,270,15,30,0.28,1,0,0
44,17,271,294,103,63,0.87,11,0,0
44,18,798,238,96,44,0.86,11,0,0
44,19,401,404,76,83,0.84,11,0,0
44,20,423,218,48,73,0.83,11,0,0
44,21,813,180,91,45,0.81,11,0,0
44,22,687,162,83,46,0.79,11,0,0
44,23,16,208,97,45,0.77,11,0,0
44,24,220,119,59,51,0.65,11,0,0
44,25,1235,388,44,49,0.64,11,0,0
44,26,136,147,81,52,0.50,11,0,0
44,27,1249,464,30,45,0.44,11,0,0
44,28,436,136,46,60,0.41,11,0,0
44,29,562,46,12,23,0.39,11,0,0
44,30,591,46,11,22,0.37,11,0,0
44,31,827,36,20,44,0.35,11,0,0
44,32,574,115,22,26,0.33,11,0,0
44,33,500,201,47,72,0.30,11,0,0
44,34,652,46,11,22,0.29,11,0,0
44,35,980,291,16,28,0.28,11,0,0
44,36,973,270,15,30,0.28,11,0,0
45,1,792,240,97,45,0.86,4,0,0
45,2,254,291,106,65,0.85,4,0,0
45,3,394,399,75,84,0.83,4,0,0
45,4,422,223,49,73,0.79,4,0,0
45,5,815,181,89,46,0.78,4,0,0
45,6,687,163,83,48,0.76,4,0,0
45,7,15,211,97,43,0.75,4,0,0
45,8,1238,390,41,50,0.68,4,0,0
45,9,219,121,59,50,0.64,4,0,0
45,10,135,149,81,52,0.55,4,0,0
45,11,500,196,45,67,0.47,6,0,0
45,12,1251,468,28,51,0.46,4,0,0
45,13,571,109,26,26,0.44,4,0,0
45,14,435,141,46,62,0.27,4,0,0
45,15,792,240,97,45,0.86,11,0,0
45,16,254,291,106,65,0.85,11,0,0
45,17,394,399,75,84,0.83,11,0,0
45,18,422,223,49,73,0.79,11,0,0
45,19,815,181,89,46,0.78,11,0,0
45,20,687,163,83,48,0.76,11,0,0
45,21,15,211,97,43,0.75,11,0,0
45,22,1238,390,41,50,0.68,11,0,0
45,23,219,121,59,50,0.64,11,0,0
45,24,135,149,81,52,0.55,11,0,0
45,25,500,196,45,67,0.47,11,0,0
45,26,1251,468,28,51,0.46,11,0,0
45,27,571,109,26,26,0.44,11,0,0
45,28,562,47,12,24,0.43,11,0,0
45,29,591,47,11,22,0.34,11,0,0
45,30,653,47,10,22,0.30,11,0,0
45,31,435,141,46,62,0.27,11,0,0
46,1,787,241,96,45,0.86,4,0,0
46,2,421,227,50,75,0.84,4,0,0
46,3,238,290,107,60,0.82,4,0,0
46,4,815,183,90,45,0.79,4,0,0
46,5,385,393,80,80,0.78,4,0,0
46,6,688,164,83,46,0.77,4,0,0
46,7,14,212,97,45,0.74,4,0,0
46,8,218,122,59,49,0.67,4,0,0
46,9,1240,393,39,47,0.65,4,0,0
46,10,434,144,47,64,0.49,4,0,0
46,11,1254,469,25,55,0.48,4,0,0
46,12,570,105,23,24,0.46,4,0,0
46,13,502,189,41,66,0.43,6,0,0
46,14,124,150,91,52,0.33,4,0,0
46,15,787,241,96,45,0.86,11,0,0
46,16,421,227,50,75,0.84,11,0,0
46,17,238,290,107,60,0.82,11,0,0
46,18,815,183,90,45,0.79,11,0,0
46,19,385,393,80,80,0.78,11,0,0
46,20,688,164,83,46,0.77,11,0,0
46,21,14,212,97,45,0.74,11,0,0
46,22,218,122,59,49,0.67,11,0,0
46,23,1240,393,39,47,0.65,11,0,0
46,24,562,48,12,23,0.50,11,0,0
46,25,434,144,47,64,0.49,11,0,0
46,26,1254,469,25,55,0.48,11,0,0
46,27,570,105,23,24,0.46,11,0,0
46,28,591,48,11,22,0.45,11,0,0
46,29,502,189,41,66,0.43,11,0,0
46,30,653,48,11,21,0.38,11,0,0
46,31,124,150,91,52,0.33,11,0,0
47,1,782,243,96,46,0.86,4,0,0
47,2,420,231,51,76,0.86,4,0,0
47,3,376,387,80,80,0.84,4,0,0
47,4,222,287,105,62,0.84,4,0,0
47,5,815,184,90,46,0.80,4,0,0
47,6,688,165,84,47,0.73,4,0,0
47,7,13,213,98,46,0.69,4,0,0
47,8,219,123,57,49,0.64,4,0,0
47,9,1242,394,37,50,0.62,4,0,0
47,10,568,96,25,25,0.55,4,0,0
47,11,104,151,110,53,0.47,4,0,0
47,12,1256,473,23,53,0.41,4,0,0
47,13,503,185,40,62,0.39,6,0,0
47,14,434,149,45,64,0.33,4,0,0
47,15,782,243,96,46,0.86,11,0,0
47,16,420,231,51,76,0.86,11,0,0
47,17,376,387,80,80,0.84,11,0,0
47,18,222,287,105,62,0.84,11,0,0
47,19,815,184,90,46,0.80,11,0,0
47,20,688,165,84,47,0.73,11,0,0
47,21,13,213,98,46,0.69,11,0,0
47,22,219,123,57,49,0.64,11,0,0
47,23,1242,394,37,50,0.62,11,0,0
47,24,562,48,12,24,0.58,11,0,0
47,25,568,96,25,25,0.55,11,0,0
47,26,592,48,11,23,0.53,11,0,0
47,27,104,151,110,53,0.47,11,0,0
47,28,654,49,10,21,0.44,11,0,0
47,29,1256,473,23,53,0.41,11,0,0
47,30,830,40,20,43,0.39,11,0,0
47,31,503,185,40,62,0.39,11,0,0
47,32,434,149,45,64,0.33,11,0,0
47,33,485,618,52,99,0.26,11,0,0
48,1,420,237,51,75,0.88,4,0,0
48,2,366,381,84,80,0.87,4,0,0
48,3,777,244,96,46,0.85,4,0,0
48,4,203,286,108,61,0.84,4,0,0
48,5,816,185,91,45,0.81,4,0,0
48,6,689,166,84,46,0.73,4,0,0
48,7,12,214,99,46,0.69,4,0,0
48,8,1244,396,35,50,0.66,4,0,0
48,9,218,123,59,49,0.66,4,0,0
48,10,502,178,42,63,0.53,6,0,0
48,11,434,156,45,63,0.37,4,0,0
48,12,568,88,23,24,0.35,4,0,0
48,13,155,153,59,50,0.33,4,0,0
48,14,1258,476,21,47,0.30,4,0,0
48,15,109,152,105,52,0.26,4,0,0
48,16,755,421,16,30,0.26,1,0,0
48,17,420,237,51,75,0.88,11,0,0
48,18,366,381,84,80,0.87,11,0,0
48,19,777,244,96,46,0.85,11,0,0
48,20,203,286,108,61,0.84,11,0,0
48,21,816,185,91,45,0.81,11,0,0
48,22,689,166,84,46,0.73,11,0,0
48,23,12,214,99,46,0.69,11,0,0
48,24,1244,396,35,50,0.66,11,0,0
48,25,218,123,59,49,0.66,11,0,0
48,26,502,178,42,63,0.53,11,0,0
48,27,592,49,10,23,0.45,11,0,0
48,28,563,50,12,23,0.44,11,0,0
48,29,434,156,45,63,0.37,11,0,0
48,30,568,88,23,24,0.35,11,0,0
48,31,155,153,59,50,0.33,11,0,0
48,32,1258,476,21,47,0.30,11,0,0
48,33,655,50,10,21,0.30,11,0,0
48,34,486,611,52,101,0.29,11,0,0
48,35,109,152,105,52,0.26,11,0,0
48,36,755,421,16,30,0.26,11,0,0
49,1,420,239,51,77,0.86,4,0,0
49,2,775,246,97,45,0.84,4,0,0
49,3,361,379,85,79,0.83,4,0,0
49,4,194,284,106,61,0.82,4,0,0
49,5,817,186,90,45,0.81,4,0,0
49,6,689,167,84,47,0.71,4,0,0
49,7,11,215,100,45,0.71,4,0,0
49,8,1245,398,34,47,0.66,4,0,0
49,9,433,161,46,63,0.61,4,0,0
49,10,217,122,60,52,0.57,4,0,0
49,11,567,86,24,23,0.43,4,0,0
49,12,830,355,17,32,0.39,1,0,0
49,13,1260,481,19,47,0.35,4,0,0
49,14,502,175,42,65,0.31,6,0,0
49,15,502,175,42,64,0.31,4,0,0
49,16,107,152,107,53,0.28,4,0,0
49,17,152,153,62,51,0.27,4,0,0
49,18,420,239,51,77,0.86,11,0,0
49,19,775,246,97,45,0.84,11,0,0
49,20,361,379,85,79,0.83,11,0,0
49,21,194,284,106,61,0.82,11,0,0
49,22,817,186,90,45,0.81,11,0,0
49,23,689,167,84,47,0.71,11,0,0
49,24,11,215,100,45,0.71,11,0,0
49,25,1245,398,34,47,0.66,11,0,0
49,26,433,161,46,63,0.61,11,0,0
49,27,217,122,60,52,0.57,11,0,0
49,28,485,610,53,100,0.48,11,0,0
49,29,567,86,24,23,0.43,11,0,0
49,30,563,51,12,22,0.41,11,0,0
49,31,830,355,17,32,0.39,11,0,0
49,32,592,51,11,22,0.38,11,0,0
49,33,1260,481,19,47,0.35,11,0,0
49,34,502,175,42,65,0.31,11,0,0
49,35,502,175,42,64,0.31,11,0,0
49,36,655,50,10,22,0.29,11,0,0
49,37,107,152,107,53,0.28,11,0,0
49,38,152,153,62,51,0.27,11,0,0
50,1,350,376,86,75,0.85,4,0,0
50,2,418,245,52,77,0.85,4,0,0
50,3,769,248,98,44,0.83,4,0,0
50,4,176,285,109,57,0.82,4,0,0
50,5,817,188,92,46,0.79,4,0,0
50,6,10,217,99,46,0.74,4,0,0
50,7,690,169,83,49,0.70,4,0,0
50,8,1247,401,32,46,0.65,4,0,0
50,9,217,126,60,50,0.58,4,0,0
50,10,103,154,110,53,0.52,4,0,0
50,11,504,171,40,67,0.47,6,0,0
50,12,1262,485,17,43,0.39,4,0,0
50,13,432,164,44,65,0.26,4,0,0
50,14,350,376,86,75,0.85,11,0,0
50,15,418,245,52,77,0.85,11,0,0
50,16,769,248,98,44,0.83,11,0,0
50,17,176,285,109,57,0.82,11,0,0
50,18,817,188,92,46,0.79,11,0,0
50,19,10,217,99,46,0.74,11,0,0
50,20,690,169,83,49,0.70,11,0,0
50,21,1247,401,32,46,0.65,11,0,0
50,22,217,126,60,50,0.58,11,0,0
50,23,592,52,12,23,0.54,11,0,0
50,24,103,154,110,53,0.52,11,0,0
50,25,655,53,11,20,0.49,11,0,0
50,26,504,171,40,67,0.47,11,0,0
50,27,564,52,12,23,0.47,11,0,0
50,28,1262,485,17,43,0.39,11,0,0
50,29,432,164,44,65,0.26,11,0,0
51,1,338,373,90,74,0.85,4,0,0
51,2,418,250,52,79,0.85,4,0,0
51,3,155,285,109,56,0.83,4,0,0
51,4,765,252,97,44,0.83,4,0,0
51,5,817,190,92,47,0.80,4,0,0
51,6,690,171,83,48,0.73,4,0,0
51,7,10,219,99,47,0.73,4,0,0
51,8,1249,405,30,46,0.67,4,0,0
51,9,217,129,59,50,0.58,4,0,0
51,10,505,165,39,64,0.52,4,0,0
51,11,431,169,44,65,0.38,4,0,0
51,12,103,156,109,53,0.35,4,0,0
51,13,480,601,57,99,0.34,4,0,0
51,14,1265,490,14,39,0.25,4,0,0
51,15,338,373,90,74,0.85,11,0,0
51,16,418,250,52,79,0.85,11,0,0
51,17,155,285,109,56,0.83,11,0,0
51,18,765,252,97,44,0.83,11,0,0
51,19,817,190,92,47,0.80,11,0,0
51,20,690,171,83,48,0.73,11,0,0
51,21,10,219,99,47,0.73,11,0,0
51,22,1249,405,30,46,0.67,11,0,0
51,23,217,129,59,50,0.58,11,0,0
51,24,505,165,39,64,0.52,11,0,0
51,25,656,55,11,19,0.44,11,0,0
51,26,592,54,13,22,0.43,11,0,0
51,27,431,169,44,65,0.38,11,0,0
51,28,564,54,12,23,0.38,11,0,0
51,29,103,156,109,53,0.35,11,0,0
51,30,480,601,57,99,0.34,11,0,0
51,31,1265,490,14,39,0.25,11,0,0
52,1,761,254,96,46,0.85,4,0,0
52,2,328,370,91,71,0.84,4,0,0
52,3,135,285,112,57,0.84,4,0,0
52,4,417,256,52,79,0.83,4,0,0
52,5,819,192,91,46,0.81,4,0,0
52,6,690,173,84,47,0.71,4,0,0
52,7,9,221,100,47,0.70,4,0,0
52,8,218,130,57,50,0.65,4,0,0
52,9,1252,407,27,45,0.62,4,0,0
52,10,506,161,41,66,0.52,4,0,0
52,11,478,596,58,100,0.44,4,0,0
52,12,431,174,46,66,0.33,4,0,0
52,13,103,158,110,53,0.26,4,0,0
52,14,830,372,21,33,0.26,1,0,0
52,15,1267,494,12,37,0.26,4,0,0
52,16,761,254,96,46,0.85,11,0,0
52,17,328,370,91,71,0.84,11,0,0
52,18,135,285,112,57,0.84,11,0,0
52,19,417,256,52,79,0.83,11,0,0
52,20,819,192,91,46,0.81,11,0,0
52,21,690,173,84,47,0.71,11,0,0
52,22,9,221,100,47,0.70,11,0,0
52,23,656,56,11,21,0.66,11,0,0
52,24,218,130,57,50,0.65,11,0,0
52,25,593,56,12,22,0.65,11,0,0
52,26,1252,407,27,45,0.62,11,0,0
52,27,506,161,41,66,0.52,11,0,0
52,28,478,596,58,100,0.44,11,0,0
52,29,431,174,46,66,0.33,11,0,0
52,30,564,55,15,24,0.33,11,0,0
52,31,564,56,20,34,0.31,11,0,0
52,32,103,158,110,53,0.26,11,0,0
52,33,830,372,21,33,0.26,11,0,0
52,34,1267,494,12,37,0.26,11,0,0
53,1,416,262,53,79,0.86,4,0,0
53,2,316,367,91,69,0.84,4,0,0
53,3,757,256,96,45,0.84,4,0,0
53,4,115,286,109,55,0.83,4,0,0
53,5,820,194,91,47,0.83,4,0,0
53,6,8,225,99,44,0.76,4,0,0
53,7,691,176,85,48,0.75,4,0,0
53,8,216,132,59,49,0.71,4,0,0
53,9,1254,410,25,48,0.62,4,0,0
53,10,506,159,43,63,0.61,4,0,0
53,11,430,179,47,66,0.41,4,0,0
53,12,100,160,112,54,0.34,4,0,0
53,13,416,262,53,79,0.86,11,0,0
53,14,316,367,91,69,0.84,11,0,0
53,15,757,256,96,45,0.84,11,0,0
53,16,115,286,109,55,0.83,11,0,0
53,17,820,194,91,47,0.83,11,0,0
53,18,8,225,99,44,0.76,11,0,0
53,19,691,176,85,48,0.75,11,0,0
53,20,216,132,59,49,0.71,11,0,0
53,21,1254,410,25,48,0.62,11,0,0
53,22,593,58,12,22,0.61,11,0,0
53,23,506,159,43,63,0.61,11,0,0
53,24,656,59,12,20,0.54,11,0,0
53,25,430,179,47,66,0.41,11,0,0
53,26,565,58,13,24,0.41,11,0,0
53,27,100,160,112,54,0.34,11,0,0
53,28,835,47,22,47,0.25,11,0,0
54,1,302,368,94,63,0.87,4,0,0
54,2,752,259,97,44,0.86,4,0,0
54,3,93,288,114,54,0.84,4,0,0
54,4,415,268,53,80,0.83,4,0,0
54,5,820,197,92,46,0.81,4,0,0
54,6,690,177,86,49,0.79,4,0,0
54,7,5,227,100,45,0.78,4,0,0
54,8,217,135,59,49,0.75,4,0,0
54,9,430,185,45,66,0.63,4,0,0
54,10,1256,414,23,47,0.62,4,0,0
54,11,507,155,41,60,0.58,4,0,0
54,12,469,588,64,100,0.45,4,0,0
54,13,148,163,63,52,0.41,4,0,0
54,14,302,368,94,63,0.87,11,0,0
54,15,752,259,97,44,0.86,11,0,0
54,16,93,288,114,54,0.84,11,0,0
54,17,415,268,53,80,0.83,11,0,0
54,18,820,197,92,46,0.81,11,0,0
54,19,690,177,86,49,0.79,11,0,0
54,20,5,227,100,45,0.78,11,0,0
54,21,217,135,59,49,0.75,11,0,0
54,22,430,185,45,66,0.63,11,0,0
54,23,593,60,13,23,0.63,11,0,0
54,24,1256,414,23,47,0.62,11,0,0
54,25,507,155,41,60,0.58,11,0,0
54,26,565,60,12,22,0.57,11,0,0
54,27,469,588,64,100,0.45,11,0,0
54,28,148,163,63,52,0.41,11,0,0
54,29,657,61,11,20,0.37,11,0,0
54,30,469,588,64,100,0.30,11,0,0
55,1,414,275,53,80,0.86,4,0,0
55,2,748,262,97,44,0.84,4,0,0
55,3,71,289,111,54,0.83,4,0,0
55,4,287,361,96,67,0.83,4,0,0
55,5,822,200,92,45,0.82,4,0,0
55,6,466,584,66,100,0.79,4,0,0
55,7,4,229,100,45,0.76,4,0,0
55,8,691,179,86,50,0.75,4,0,0
55,9,214,135,60,52,0.73,4,0,0
55,10,429,190,46,68,0.73,4,0,0
55,11,148,166,63,52,0.61,4,0,0
55,12,509,149,45,62,0.57,4,0,0
55,13,1258,420,21,43,0.55,4,0,0
55,14,830,388,16,35,0.30,1,0,0
55,15,414,275,53,80,0.86,11,0,0
55,16,748,262,97,44,0.84,11,0,0
55,17,71,289,111,54,0.83,11,0,0
55,18,287,361,96,67,0.83,11,0,0
55,19,822,200,92,45,0.82,11,0,0
55,20,466,584,66,100,0.79,11,0,0
55,21,4,229,100,45,0.76,11,0,0
55,22,691,179,86,50,0.75,11,0,0
55,23,214,135,60,52,0.73,11,0,0
55,24,429,190,46,68,0.73,11,0,0
55,25,594,62,12,23,0.70,11,0,0
55,26,565,61,13,24,0.63,11,0,0
55,27,148,166,63,52,0.61,11,0,0
55,28,509,149,45,62,0.57,11,0,0
55,29,1258,420,21,43,0.55,11,0,0
55,30,657,62,11,21,0.42,11,0,0
55,31,830,388,16,35,0.30,11,0,0
56,1,271,361,100,63,0.85,4,0,0
56,2,413,282,54,81,0.84,4,0,0
56,3,47,290,114,56,0.84,4,0,0
56,4,460,579,69,99,0.83,4,0,0
56,5,743,263,98,45,0.82,4,0,0
56,6,822,202,92,45,0.82,4,0,0
56,7,4,232,99,44,0.72,4,0,0
56,8,691,182,87,49,0.68,4,0,0
56,9,212,135,61,53,0.65,4,0,0
56,10,427,195,48,67,0.56,4,0,0
56,11,510,146,46,62,0.55,4,0,0
56,12,145,168,65,52,0.52,4,0,0
56,13,1261,423,18,43,0.49,4,0,0
56,14,626,251,18,29,0.27,1,0,0
56,15,271,361,100,63,0.85,11,0,0
56,16,413,282,54,81,0.84,11,0,0
56,17,47,290,114,56,0.84,11,0,0
56,18,460,579,69,99,0.83,11,0,0
56,19,743,263,98,45,0.82,11,0,0
56,20,822,202,92,45,0.82,11,0,0
56,21,4,232,99,44,0.72,11,0,0
56,22,594,64,12,23,0.70,11,0,0
56,23,691,182,87,49,0.68,11,0,0
56,24,212,135,61,53,0.65,11,0,0
56,25,565,63,13,25,0.63,11,0,0
56,26,427,195,48,67,0.56,11,0,0
56,27,510,146,46,62,0.55,11,0,0
56,28,145,168,65,52,0.52,11,0,0
56,29,1261,423,18,43,0.49,11,0,0
56,30,658,64,11,21,0.30,11,0,0
56,31,626,251,18,29,0.27,11,0,0
57,1,264,361,98,61,0.86,4,0,0
57,2,412,286,55,81,0.84,4,0,0
57,3,32,291,116,56,0.84,4,0,0
57,4,457,577,70,99,0.84,4,0,0
57,5,741,265,97,45,0.83,4,0,0
57,6,822,203,93,47,0.81,4,0,0
57,7,2,233,101,46,0.70,4,0,0
57,8,427,199,49,68,0.66,4,0,0
57,9,691,184,88,49,0.66,4,0,0
57,10,213,138,60,52,0.65,4,0,0
57,11,147,169,63,52,0.55,4,0,0
57,12,510,145,46,61,0.44,4,0,0
57,13,1263,426,16,41,0.40,4,0,0
57,14,832,398,14,33,0.35,1,0,0
57,15,264,361,98,61,0.86,11,0,0
57,16,412,286,55,81,0.84,11,0,0
57,17,32,291,116,56,0.84,11,0,0
57,18,457,577,70,99,0.84,11,0,0
57,19,741,265,97,45,0.83,11,0,0
57,20,822,203,93,47,0.81,11,0,0
57,21,2,233,101,46,0.70,11,0,0
57,22,427,199,49,68,0.66,11,0,0
57,23,691,184,88,49,0.66,11,0,0
57,24,213,138,60,52,0.65,11,0,0
57,25,594,65,12,23,0.58,11,0,0
57,26,147,169,63,52,0.55,11,0,0
57,27,565,65,13,24,0.52,11,0,0
57,28,510,145,46,61,0.44,11,0,0
57,29,1263,426,16,41,0.40,11,0,0
57,30,832,398,14,33,0.35,11,0,0
58,1,411,292,55,83,0.86,4,0,0
58,2,450,574,72,98,0.85,4,0,0
58,3,247,358,100,59,0.85,4,0,0
58,4,736,267,98,47,0.82,4,0,0
58,5,823,206,92,46,0.82,4,0,0
58,6,16,294,111,54,0.81,4,0,0
58,7,1,235,101,49,0.73,4,0,0
58,8,427,203,48,70,0.69,4,0,0
58,9,691,185,89,51,0.67,4,0,0
58,10,214,141,59,53,0.56,4,0,0
58,11,473,27,37,51,0.49,4,0,0
58,12,136,171,73,54,0.47,4,0,0
58,13,833,403,14,36,0.39,1,0,0
58,14,512,141,46,62,0.37,4,0,0
58,15,1265,430,14,43,0.33,4,0,0
58,16,411,292,55,83,0.86,11,0,0
58,17,450,574,72,98,0.85,11,0,0
58,18,247,358,100,59,0.85,11,0,0
58,19,736,267,98,47,0.82,11,0,0
58,20,823,206,92,46,0.82,11,0,0
58,21,16,294,111,54,0.81,11,0,0
58,22,1,235,101,49,0.73,11,0,0
58,23,427,203,48,70,0.69,11,0,0
58,24,691,185,89,51,0.67,11,0,0
58,25,594,67,12,24,0.57,11,0,0
58,26,214,141,59,53,0.56,11,0,0
58,27,473,27,37,51,0.49,11,0,0
58,28,136,171,73,54,0.47,11,0,0
58,29,565,67,13,24,0.46,11,0,0
58,30,833,403,14,36,0.39,11,0,0
58,31,512,141,46,62,0.37,11,0,0
58,32,1265,430,14,43,0.33,11,0,0
58,33,659,69,11,19,0.28,11,0,0
59,1,410,300,55,83,0.86,4,0,0
59,2,232,357,102,60,0.86,4,0,0
59,3,442,570,77,99,0.85,4,0,0
59,4,1,297,103,52,0.82,4,0,0
59,5,823,208,94,47,0.80,4,0,0
59,6,0,238,101,48,0.78,4,0,0
59,7,731,271,98,46,0.75,4,0,0
59,8,692,189,88,48,0.72,4,0,0
59,9,211,143,60,53,0.63,4,0,0
59,10,425,209,48,69,0.59,4,0,0
59,11,267,315,17,35,0.47,1,0,0
59,12,137,175,71,52,0.46,4,0,0
59,13,1267,436,12,38,0.33,4,0,0
59,14,472,35,36,49,0.30,4,0,0
59,15,513,137,46,61,0.30,4,0,0
59,16,410,300,55,83,0.86,11,0,0
59,17,232,357,102,60,0.86,11,0,0
59,18,442,570,77,99,0.85,11,0,0
59,19,1,297,103,52,0.82,11,0,0
59,20,823,208,94,47,0.80,11,0,0
59,21,0,238,101,48,0.78,11,0,0
59,22,731,271,98,46,0.75,11,0,0
59,23,692,189,88,48,0.72,11,0,0
59,24,211,143,60,53,0.63,11,0,0
59,25,425,209,48,69,0.59,11,0,0
59,26,267,315,17,35,0.47,11,0,0
59,27,137,175,71,52,0.46,11,0,0
59,28,1267,436,12,38,0.33,11,0,0
59,29,472,35,36,49,0.30,11,0,0
59,30,513,137,46,61,0.30,11,0,0
60,1,435,570,80,98,0.88,4,0,0
60,2,408,307,57,85,0.86,4,0,0
60,3,219,356,101,59,0.85,4,0,0
60,4,0,301,82,52,0.83,4,0,0
60,5,823,211,95,47,0.77,4,0,0
60,6,0,242,99,48,0.74,4,0,0
60,7,693,192,88,49,0.71,4,0,0
60,8,727,273,97,47,0.69,4,0,0
60,9,211,146,61,52,0.67,4,0,0
60,10,424,216,49,69,0.58,4,0,0
60,11,137,178,71,52,0.54,4,0,0
60,12,264,322,20,33,0.50,1,0,0
60,13,513,135,48,61,0.32,4,0,0
60,14,1269,441,10,35,0.27,4,0,0
60,15,435,570,80,98,0.88,11,0,0
60,16,408,307,57,85,0.86,11,0,0
60,17,219,356,101,59,0.85,11,0,0
60,18,0,301,82,52,0.83,11,0,0
60,19,823,211,95,47,0.77,11,0,0
60,20,0,242,99,48,0.74,11,0,0
60,21,693,192,88,49,0.71,11,0,0
60,22,727,273,97,47,0.69,11,0,0
60,23,211,146,61,52,0.67,11,0,0
60,24,424,216,49,69,0.58,11,0,0
60,25,137,178,71,52,0.54,11,0,0
60,26,264,322,20,33,0.50,11,0,0
60,27,594,73,12,22,0.48,11,0,0
60,28,659,72,11,23,0.45,11,0,0
60,29,565,72,12,24,0.42,11,0,0
60,30,995,316,19,29,0.36,11,0,0
60,31,513,135,48,61,0.32,11,0,0
60,32,1269,441,10,35,0.27,11,0,0
61,1,429,570,82,99,0.88,4,0,0
61,2,407,314,56,87,0.87,4,0,0
61,3,204,357,100,55,0.84,4,0,0
61,4,0,303,58,52,0.82,4,0,0
61,5,720,277,99,47,0.79,4,0,0
61,6,826,215,93,46,0.79,4,0,0
61,7,692,194,89,49,0.73,4,0,0
61,8,208,148,62,54,0.69,4,0,0
61,9,424,220,47,71,0.66,4,0,0
61,10,0,245,96,48,0.64,4,0,0
61,11,140,179,65,55,0.64,4,0,0
61,12,264,327,18,35,0.42,1,0,0
61,13,469,47,37,51,0.41,4,0,0
61,14,1095,521,92,57,0.27,4,0,0
61,15,868,435,15,32,0.26,1,0,0
61,16,429,570,82,99,0.88,11,0,0
61,17,407,314,56,87,0.87,11,0,0
61,18,204,357,100,55,0.84,11,0,0
61,19,0,303,58,52,0.82,11,0,0
61,20,720,277,99,47,0.79,11,0,0
61,21,826,215,93,46,0.79,11,0,0
61,22,692,194,89,49,0.73,11,0,0
61,23,208,148,62,54,0.69,11,0,0
61,24,424,220,47,71,0.66,11,0,0
61,25,0,245,96,48,0.64,11,0,0
61,26,140,179,65,55,0.64,11,0,0
61,27,264,327,18,35,0.42,11,0,0
61,28,469,47,37,51,0.41,11,0,0
61,29,565,75,12,24,0.34,11,0,0
61,30,594,75,12,24,0.33,11,0,0
61,31,1095,521,92,57,0.27,11,0,0
61,32,868,435,15,32,0.26,11,0,0
62,1,422,573,84,95,0.87,4,0,0
62,2,405,322,57,88,0.85,4,0,0
62,3,717,280,96,45,0.83,4,0,0
62,4,188,355,99,54,0.81,4,0,0
62,5,826,217,93,49,0.80,4,0,0
62,6,693,197,89,50,0.74,4,0,0
62,7,7,250,88,47,0.71,4,0,0
62,8,209,150,60,54,0.64,4,0,0
62,9,423,225,48,73,0.64,4,0,0
62,10,0,305,35,51,0.62,4,0,0
62,11,138,183,66,54,0.57,4,0,0
62,12,467,54,39,52,0.47,4,0,0
62,13,262,333,19,35,0.36,1,0,0
62,14,518,130,44,56,0.29,4,0,0
62,15,422,573,84,95,0.87,11,0,0
62,16,405,322,57,88,0.85,11,0,0
62,17,717,280,96,45,0.83,11,0,0
62,18,188,355,99,54,0.81,11,0,0
62,19,826,217,93,49,0.80,11,0,0
62,20,693,197,89,50,0.74,11,0,0
62,21,7,250,88,47,0.71,11,0,0
62,22,209,150,60,54,0.64,11,0,0
62,23,423,225,48,73,0.64,11,0,0
62,24,0,305,35,51,0.62,11,0,0
62,25,138,183,66,54,0.57,11,0,0
62,26,467,54,39,52,0.47,11,0,0
62,27,262,333,19,35,0.36,11,0,0
62,28,518,130,44,56,0.29,11,0,0
63,1,404,329,58,89,0.89,4,0,0
63,2,172,354,105,57,0.84,4,0,0
63,3,417,575,88,95,0.82,4,0,0
63,4,710,282,99,50,0.82,4,0,0
63,5,826,221,95,48,0.81,4,0,0
63,6,421,232,49,74,0.78,4,0,0
63,7,693,200,90,50,0.74,4,0,0
63,8,7,253,87,47,0.67,4,0,0
63,9,205,153,64,55,0.66,4,0,0
63,10,519,127,45,57,0.55,4,0,0
63,11,137,185,66,55,0.48,4,0,0
63,12,466,61,38,55,0.48,4,0,0
63,13,404,329,58,89,0.89,11,0,0
63,14,172,354,105,57,0.84,11,0,0
63,15,417,575,88,95,0.82,11,0,0
63,16,710,282,99,50,0.82,11,0,0
63,17,826,221,95,48,0.81,11,0,0
63,18,421,232,49,74,0.78,11,0,0
63,19,693,200,90,50,0.74,11,0,0
63,20,7,253,87,47,0.67,11,0,0
63,21,205,153,64,55,0.66,11,0,0
63,22,519,127,45,57,0.55,11,0,0
63,23,565,81,13,24,0.55,11,0,0
63,24,594,81,12,23,0.50,11,0,0
63,25,137,185,66,55,0.48,11,0,0
63,26,466,61,38,55,0.48,11,0,0
63,27,659,82,12,21,0.32,11,0,0
64,1,403,336,58,90,0.86,4,0,0
64,2,828,224,94,47,0.84,4,0,0
64,3,412,578,90,97,0.82,4,0,0
64,4,155,355,105,57,0.81,4,0,0
64,5,2,256,91,47,0.74,4,0,0
64,6,704,284,100,53,0.73,4,0,0
64,7,420,237,50,74,0.72,4,0,0
64,8,694,203,90,51,0.71,4,0,0
64,9,206,155,62,56,0.64,4,0,0
64,10,521,123,46,60,0.58,4,0,0
64,11,465,68,38,56,0.48,4,0,0
64,12,137,189,66,54,0.36,4,0,0
64,13,403,336,58,90,0.86,11,0,0
64,14,828,224,94,47,0.84,11,0,0
64,15,412,578,90,97,0.82,11,0,0
64,16,155,355,105,57,0.81,11,0,0
64,17,2,256,91,47,0.74,11,0,0
64,18,704,284,100,53,0.73,11,0,0
64,19,420,237,50,74,0.72,11,0,0
64,20,694,203,90,51,0.71,11,0,0
64,21,206,155,62,56,0.64,11,0,0
64,22,521,123,46,60,0.58,11,0,0
64,23,465,68,38,56,0.48,11,0,0
64,24,1023,383,44,74,0.38,11,0,0
64,25,137,189,66,54,0.36,11,0,0
64,26,565,84,13,24,0.32,11,0,0
64,27,594,84,12,23,0.29,11,0,0
65,1,402,340,58,92,0.87,4,0,0
65,2,410,580,92,96,0.84,4,0,0
65,3,828,226,94,48,0.83,4,0,0
65,4,147,356,105,55,0.82,4,0,0
65,5,702,286,99,52,0.79,4,0,0
65,6,420,240,50,75,0.76,4,0,0
65,7,1,258,92,48,0.75,4,0,0
65,8,693,206,91,50,0.72,4,0,0
65,9,202,157,65,55,0.67,4,0,0
65,10,522,122,47,58,0.65,4,0,0
65,11,464,73,39,56,0.61,4,0,0
65,12,137,191,64,54,0.50,4,0,0
65,13,1105,542,92,55,0.32,4,0,0
65,14,257,348,21,40,0.28,1,0,0
65,15,402,340,58,92,0.87,11,0,0
65,16,410,580,92,96,0.84,11,0,0
65,17,828,226,94,48,0.83,11,0,0
65,18,147,356,105,55,0.82,11,0,0
65,19,702,286,99,52,0.79,11,0,0
65,20,420,240,50,75,0.76,11,0,0
65,21,1,258,92,48,0.75,11,0,0
65,22,693,206,91,50,0.72,11,0,0
65,23,202,157,65,55,0.67,11,0,0
65,24,522,122,47,58,0.65,11,0,0
65,25,464,73,39,56,0.61,11,0,0
65,26,137,191,64,54,0.50,11,0,0
65,27,1105,542,92,55,0.32,11,0,0
65,28,257,348,21,40,0.28,11,0,0
66,1,401,348,58,90,0.88,4,0,0
66,2,829,230,94,47,0.84,4,0,0
66,3,697,289,98,49,0.83,4,0,0
66,4,406,584,96,98,0.83,4,0,0
66,5,418,248,49,76,0.81,4,0,0
66,6,132,356,98,55,0.81,4,0,0
66,7,204,163,63,54,0.75,4,0,0
66,8,1,262,89,47,0.71,4,0,0
66,9,694,209,90,49,0.70,4,0,0
66,10,462,82,41,57,0.66,4,0,0
66,11,523,120,49,59,0.59,4,0,0
66,12,137,194,64,55,0.39,4,0,0
66,13,1104,547,97,56,0.28,4,0,0
66,14,424,1,37,47,0.26,4,0,0
66,15,401,348,58,90,0.88,11,0,0
66,16,829,230,94,47,0.84,11,0,0
66,17,697,289,98,49,0.83,11,0,0
66,18,406,584,96,98,0.83,11,0,0
66,19,418,248,49,76,0.81,11,0,0
66,20,132,356,98,55,0.81,11,0,0
66,21,204,163,63,54,0.75,11,0,0
66,22,1,262,89,47,0.71,11,0,0
66,23,694,209,90,49,0.70,11,0,0
66,24,462,82,41,57,0.66,11,0,0
66,25,523,120,49,59,0.59,11,0,0
66,26,137,194,64,55,0.39,11,0,0
66,27,594,89,12,24,0.38,11,0,0
66,28,660,90,12,22,0.29,11,0,0
66,29,565,88,13,26,0.28,11,0,0
66,30,1104,547,97,56,0.28,11,0,0
66,31,424,1,37,47,0.26,11,0,0
67,1,403,590,92,95,0.87,4,0,0
67,2,400,355,59,91,0.87,4,0,0
67,3,690,292,99,47,0.85,4,0,0
67,4,830,233,95,49,0.83,4,0,0
67,5,115,357,101,53,0.80,4,0,0
67,6,0,265,88,49,0.78,4,0,0
67,7,461,88,40,59,0.74,4,0,0
67,8,418,253,49,77,0.72,4,0,0
67,9,694,212,91,51,0.72,4,0,0
67,10,203,166,63,53,0.70,4,0,0
67,11,524,119,50,61,0.64,4,0,0
67,12,130,198,69,54,0.50,4,0,0
67,13,423,3,36,53,0.45,4,0,0
67,14,403,590,92,95,0.87,11,0,0
67,15,400,355,59,91,0.87,11,0,0
67,16,690,292,99,47,0.85,11,0,0
67,17,830,233,95,49,0.83,11,0,0
67,18,115,357,101,53,0.80,11,0,0
67,19,0,265,88,49,0.78,11,0,0
67,20,461,88,40,59,0.74,11,0,0
67,21,418,253,49,77,0.72,11,0,0
67,22,694,212,91,51,0.72,11,0,0
67,23,203,166,63,53,0.70,11,0,0
67,24,524,119,50,61,0.64,11,0,0
67,25,594,92,13,24,0.56,11,0,0
67,26,565,92,13,25,0.52,11,0,0
67,27,130,198,69,54,0.50,11,0,0
67,28,423,3,36,53,0.45,11,0,0
67,29,660,93,11,22,0.32,11,0,0
68,1,398,362,60,92,0.88,4,0,0
68,2,402,594,93,98,0.88,4,0,0
68,3,830,237,95,48,0.84,4,0,0
68,4,96,357,105,53,0.83,4,0,0
68,5,685,294,98,46,0.82,4,0,0
68,6,2,269,86,48,0.79,4,0,0
68,7,459,97,41,59,0.76,4,0,0
68,8,198,167,67,55,0.76,4,0,0
68,9,416,259,50,78,0.73,4,0,0
68,10,525,117,51,61,0.69,4,0,0
68,11,695,215,90,51,0.68,4,0,0
68,12,420,11,37,54,0.65,4,0,0
68,13,254,374,18,34,0.42,1,0,0
68,14,129,201,69,54,0.40,4,0,0
68,15,737,341,23,34,0.27,1,0,0
68,16,372,628,36,68,0.27,1,0,0
68,17,398,362,60,92,0.88,11,0,0
68,18,402,594,93,98,0.88,11,0,0
68,19,830,237,95,48,0.84,11,0,0
68,20,96,357,105,53,0.83,11,0,0
68,21,685,294,98,46,0.82,11,0,0
68,22,2,269,86,48,0.79,11,0,0
68,23,459,97,41,59,0.76,11,0,0
68,24,198,167,67,55,0.76,11,0,0
68,25,416,259,50,78,0.73,11,0,0
68,26,525,117,51,61,0.69,11,0,0
68,27,695,215,90,51,0.68,11,0,0
68,28,420,11,37,54,0.65,11,0,0
68,29,594,95,12,24,0.46,11,0,0
68,30,254,374,18,34,0.42,11,0,0
68,31,660,96,12,22,0.40,11,0,0
68,32,129,201,69,54,0.40,11,0,0
68,33,1018,375,22,29,0.33,11,0,0
68,34,565,95,13,25,0.30,11,0,0
68,35,737,341,23,34,0.27,11,0,0
68,36,372,628,36,68,0.27,11,0,0
68,37,1028,406,46,76,0.27,11,0,0
69,1,397,369,59,94,0.88,4,0,0
69,2,401,598,92,99,0.86,4,0,0
69,3,679,296,98,50,0.86,4,0,0
69,4,831,240,96,48,0.84,4,0,0
69,5,77,359,111,56,0.83,4,0,0
69,6,457,104,42,59,0.82,4,0,0
69,7,0,273,86,49,0.78,4,0,0
69,8,414,266,51,77,0.76,4,0,0
69,9,195,169,68,58,0.70,4,0,0
69,10,696,218,89,51,0.70,4,0,0
69,11,526,115,51,64,0.60,4,0,0
69,12,126,204,71,55,0.57,4,0,0
69,13,418,18,37,55,0.51,4,0,0
69,14,397,369,59,94,0.88,11,0,0
69,15,401,598,92,99,0.86,11,0,0
69,16,679,296,98,50,0.86,11,0,0
69,17,831,240,96,48,0.84,11,0,0
69,18,77,359,111,56,0.83,11,0,0
69,19,457,104,42,59,0.82,11,0,0
69,20,0,273,86,49,0.78,11,0,0
69,21,414,266,51,77,0.76,11,0,0
69,22,195,169,68,58,0.70,11,0,0
69,23,696,218,89,51,0.70,11,0,0
69,24,526,115,51,64,0.60,11,0,0
69,25,126,204,71,55,0.57,11,0,0
69,26,594,97,12,24,0.57,11,0,0
69,27,418,18,37,55,0.51,11,0,0
69,28,660,98,12,21,0.45,11,0,0
69,29,565,98,13,21,0.31,11,0,0
69,30,849,91,22,47,0.28,11,0,0
69,31,1029,412,44,70,0.27,11,0,0
70,1,395,372,60,94,0.89,4,0,0
70,2,401,598,92,101,0.85,4,0,0
70,3,831,241,97,48,0.83,4,0,0
70,4,66,359,103,56,0.80,4,0,0
70,5,675,296,98,44,0.80,4,0,0
70,6,453,107,43,58,0.77,4,0,0
70,7,696,218,90,51,0.75,4,0,0
70,8,0,274,84,49,0.73,4,0,0
70,9,195,169,67,58,0.62,4,0,0
70,10,126,204,69,56,0.61,4,0,0
70,11,413,266,49,81,0.52,4,0,0
70,12,1013,359,15,31,0.48,1,0,0
70,13,415,19,39,57,0.45,4,0,0
70,14,527,112,47,64,0.43,4,0,0
70,15,1113,570,96,54,0.41,4,0,0
70,16,1023,384,16,27,0.41,1,0,0
70,17,395,372,60,94,0.89,11,0,0
70,18,401,598,92,101,0.85,11,0,0
70,19,831,241,97,48,0.83,11,0,0
70,20,66,359,103,56,0.80,11,0,0
70,21,675,296,98,44,0.80,11,0,0
70,22,453,107,43,58,0.77,11,0,0
70,23,696,218,90,51,0.75,11,0,0
70,24,0,274,84,49,0.73,11,0,0
70,25,195,169,67,58,0.62,11,0,0
70,26,126,204,69,56,0.61,11,0,0
70,27,594,97,14,23,0.55,11,0,0
70,28,413,266,49,81,0.52,11,0,0
70,29,661,99,11,23,0.48,11,0,0
70,30,1013,359,15,31,0.48,11,0,0
70,31,415,19,39,57,0.45,11,0,0
70,32,527,112,47,64,0.43,11,0,0
70,33,1113,570,96,54,0.41,11,0,0
70,34,1023,384,16,27,0.41,11,0,0
70,35,563,98,15,20,0.26,11,0,0
71,1,397,333,59,92,0.88,4,0,0
71,2,403,560,96,98,0.85,4,0,0
71,3,414,232,50,76,0.80,4,0,0
71,4,670,255,99,54,0.77,4,0,0
71,5,43,317,106,52,0.76,4,0,0
71,6,834,202,98,49,0.74,4,0,0
71,7,198,132,60,56,0.68,4,0,0
71,8,699,178,89,53,0.68,4,0,0
71,9,452,74,45,65,0.63,4,0,0
71,10,0,233,80,50,0.58,4,0,0
71,11,125,165,66,55,0.57,4,0,0
71,12,1112,529,97,56,0.40,4,0,0
71,13,528,65,46,55,0.38,4,0,0
71,14,76,163,114,58,0.28,4,0,0
71,15,413,0,35,39,0.28,4,0,0
71,16,397,333,59,92,0.88,11,0,0
71,17,403,560,96,98,0.85,11,0,0
71,18,414,232,50,76,0.80,11,0,0
71,19,670,255,99,54,0.77,11,0,0
71,20,43,317,106,52,0.76,11,0,0
71,21,834,202,98,49,0.74,11,0,0
71,22,198,132,60,56,0.68,11,0,0
71,23,699,178,89,53,0.68,11,0,0
71,24,452,74,45,65,0.63,11,0,0
71,25,0,233,80,50,0.58,11,0,0
71,26,125,165,66,55,0.57,11,0,0
71,27,854,52,24,47,0.46,11,0,0
71,28,1112,529,97,56,0.40,11,0,0
71,29,528,65,46,55,0.38,11,0,0
71,30,662,55,13,28,0.37,11,0,0
71,31,76,163,114,58,0.28,11,0,0
71,32,413,0,35,39,0.28,11,0,0
72,1,395,330,60,94,0.89,4,0,0
72,2,664,246,102,52,0.86,4,0,0
72,3,400,556,93,100,0.83,4,0,0
72,4,412,224,51,80,0.82,4,0,0
72,5,835,192,98,49,0.81,4,0,0
72,6,0,224,79,52,0.79,4,0,0
72,7,697,170,92,50,0.76,4,0,0
72,8,26,307,107,51,0.74,4,0,0
72,9,192,120,65,57,0.71,4,0,0
72,10,450,68,42,65,0.67,4,0,0
72,11,125,154,66,57,0.60,4,0,0
72,12,1112,526,95,56,0.27,4,0,0
72,13,395,330,60,94,0.89,11,0,0
72,14,664,246,102,52,0.86,11,0,0
72,15,400,556,93,100,0.83,11,0,0
72,16,412,224,51,80,0.82,11,0,0
72,17,835,192,98,49,0.81,11,0,0
72,18,0,224,79,52,0.79,11,0,0
72,19,697,170,92,50,0.76,11,0,0
72,20,26,307,107,51,0.74,11,0,0
72,21,192,120,65,57,0.71,11,0,0
72,22,450,68,42,65,0.67,11,0,0
72,23,594,45,13,24,0.60,11,0,0
72,24,125,154,66,57,0.60,11,0,0
72,25,662,45,12,24,0.50,11,0,0
72,26,565,45,13,25,0.28,11,0,0
72,27,1112,526,95,56,0.27,11,0,0
73,1,395,333,60,95,0.87,4,0,0
73,2,661,247,100,52,0.86,4,0,0
73,3,397,559,95,99,0.85,4,0,0
73,4,837,194,98,49,0.83,4,0,0
73,5,11,309,107,49,0.82,4,0,0
73,6,412,227,51,80,0.81,4,0,0
73,7,697,171,93,52,0.78,4,0,0
73,8,0,226,78,52,0.77,4,0,0
73,9,448,73,43,68,0.65,4,0,0
73,10,190,121,67,57,0.65,4,0,0
73,11,121,156,69,56,0.62,4,0,0
73,12,1113,530,99,56,0.32,4,0,0
73,13,245,334,21,53,0.29,1,0,0
73,14,534,46,44,61,0.27,4,0,0
73,15,395,333,60,95,0.87,11,0,0
73,16,661,247,100,52,0.86,11,0,0
73,17,397,559,95,99,0.85,11,0,0
73,18,837,194,98,49,0.83,11,0,0
73,19,11,309,107,49,0.82,11,0,0
73,20,412,227,51,80,0.81,11,0,0
73,21,697,171,93,52,0.78,11,0,0
73,22,0,226,78,52,0.77,11,0,0
73,23,448,73,43,68,0.65,11,0,0
73,24,190,121,67,57,0.65,11,0,0
73,25,121,156,69,56,0.62,11,0,0
73,26,594,47,13,23,0.59,11,0,0
73,27,662,47,12,24,0.54,11,0,0
73,28,1113,530,99,56,0.32,11,0,0
73,29,245,334,21,53,0.29,11,0,0
73,30,1015,317,22,32,0.28,11,0,0
73,31,534,46,44,61,0.27,11,0,0
74,1,394,340,60,94,0.88,4,0,0
74,2,656,249,100,52,0.87,4,0,0
74,3,393,563,95,97,0.87,4,0,0
74,4,838,197,97,49,0.83,4,0,0
74,5,0,309,100,51,0.82,4,0,0
74,6,0,231,78,51,0.79,4,0,0
74,7,410,232,52,81,0.78,4,0,0
74,8,699,175,91,51,0.78,4,0,0
74,9,119,159,70,58,0.65,4,0,0
74,10,447,85,43,67,0.64,4,0,0
74,11,189,123,67,57,0.63,4,0,0
74,12,1115,536,99,55,0.41,4,0,0
74,13,394,340,60,94,0.88,11,0,0
74,14,656,249,100,52,0.87,11,0,0
74,15,393,563,95,97,0.87,11,0,0
74,16,838,197,97,49,0.83,11,0,0
74,17,0,309,100,51,0.82,11,0,0
74,18,0,231,78,51,0.79,11,0,0
74,19,410,232,52,81,0.78,11,0,0
74,20,699,175,91,51,0.78,11,0,0
74,21,119,159,70,58,0.65,11,0,0
74,22,447,85,43,67,0.64,11,0,0
74,23,189,123,67,57,0.63,11,0,0
74,24,594,49,13,25,0.54,11,0,0
74,25,662,50,13,25,0.53,11,0,0
74,26,1115,536,99,55,0.41,11,0,0
74,27,1017,324,31,53,0.36,11,0,0
75,1,388,570,95,92,0.88,4,0,0
75,2,392,345,61,96,0.88,4,0,0
75,3,653,250,98,55,0.84,4,0,0
75,4,0,313,81,48,0.84,4,0,0
75,5,838,200,97,50,0.84,4,0,0
75,6,0,232,74,53,0.80,4,0,0
75,7,410,235,51,83,0.79,4,0,0
75,8,699,177,92,52,0.77,4,0,0
75,9,117,162,70,58,0.74,4,0,0
75,10,446,94,43,67,0.69,4,0,0
75,11,191,126,64,57,0.65,4,0,0
75,12,1118,541,97,54,0.36,4,0,0
75,13,404,1,39,54,0.35,4,0,0
75,14,388,570,95,92,0.88,11,0,0
75,15,392,345,61,96,0.88,11,0,0
75,16,653,250,98,55,0.84,11,0,0
75,17,0,313,81,48,0.84,11,0,0
75,18,838,200,97,50,0.84,11,0,0
75,19,0,232,74,53,0.80,11,0,0
75,20,410,235,51,83,0.79,11,0,0
75,21,699,177,92,52,0.77,11,0,0
75,22,117,162,70,58,0.74,11,0,0
75,23,446,94,43,67,0.69,11,0,0
75,24,191,126,64,57,0.65,11,0,0
75,25,594,52,13,24,0.63,11,0,0
75,26,662,52,13,24,0.51,11,0,0
75,27,1118,541,97,54,0.36,11,0,0
75,28,404,1,39,54,0.35,11,0,0
76,1,391,351,61,96,0.88,4,0,0
76,2,382,570,98,96,0.86,4,0,0
76,3,648,252,97,54,0.84,4,0,0
76,4,838,203,98,50,0.84,4,0,0
76,5,0,237,73,51,0.83,4,0,0
76,6,409,240,52,82,0.81,4,0,0
76,7,0,316,61,46,0.80,4,0,0
76,8,699,180,92,52,0.77,4,0,0
76,9,117,165,70,57,0.72,4,0,0
76,10,190,130,64,56,0.71,4,0,0
76,11,444,103,44,67,0.62,4,0,0
76,12,400,3,42,60,0.48,4,0,0
76,13,1120,546,96,53,0.34,4,0,0
76,14,391,351,61,96,0.88,11,0,0
76,15,382,570,98,96,0.86,11,0,0
76,16,648,252,97,54,0.84,11,0,0
76,17,838,203,98,50,0.84,11,0,0
76,18,0,237,73,51,0.83,11,0,0
76,19,409,240,52,82,0.81,11,0,0
76,20,0,316,61,46,0.80,11,0,0
76,21,699,180,92,52,0.77,11,0,0
76,22,117,165,70,57,0.72,11,0,0
76,23,190,130,64,56,0.71,11,0,0
76,24,594,55,12,24,0.62,11,0,0
76,25,444,103,44,67,0.62,11,0,0
76,26,662,55,13,24,0.53,11,0,0
76,27,400,3,42,60,0.48,11,0,0
76,28,1120,546,96,53,0.34,11,0,0
77,1,390,356,61,98,0.88,4,0,0
77,2,640,253,99,55,0.85,4,0,0
77,3,839,206,98,50,0.84,4,0,0
77,4,375,574,99,95,0.83,4,0,0
77,5,0,239,71,52,0.82,4,0,0
77,6,441,112,46,68,0.82,4,0,0
77,7,409,243,52,84,0.79,4,0,0
77,8,188,131,67,57,0.74,4,0,0
77,9,699,183,91,51,0.73,4,0,0
77,10,0,320,40,44,0.72,4,0,0
77,11,398,8,42,62,0.68,4,0,0
77,12,114,168,70,58,0.53,4,0,0
77,13,1120,551,96,55,0.26,4,0,0
77,14,390,356,61,98,0.88,11,0,0
77,15,640,253,99,55,0.85,11,0,0
77,16,839,206,98,50,0.84,11,0,0
77,17,375,574,99,95,0.83,11,0,0
77,18,0,239,71,52,0.82,11,0,0
77,19,441,112,46,68,0.82,11,0,0
77,20,409,243,52,84,0.79,11,0,0
77,21,188,131,67,57,0.74,11,0,0
77,22,699,183,91,51,0.73,11,0,0
77,23,0,320,40,44,0.72,11,0,0
77,24,398,8,42,62,0.68,11,0,0
77,25,114,168,70,58,0.53,11,0,0
77,26,595,57,12,25,0.39,11,0,0
77,27,662,57,14,25,0.36,11,0,0
77,28,857,53,24,49,0.32,11,0,0
77,29,1120,551,96,55,0.26,11,0,0
78,1,389,361,61,98,0.89,4,0,0
78,2,638,253,95,55,0.85,4,0,0
78,3,839,209,98,49,0.83,4,0,0
78,4,0,243,69,51,0.82,4,0,0
78,5,367,580,99,89,0.80,4,0,0
78,6,440,120,45,72,0.78,4,0,0
78,7,407,249,52,82,0.77,4,0,0
78,8,699,185,92,52,0.77,4,0,0
78,9,396,17,43,61,0.76,4,0,0
78,10,184,132,69,58,0.75,4,0,0
78,11,113,170,70,58,0.68,4,0,0
78,12,0,326,19,37,0.34,4,0,0
78,13,1121,556,98,55,0.25,4,0,0
78,14,389,361,61,98,0.89,11,0,0
78,15,638,253,95,55,0.85,11,0,0
78,16,839,209,98,49,0.83,11,0,0
78,17,0,243,69,51,0.82,11,0,0
78,18,367,580,99,89,0.80,11,0,0
78,19,440,120,45,72,0.78,11,0,0
78,20,407,249,52,82,0.77,11,0,0
78,21,699,185,92,52,0.77,11,0,0
78,22,396,17,43,61,0.76,11,0,0
78,23,184,132,69,58,0.75,11,0,0
78,24,113,170,70,58,0.68,11,0,0
78,25,1046,396,138,70,0.61,11,0,0
78,26,806,353,136,46,0.46,11,0,0
78,27,595,59,12,25,0.46,11,0,0
78,28,662,60,13,24,0.42,11,0,0
78,29,0,326,19,37,0.34,11,0,0
78,30,1021,338,32,59,0.30,11,0,0
78,31,1121,556,98,55,0.25,11,0,0
79,1,388,366,61,99,0.91,4,0,0
79,2,632,253,97,56,0.85,4,0,0
79,3,839,211,99,49,0.84,4,0,0
79,4,407,253,52,82,0.83,4,0,0
79,5,355,586,104,84,0.81,4,0,0
79,6,0,246,69,52,0.79,4,0,0
79,7,699,187,94,53,0.76,4,0,0
79,8,394,25,42,62,0.76,4,0,0
79,9,183,134,70,59,0.75,4,0,0
79,10,438,130,45,70,0.70,4,0,0
79,11,110,172,73,59,0.63,4,0,0
79,12,388,366,61,99,0.91,11,0,0
79,13,632,253,97,56,0.85,11,0,0
79,14,839,211,99,49,0.84,11,0,0
79,15,407,253,52,82,0.83,11,0,0
79,16,355,586,104,84,0.81,11,0,0
79,17,0,246,69,52,0.79,11,0,0
79,18,699,187,94,53,0.76,11,0,0
79,19,394,25,42,62,0.76,11,0,0
79,20,183,134,70,59,0.75,11,0,0
79,21,438,130,45,70,0.70,11,0,0
79,22,110,172,73,59,0.63,11,0,0
79,23,594,60,12,26,0.61,11,0,0
79,24,1054,404,137,64,0.44,11,0,0
79,25,662,62,13,25,0.42,11,0,0
79,26,1022,342,22,32,0.41,11,0,0
79,27,826,360,137,42,0.28,11,0,0
80,1,388,370,61,99,0.90,4,0,0
80,2,627,252,97,57,0.86,4,0,0
80,3,840,213,99,49,0.84,4,0,0
80,4,406,256,52,82,0.82,4,0,0
80,5,344,590,106,80,0.82,4,0,0
80,6,392,32,42,64,0.80,4,0,0
80,7,0,249,69,50,0.79,4,0,0
80,8,699,190,94,50,0.75,4,0,0
80,9,436,138,46,70,0.75,4,0,0
80,10,183,138,70,57,0.74,4,0,0
80,11,111,174,71,59,0.64,4,0,0
80,12,1124,564,99,54,0.27,4,0,0
80,13,388,370,61,99,0.90,11,0,0
80,14,627,252,97,57,0.86,11,0,0
80,15,840,213,99,49,0.84,11,0,0
80,16,406,256,52,82,0.82,11,0,0
80,17,344,590,106,80,0.82,11,0,0
80,18,392,32,42,64,0.80,11,0,0
80,19,0,249,69,50,0.79,11,0,0
80,20,699,190,94,50,0.75,11,0,0
80,21,436,138,46,70,0.75,11,0,0
80,22,183,138,70,57,0.74,11,0,0
80,23,111,174,71,59,0.64,11,0,0
80,24,1023,345,22,31,0.50,11,0,0
80,25,593,61,13,27,0.47,11,0,0
80,26,663,64,13,24,0.45,11,0,0
80,27,848,365,138,38,0.43,11,0,0
80,28,1124,564,99,54,0.27,11,0,0
80,29,1034,374,20,29,0.25,11,0,0
81,1,387,373,62,99,0.89,4,0,0
81,2,623,252,98,58,0.86,4,0,0
81,3,840,214,99,51,0.84,4,0,0
81,4,0,250,68,50,0.84,4,0,0
81,5,337,591,108,79,0.82,4,0,0
81,6,390,37,44,65,0.80,4,0,0
81,7,406,257,52,82,0.80,4,0,0
81,8,699,192,94,51,0.77,4,0,0
81,9,180,137,72,60,0.73,4,0,0
81,10,108,175,74,60,0.69,4,0,0
81,11,435,141,46,71,0.58,4,0,0
81,12,549,36,58,55,0.48,4,0,0
81,13,1125,566,98,55,0.26,4,0,0
81,14,387,373,62,99,0.89,11,0,0
81,15,623,252,98,58,0.86,11,0,0
81,16,840,214,99,51,0.84,11,0,0
81,17,0,250,68,50,0.84,11,0,0
81,18,337,591,108,79,0.82,11,0,0
81,19,390,37,44,65,0.80,11,0,0
81,20,406,257,52,82,0.80,11,0,0
81,21,699,192,94,51,0.77,11,0,0
81,22,180,137,72,60,0.73,11,0,0
81,23,108,175,74,60,0.69,11,0,0
81,24,435,141,46,71,0.58,11,0,0
81,25,662,65,13,23,0.48,11,0,0
81,26,549,36,58,55,0.48,11,0,0
81,27,1023,346,23,31,0.45,11,0,0
81,28,860,61,23,49,0.42,11,0,0
81,29,594,64,13,25,0.34,11,0,0
81,30,860,367,140,35,0.33,11,0,0
81,31,1125,566,98,55,0.26,11,0,0
81,32,1035,376,21,29,0.26,11,0,0
82,1,386,377,62,100,0.88,4,0,0
82,2,619,251,97,59,0.85,4,0,0
82,3,0,252,66,50,0.84,4,0,0
82,4,840,216,100,52,0.83,4,0,0
82,5,433,148,46,74,0.81,4,0,0
82,6,406,259,51,83,0.81,4,0,0
82,7,387,45,46,66,0.78,4,0,0
82,8,699,193,93,50,0.76,4,0,0
82,9,325,596,108,74,0.72,4,0,0
82,10,182,139,70,59,0.70,4,0,0
82,11,106,177,75,59,0.68,4,0,0
82,12,551,35,56,56,0.61,4,0,0
82,13,1127,569,98,54,0.26,4,0,0
82,14,386,377,62,100,0.88,11,0,0
82,15,619,251,97,59,0.85,11,0,0
82,16,0,252,66,50,0.84,11,0,0
82,17,840,216,100,52,0.83,11,0,0
82,18,433,148,46,74,0.81,11,0,0
82,19,406,259,51,83,0.81,11,0,0
82,20,387,45,46,66,0.78,11,0,0
82,21,699,193,93,50,0.76,11,0,0
82,22,325,596,108,74,0.72,11,0,0
82,23,182,139,70,59,0.70,11,0,0
82,24,106,177,75,59,0.68,11,0,0
82,25,551,35,56,56,0.61,11,0,0
82,26,662,66,13,25,0.48,11,0,0
82,27,1023,350,23,30,0.45,11,0,0
82,28,859,60,24,52,0.40,11,0,0
82,29,1036,376,20,31,0.39,11,0,0
82,30,1127,569,98,54,0.26,11,0,0
82,31,835,61,22,51,0.26,11,0,0
83,1,386,380,61,102,0.89,4,0,0
83,2,615,248,95,61,0.86,4,0,0
83,3,0,253,66,51,0.84,4,0,0
83,4,840,218,101,51,0.83,4,0,0
83,5,385,52,45,68,0.82,4,0,0
83,6,431,156,48,73,0.82,4,0,0
83,7,404,263,53,81,0.80,4,0,0
83,8,699,194,94,51,0.78,4,0,0
83,9,107,178,74,60,0.73,4,0,0
83,10,180,140,71,62,0.72,4,0,0
83,11,309,604,107,68,0.71,4,0,0
83,12,552,34,56,59,0.47,4,0,0
83,13,1126,573,100,54,0.30,4,0,0
83,14,1157,425,48,39,0.27,4,0,0
83,15,386,380,61,102,0.89,11,0,0
83,16,615,248,95,61,0.86,11,0,0
83,17,0,253,66,51,0.84,11,0,0
83,18,840,218,101,51,0.83,11,0,0
83,19,385,52,45,68,0.82,11,0,0
83,20,431,156,48,73,0.82,11,0,0
83,21,404,263,53,81,0.80,11,0,0
83,22,699,194,94,51,0.78,11,0,0
83,23,107,178,74,60,0.73,11,0,0
83,24,180,140,71,62,0.72,11,0,0
83,25,309,604,107,68,0.71,11,0,0
83,26,552,34,56,59,0.47,11,0,0
83,27,662,68,13,24,0.42,11,0,0
83,28,859,60,25,55,0.33,11,0,0
83,29,1126,573,100,54,0.30,11,0,0
83,30,593,67,14,25,0.29,11,0,0
83,31,1157,425,48,39,0.27,11,0,0
84,1,384,385,63,99,0.88,4,0,0
84,2,609,248,96,61,0.86,4,0,0
84,3,0,255,65,51,0.83,4,0,0
84,4,840,220,100,50,0.83,4,0,0
84,5,296,612,107,62,0.81,4,0,0
84,6,382,61,47,67,0.79,4,0,0
84,7,699,195,93,49,0.77,4,0,0
84,8,180,141,71,63,0.75,4,0,0
84,9,430,162,47,72,0.73,4,0,0
84,10,404,265,52,81,0.72,4,0,0
84,11,105,179,75,60,0.69,4,0,0
84,12,555,33,56,59,0.40,4,0,0
84,13,1129,575,99,53,0.39,4,0,0
84,14,315,264,142,90,0.37,4,0,0
84,15,384,385,63,99,0.88,11,0,0
84,16,609,248,96,61,0.86,11,0,0
84,17,0,255,65,51,0.83,11,0,0
84,18,840,220,100,50,0.83,11,0,0
84,19,296,612,107,62,0.81,11,0,0
84,20,382,61,47,67,0.79,11,0,0
84,21,699,195,93,49,0.77,11,0,0
84,22,180,141,71,63,0.75,11,0,0
84,23,430,162,47,72,0.73,11,0,0
84,24,404,265,52,81,0.72,11,0,0
84,25,105,179,75,60,0.69,11,0,0
84,26,662,69,13,25,0.41,11,0,0
84,27,555,33,56,59,0.40,11,0,0
84,28,1129,575,99,53,0.39,11,0,0
84,29,315,264,142,90,0.37,11,0,0
84,30,859,59,25,57,0.26,11,0,0
85,1,384,388,63,101,0.90,4,0,0
85,2,605,246,95,62,0.86,4,0,0
85,3,840,221,100,51,0.85,4,0,0
85,4,427,167,49,75,0.82,4,0,0
85,5,0,257,63,51,0.80,4,0,0
85,6,279,618,110,58,0.79,4,0,0
85,7,404,267,53,82,0.78,4,0,0
85,8,378,69,49,67,0.75,4,0,0
85,9,178,145,71,60,0.74,4,0,0
85,10,699,197,94,49,0.74,4,0,0
85,11,106,181,73,61,0.71,4,0,0
85,12,639,479,43,46,0.33,4,0,0
85,13,1127,578,103,54,0.27,4,0,0
85,14,384,388,63,101,0.90,11,0,0
85,15,605,246,95,62,0.86,11,0,0
85,16,840,221,100,51,0.85,11,0,0
85,17,427,167,49,75,0.82,11,0,0
85,18,0,257,63,51,0.80,11,0,0
85,19,279,618,110,58,0.79,11,0,0
85,20,404,267,53,82,0.78,11,0,0
85,21,378,69,49,67,0.75,11,0,0
85,22,178,145,71,60,0.74,11,0,0
85,23,699,197,94,49,0.74,11,0,0
85,24,106,181,73,61,0.71,11,0,0
85,25,662,70,13,25,0.49,11,0,0
85,26,591,70,16,25,0.34,11,0,0
85,27,639,479,43,46,0.33,11,0,0
85,28,1127,578,103,54,0.27,11,0,0
86,1,384,390,63,102,0.88,4,0,0
86,2,605,244,91,63,0.84,4,0,0
86,3,840,223,101,49,0.84,4,0,0
86,4,403,268,54,82,0.76,4,0,0
86,5,0,259,63,50,0.72,4,0,0
86,6,699,199,93,50,0.72,4,0,0
86,7,180,146,67,60,0.71,4,0,0
86,8,428,173,49,72,0.68,4,0,0
86,9,107,182,71,60,0.60,4,0,0
86,10,267,617,113,75,0.58,4,0,0
86,11,376,76,50,68,0.58,4,0,0
86,12,222,434,17,33,0.31,1,0,0
86,13,384,390,63,102,0.88,11,0,0
86,14,605,244,91,63,0.84,11,0,0
86,15,840,223,101,49,0.84,11,0,0
86,16,403,268,54,82,0.76,11,0,0
86,17,0,259,63,50,0.72,11,0,0
86,18,699,199,93,50,0.72,11,0,0
86,19,180,146,67,60,0.71,11,0,0
86,20,428,173,49,72,0.68,11,0,0
86,21,107,182,71,60,0.60,11,0,0
86,22,267,617,113,75,0.58,11,0,0
86,23,376,76,50,68,0.58,11,0,0
86,24,662,72,13,25,0.51,11,0,0
86,25,222,434,17,33,0.31,11,0,0
87,1,384,393,63,102,0.91,4,0,0
87,2,841,224,101,50,0.84,4,0,0
87,3,605,243,90,62,0.84,4,0,0
87,4,404,268,54,82,0.83,4,0,0
87,5,428,176,51,72,0.79,4,0,0
87,6,699,199,93,49,0.75,4,0,0
87,7,0,259,64,49,0.73,4,0,0
87,8,106,183,73,60,0.72,4,0,0
87,9,375,81,52,71,0.72,4,0,0
87,10,180,145,68,62,0.69,4,0,0
87,11,264,621,114,73,0.60,4,0,0
87,12,221,437,19,36,0.30,1,0,0
87,13,1033,623,27,53,0.29,1,0,0
87,14,631,476,43,43,0.27,4,0,0
87,15,384,393,63,102,0.91,11,0,0
87,16,841,224,101,50,0.84,11,0,0
87,17,605,243,90,62,0.84,11,0,0
87,18,404,268,54,82,0.83,11,0,0
87,19,428,176,51,72,0.79,11,0,0
87,20,699,199,93,49,0.75,11,0,0
87,21,0,259,64,49,0.73,11,0,0
87,22,106,183,73,60,0.72,11,0,0
87,23,375,81,52,71,0.72,11,0,0
87,24,180,145,68,62,0.69,11,0,0
87,25,264,621,114,73,0.60,11,0,0
87,26,1027,360,23,33,0.40,11,0,0
87,27,663,72,13,25,0.37,11,0,0
87,28,1052,417,47,83,0.30,11,0,0
87,29,221,437,19,36,0.30,11,0,0
87,30,1033,623,27,53,0.29,11,0,0
87,31,592,71,15,26,0.28,11,0,0
87,32,631,476,43,43,0.27,11,0,0
88,1,416,387,64,102,0.89,4,0,0
88,2,636,237,88,67,0.87,4,0,0
88,3,880,233,102,52,0.85,4,0,0
88,4,442,259,53,82,0.84,4,0,0
88,5,271,614,109,80,0.82,4,0,0
88,6,5,236,105,51,0.81,4,0,0
88,7,736,201,96,56,0.79,4,0,0
88,8,410,88,53,69,0.76,4,0,0
88,9,468,169,48,72,0.67,4,0,0
88,10,230,133,62,59,0.66,4,0,0
88,11,157,169,67,58,0.62,4,0,0
88,12,1166,609,102,56,0.26,4,0,0
88,13,416,387,64,102,0.89,11,0,0
88,14,636,237,88,67,0.87,11,0,0
88,15,880,233,102,52,0.85,11,0,0
88,16,442,259,53,82,0.84,11,0,0
88,17,271,614,109,80,0.82,11,0,0
88,18,5,236,105,51,0.81,11,0,0
88,19,736,201,96,56,0.79,11,0,0
88,20,410,88,53,69,0.76,11,0,0
88,21,468,169,48,72,0.67,11,0,0
88,22,230,133,62,59,0.66,11,0,0
88,23,157,169,67,58,0.62,11,0,0
88,24,902,77,26,50,0.48,11,0,0
88,25,602,69,14,27,0.37,11,0,0
88,26,878,76,23,50,0.35,11,0,0
88,27,633,70,15,27,0.32,11,0,0
88,28,1166,609,102,56,0.26,11,0,0
89,1,421,389,66,102,0.88,4,0,0
89,2,642,235,87,66,0.86,4,0,0
89,3,889,234,104,53,0.82,4,0,0
89,4,747,202,95,54,0.77,4,0,0
89,5,267,615,110,77,0.76,4,0,0
89,6,15,234,108,50,0.76,4,0,0
89,7,246,132,59,58,0.75,4,0,0
89,8,450,259,52,81,0.75,4,0,0
89,9,477,168,50,71,0.73,4,0,0
89,10,168,166,68,57,0.73,4,0,0
89,11,420,93,53,70,0.73,4,0,0
89,12,621,25,59,41,0.43,4,0,0
89,13,421,389,66,102,0.88,11,0,0
89,14,642,235,87,66,0.86,11,0,0
89,15,889,234,104,53,0.82,11,0,0
89,16,747,202,95,54,0.77,11,0,0
89,17,267,615,110,77,0.76,11,0,0
89,18,15,234,108,50,0.76,11,0,0
89,19,246,132,59,58,0.75,11,0,0
89,20,450,259,52,81,0.75,11,0,0
89,21,477,168,50,71,0.73,11,0,0
89,22,168,166,68,57,0.73,11,0,0
89,23,420,93,53,70,0.73,11,0,0
89,24,615,68,15,27,0.59,11,0,0
89,25,621,25,59,41,0.43,11,0,0
89,26,646,71,15,26,0.42,11,0,0
89,27,716,74,13,24,0.32,11,0,0
90,1,419,391,66,104,0.88,4,0,0
90,2,640,232,86,66,0.86,4,0,0
90,3,252,619,115,88,0.82,4,0,0
90,4,890,235,103,52,0.82,4,0,0
90,5,450,259,53,82,0.82,4,0,0
90,6,478,168,50,71,0.81,4,0,0
90,7,417,96,55,72,0.81,4,0,0
90,8,15,232,106,52,0.80,4,0,0
90,9,748,202,94,58,0.77,4,0,0
90,10,244,130,61,59,0.76,4,0,0
90,11,170,164,65,58,0.70,4,0,0
90,12,624,21,58,43,0.29,4,0,0
90,13,419,391,66,104,0.88,11,0,0
90,14,640,232,86,66,0.86,11,0,0
90,15,252,619,115,88,0.82,11,0,0
90,16,890,235,103,52,0.82,11,0,0
90,17,450,259,53,82,0.82,11,0,0
90,18,478,168,50,71,0.81,11,0,0
90,19,417,96,55,72,0.81,11,0,0
90,20,15,232,106,52,0.80,11,0,0
90,21,748,202,94,58,0.77,11,0,0
90,22,244,130,61,59,0.76,11,0,0
90,23,170,164,65,58,0.70,11,0,0
90,24,616,69,14,27,0.60,11,0,0
90,25,647,70,14,27,0.45,11,0,0
90,26,916,76,25,52,0.42,11,0,0
90,27,624,21,58,43,0.29,11,0,0
91,1,418,393,67,105,0.88,4,0,0
91,2,641,227,82,69,0.86,4,0,0
91,3,244,622,116,91,0.84,4,0,0
91,4,414,104,57,70,0.82,4,0,0
91,5,891,235,103,53,0.82,4,0,0
91,6,16,232,105,51,0.79,4,0,0
91,7,480,167,48,73,0.78,4,0,0
91,8,170,164,66,58,0.77,4,0,0
91,9,243,129,62,60,0.76,4,0,0
91,10,750,202,93,56,0.75,4,0,0
91,11,451,258,54,82,0.71,4,0,0
91,12,511,1,38,35,0.41,4,0,0
91,13,626,20,60,42,0.29,4,0,0
91,14,418,393,67,105,0.88,11,0,0
91,15,641,227,82,69,0.86,11,0,0
91,16,244,622,116,91,0.84,11,0,0
91,17,414,104,57,70,0.82,11,0,0
91,18,891,235,103,53,0.82,11,0,0
91,19,16,232,105,51,0.79,11,0,0
91,20,480,167,48,73,0.78,11,0,0
91,21,170,164,66,58,0.77,11,0,0
91,22,243,129,62,60,0.76,11,0,0
91,23,750,202,93,56,0.75,11,0,0
91,24,451,258,54,82,0.71,11,0,0
91,25,618,69,13,27,0.53,11,0,0
91,26,649,69,13,28,0.46,11,0,0
91,27,511,1,38,35,0.41,11,0,0
91,28,719,75,12,23,0.37,11,0,0
91,29,920,75,22,53,0.37,11,0,0
91,30,626,20,60,42,0.29,11,0,0
92,1,426,393,67,106,0.89,4,0,0
92,2,647,223,78,69,0.87,4,0,0
92,3,899,238,103,52,0.85,4,0,0
92,4,244,626,115,91,0.84,4,0,0
92,5,487,166,49,71,0.81,4,0,0
92,6,758,202,93,59,0.80,4,0,0
92,7,28,227,103,52,0.79,4,0,0
92,8,417,110,58,74,0.76,4,0,0
92,9,253,126,62,62,0.75,4,0,0
92,10,458,257,53,83,0.73,4,0,0
92,11,178,160,67,58,0.52,4,0,0
92,12,371,257,140,89,0.37,4,0,0
92,13,639,438,48,56,0.34,4,0,0
92,14,426,393,67,106,0.89,11,0,0
92,15,647,223,78,69,0.87,11,0,0
92,16,899,238,103,52,0.85,11,0,0
92,17,244,626,115,91,0.84,11,0,0
92,18,487,166,49,71,0.81,11,0,0
92,19,758,202,93,59,0.80,11,0,0
92,20,28,227,103,52,0.79,11,0,0
92,21,417,110,58,74,0.76,11,0,0
92,22,253,126,62,62,0.75,11,0,0
92,23,458,257,53,83,0.73,11,0,0
92,24,178,160,67,58,0.52,11,0,0
92,25,625,70,15,26,0.52,11,0,0
92,26,656,70,15,27,0.51,11,0,0
92,27,926,80,26,51,0.45,11,0,0
92,28,371,257,140,89,0.37,11,0,0
92,29,639,438,48,56,0.34,11,0,0
93,1,451,392,68,103,0.86,4,0,0
93,2,261,623,106,95,0.83,4,0,0
93,3,785,206,95,61,0.74,4,0,0
93,4,77,212,92,52,0.71,4,0,0
93,5,931,246,107,56,0.67,4,0,0
93,6,671,221,84,71,0.65,4,0,0
93,7,0,337,45,60,0.62,4,0,0
93,8,291,121,60,57,0.59,4,0,0
93,9,445,113,63,74,0.57,4,0,0
93,10,488,258,54,79,0.47,4,0,0
93,11,521,163,49,71,0.46,4,0,0
93,12,656,446,46,44,0.33,4,0,0
93,13,200,150,82,56,0.27,4,0,0
93,14,451,392,68,103,0.86,11,0,0
93,15,261,623,106,95,0.83,11,0,0
93,16,785,206,95,61,0.74,11,0,0
93,17,77,212,92,52,0.71,11,0,0
93,18,931,246,107,56,0.67,11,0,0
93,19,671,221,84,71,0.65,11,0,0
93,20,0,337,45,60,0.62,11,0,0
93,21,291,121,60,57,0.59,11,0,0
93,22,445,113,63,74,0.57,11,0,0
93,23,689,71,15,24,0.53,11,0,0
93,24,659,70,13,26,0.52,11,0,0
93,25,488,258,54,79,0.47,11,0,0
93,26,521,163,49,71,0.46,11,0,0
93,27,656,446,46,44,0.33,11,0,0
93,28,200,150,82,56,0.27,11,0,0
