1,1,1155,150,98,45,0.83,4,0,0
1,2,1216,106,64,42,0.80,4,0,0
1,3,0,93,75,48,0.79,4,0,0
1,4,73,9,87,38,0.77,4,0,0
1,5,0,6,40,37,0.75,4,0,0
1,6,793,0,77,28,0.73,4,0,0
1,7,1140,19,139,65,0.64,4,0,0
1,8,1158,212,62,45,0.58,4,0,0
1,9,430,135,16,31,0.50,1,0,0
1,10,795,565,15,31,0.42,1,0,0
1,11,663,128,14,35,0.40,1,0,0
1,12,715,327,48,81,0.38,4,0,0
1,13,259,450,23,37,0.37,1,0,0
1,14,304,358,15,34,0.37,1,0,0
1,15,287,355,14,28,0.37,1,0,0
1,16,568,386,58,117,0.35,4,0,0
1,17,266,402,17,30,0.32,1,0,0
1,18,927,319,14,30,0.29,1,0,0
1,19,1155,150,98,45,0.83,11,0,0
1,20,1216,106,64,42,0.80,11,0,0
1,21,0,93,75,48,0.79,11,0,0
1,22,73,9,87,38,0.77,11,0,0
1,23,0,6,40,37,0.75,11,0,0
1,24,793,0,77,28,0.73,11,0,0
1,25,1140,19,139,65,0.64,11,0,0
1,26,1158,212,62,45,0.58,11,0,0
1,27,430,135,16,31,0.50,11,0,0
1,28,795,565,15,31,0.42,11,0,0
1,29,663,128,14,35,0.40,11,0,0
1,30,715,327,48,81,0.38,11,0,0
1,31,259,450,23,37,0.37,11,0,0
1,32,304,358,15,34,0.37,11,0,0
1,33,287,355,14,28,0.37,11,0,0
1,34,568,386,58,117,0.35,11,0,0
1,35,205,316,20,29,0.33,11,0,0
1,36,266,402,17,30,0.32,11,0,0
1,37,927,319,14,30,0.29,11,0,0
2,1,1156,151,99,45,0.83,4,0,0
2,2,0,94,75,48,0.80,4,0,0
2,3,73,11,88,37,0.78,4,0,0
2,4,1229,107,51,42,0.78,4,0,0
2,5,0,7,40,37,0.74,4,0,0
2,6,793,0,81,29,0.68,4,0,0
2,7,1159,213,62,45,0.63,4,0,0
2,8,1151,21,126,62,0.45,4,0,0
2,9,795,568,16,30,0.42,1,0,0
2,10,304,363,15,34,0.41,1,0,0
2,11,927,321,14,32,0.36,1,0,0
2,12,431,136,16,32,0.33,1,0,0
2,13,258,455,23,36,0.32,1,0,0
2,14,1185,47,89,36,0.28,4,0,0
2,15,266,406,18,32,0.27,1,0,0
2,16,771,167,14,33,0.27,1,0,0
2,17,725,152,10,18,0.27,1,0,0
2,18,1156,151,99,45,0.83,11,0,0
2,19,0,94,75,48,0.80,11,0,0
2,20,73,11,88,37,0.78,11,0,0
2,21,1229,107,51,42,0.78,11,0,0
2,22,0,7,40,37,0.74,11,0,0
2,23,793,0,81,29,0.68,11,0,0
2,24,1159,213,62,45,0.63,11,0,0
2,25,1151,21,126,62,0.45,11,0,0
2,26,795,568,16,30,0.42,11,0,0
2,27,304,363,15,34,0.41,11,0,0
2,28,927,321,14,32,0.36,11,0,0
2,29,204,317,21,31,0.35,11,0,0
2,30,431,136,16,32,0.33,11,0,0
2,31,258,455,23,36,0.32,11,0,0
2,32,1185,47,89,36,0.28,11,0,0
2,33,266,406,18,32,0.27,11,0,0
2,34,771,167,14,33,0.27,11,0,0
2,35,725,152,10,18,0.27,11,0,0
3,1,1158,152,98,45,0.83,4,0,0
3,2,0,95,74,48,0.82,4,0,0
3,3,73,11,88,38,0.79,4,0,0
3,4,1177,45,91,38,0.72,4,0,0
3,5,1160,214,64,46,0.70,4,0,0
3,6,1243,110,36,41,0.70,4,0,0
3,7,794,0,81,30,0.68,4,0,0
3,8,0,7,40,38,0.68,4,0,0
3,9,796,570,16,30,0.51,1,0,0
3,10,927,324,14,30,0.38,1,0,0
3,11,715,330,72,82,0.37,4,0,0
3,12,432,137,16,34,0.36,1,0,0
3,13,715,329,49,82,0.35,4,0,0
3,14,724,152,11,17,0.29,1,0,0
3,15,256,460,25,37,0.29,1,0,0
3,16,304,368,15,31,0.27,1,0,0
3,17,737,133,15,32,0.26,1,0,0
3,18,770,167,15,32,0.26,1,0,0
3,19,752,73,12,30,0.26,1,0,0
3,20,264,412,18,32,0.25,1,0,0
3,21,1158,152,98,45,0.83,11,0,0
3,22,0,95,74,48,0.82,11,0,0
3,23,73,11,88,38,0.79,11,0,0
3,24,1177,45,91,38,0.72,11,0,0
3,25,1160,214,64,46,0.70,11,0,0
3,26,1243,110,36,41,0.70,11,0,0
3,27,794,0,81,30,0.68,11,0,0
3,28,0,7,40,38,0.68,11,0,0
3,29,796,570,16,30,0.51,11,0,0
3,30,204,319,21,30,0.42,11,0,0
3,31,927,324,14,30,0.38,11,0,0
3,32,715,330,72,82,0.37,11,0,0
3,33,432,137,16,34,0.36,11,0,0
3,34,715,329,49,82,0.35,11,0,0
3,35,724,152,11,17,0.29,11,0,0
3,36,256,460,25,37,0.29,11,0,0
3,37,304,368,15,31,0.27,11,0,0
3,38,737,133,15,32,0.26,11,0,0
3,39,770,167,15,32,0.26,11,0,0
3,40,752,73,12,30,0.26,11,0,0
3,41,264,412,18,32,0.25,11,0,0
4,1,1159,154,99,45,0.84,4,0,0
4,2,0,96,74,49,0.81,4,0,0
4,3,72,12,88,38,0.80,4,0,0
4,4,1169,45,94,41,0.77,4,0,0
4,5,0,8,39,38,0.69,4,0,0
4,6,1162,215,63,48,0.68,4,0,0
4,7,795,0,80,31,0.68,4,0,0
4,8,716,332,48,82,0.59,4,0,0
4,9,1252,112,27,41,0.50,4,0,0
4,10,736,132,15,31,0.32,1,0,0
4,11,798,573,15,31,0.30,1,0,0
4,12,691,0,60,15,0.28,4,0,0
4,13,927,328,13,27,0.28,1,0,0
4,14,664,117,15,38,0.27,1,0,0
4,15,724,152,10,16,0.26,1,0,0
4,16,1159,154,99,45,0.84,11,0,0
4,17,0,96,74,49,0.81,11,0,0
4,18,72,12,88,38,0.80,11,0,0
4,19,1169,45,94,41,0.77,11,0,0
4,20,0,8,39,38,0.69,11,0,0
4,21,1162,215,63,48,0.68,11,0,0
4,22,795,0,80,31,0.68,11,0,0
4,23,716,332,48,82,0.59,11,0,0
4,24,1252,112,27,41,0.50,11,0,0
4,25,736,132,15,31,0.32,11,0,0
4,26,798,573,15,31,0.30,11,0,0
4,27,691,0,60,15,0.28,11,0,0
4,28,927,328,13,27,0.28,11,0,0
4,29,664,117,15,38,0.27,11,0,0
4,30,724,152,10,16,0.26,11,0,0
5,1,1161,158,100,45,0.83,4,0,0
5,2,0,99,73,49,0.81,4,0,0
5,3,71,14,89,38,0.80,4,0,0
5,4,1159,47,91,39,0.77,4,0,0
5,5,0,11,38,37,0.73,4,0,0
5,6,718,336,48,82,0.68,4,0,0
5,7,1163,219,68,48,0.65,4,0,0
5,8,797,1,80,32,0.45,4,0,0
5,9,690,0,62,17,0.41,4,0,0
5,10,489,671,56,48,0.40,4,0,0
5,11,433,141,17,36,0.38,1,0,0
5,12,800,580,14,30,0.35,1,0,0
5,13,734,131,16,30,0.30,1,0,0
5,14,723,151,10,18,0.27,1,0,0
5,15,1161,158,100,45,0.83,11,0,0
5,16,0,99,73,49,0.81,11,0,0
5,17,71,14,89,38,0.80,11,0,0
5,18,1159,47,91,39,0.77,11,0,0
5,19,0,11,38,37,0.73,11,0,0
5,20,718,336,48,82,0.68,11,0,0
5,21,1163,219,68,48,0.65,11,0,0
5,22,797,1,80,32,0.45,11,0,0
5,23,690,0,62,17,0.41,11,0,0
5,24,489,671,56,48,0.40,11,0,0
5,25,433,141,17,36,0.38,11,0,0
5,26,800,580,14,30,0.35,11,0,0
5,27,734,131,16,30,0.30,11,0,0
5,28,723,151,10,18,0.27,11,0,0
6,1,1163,162,101,44,0.83,4,0,0
6,2,0,102,72,49,0.79,4,0,0
6,3,69,16,92,40,0.77,4,0,0
6,4,1145,48,87,40,0.75,4,0,0
6,5,0,13,37,38,0.75,4,0,0
6,6,796,2,81,34,0.69,4,0,0
6,7,1166,224,74,50,0.56,4,0,0
6,8,685,0,69,20,0.54,4,0,0
6,9,719,342,49,84,0.32,4,0,0
6,10,906,4,14,31,0.30,1,0,0
6,11,730,130,14,26,0.27,1,0,0
6,12,733,131,15,27,0.26,1,0,0
6,13,1163,162,101,44,0.83,11,0,0
6,14,0,102,72,49,0.79,11,0,0
6,15,69,16,92,40,0.77,11,0,0
6,16,1145,48,87,40,0.75,11,0,0
6,17,0,13,37,38,0.75,11,0,0
6,18,796,2,81,34,0.69,11,0,0
6,19,1166,224,74,50,0.56,11,0,0
6,20,685,0,69,20,0.54,11,0,0
6,21,719,342,49,84,0.32,11,0,0
6,22,906,4,14,31,0.30,11,0,0
6,23,730,130,14,26,0.27,11,0,0
6,24,733,131,15,27,0.26,11,0,0
7,1,0,107,69,50,0.83,4,0,0
7,2,1166,167,101,45,0.82,4,0,0
7,3,68,21,91,39,0.80,4,0,0
7,4,1134,52,90,40,0.79,4,0,0
7,5,0,18,35,38,0.78,4,0,0
7,6,797,1,81,38,0.68,4,0,0
7,7,685,0,70,24,0.59,4,0,0
7,8,1170,230,76,51,0.58,4,0,0
7,9,720,349,49,84,0.52,4,0,0
7,10,773,175,14,31,0.45,1,0,0
7,11,709,161,12,38,0.33,1,0,0
7,12,1084,137,23,27,0.28,1,0,0
7,13,431,151,19,39,0.26,1,0,0
7,14,1094,291,26,35,0.26,1,0,0
7,15,802,600,16,29,0.25,1,0,0
7,16,0,107,69,50,0.83,11,0,0
7,17,1166,167,101,45,0.82,11,0,0
7,18,68,21,91,39,0.80,11,0,0
7,19,1134,52,90,40,0.79,11,0,0
7,20,0,18,35,38,0.78,11,0,0
7,21,797,1,81,38,0.68,11,0,0
7,22,685,0,70,24,0.59,11,0,0
7,23,1170,230,76,51,0.58,11,0,0
7,24,720,349,49,84,0.52,11,0,0
7,25,773,175,14,31,0.45,11,0,0
7,26,709,161,12,38,0.33,11,0,0
7,27,1084,137,23,27,0.28,11,0,0
7,28,200,343,21,29,0.27,11,0,0
7,29,431,151,19,39,0.26,11,0,0
7,30,1094,291,26,35,0.26,11,0,0
7,31,189,392,21,25,0.26,11,0,0
7,32,802,600,16,29,0.25,11,0,0
8,1,1168,172,103,46,0.85,4,0,0
8,2,0,113,67,49,0.80,4,0,0
8,3,1120,56,93,40,0.79,4,0,0
8,4,0,22,33,39,0.78,4,0,0
8,5,66,26,91,39,0.75,4,0,0
8,6,1171,236,81,55,0.71,4,0,0
8,7,684,0,72,28,0.67,4,0,0
8,8,799,2,81,43,0.59,4,0,0
8,9,431,159,18,39,0.44,1,0,0
8,10,772,178,16,33,0.43,1,0,0
8,11,709,163,13,37,0.38,1,0,0
8,12,1090,144,23,29,0.32,1,0,0
8,13,930,363,15,26,0.29,1,0,0
8,14,793,40,41,27,0.27,10,0,0
8,15,1098,299,26,31,0.26,1,0,0
8,16,724,160,10,25,0.26,1,0,0
8,17,1168,172,103,46,0.85,11,0,0
8,18,0,113,67,49,0.80,11,0,0
8,19,1120,56,93,40,0.79,11,0,0
8,20,0,22,33,39,0.78,11,0,0
8,21,66,26,91,39,0.75,11,0,0
8,22,1171,236,81,55,0.71,11,0,0
8,23,684,0,72,28,0.67,11,0,0
8,24,799,2,81,43,0.59,11,0,0
8,25,431,159,18,39,0.44,11,0,0
8,26,772,178,16,33,0.43,11,0,0
8,27,709,163,13,37,0.38,11,0,0
8,28,1090,144,23,29,0.32,11,0,0
8,29,930,363,15,26,0.29,11,0,0
8,30,793,40,41,27,0.27,11,0,0
8,31,1098,299,26,31,0.26,11,0,0
8,32,724,160,10,25,0.26,11,0,0
9,1,1170,175,102,46,0.86,4,0,0
9,2,0,116,66,49,0.82,4,0,0
9,3,1173,238,83,56,0.80,4,0,0
9,4,1114,60,92,38,0.78,4,0,0
9,5,66,29,90,39,0.76,4,0,0
9,6,0,26,32,38,0.75,4,0,0
9,7,685,0,72,31,0.71,4,0,0
9,8,798,5,83,42,0.55,4,0,0
9,9,721,360,49,85,0.46,4,0,0
9,10,773,181,16,32,0.40,1,0,0
9,11,914,23,13,27,0.35,1,0,0
9,12,430,164,19,38,0.34,1,0,0
9,13,287,425,14,33,0.34,1,0,0
9,14,1099,304,26,31,0.31,1,0,0
9,15,148,465,74,93,0.29,4,0,0
9,16,1170,175,102,46,0.86,11,0,0
9,17,0,116,66,49,0.82,11,0,0
9,18,1173,238,83,56,0.80,11,0,0
9,19,1114,60,92,38,0.78,11,0,0
9,20,66,29,90,39,0.76,11,0,0
9,21,0,26,32,38,0.75,11,0,0
9,22,685,0,72,31,0.71,11,0,0
9,23,798,5,83,42,0.55,11,0,0
9,24,721,360,49,85,0.46,11,0,0
9,25,773,181,16,32,0.40,11,0,0
9,26,914,23,13,27,0.35,11,0,0
9,27,430,164,19,38,0.34,11,0,0
9,28,287,425,14,33,0.34,11,0,0
9,29,1099,304,26,31,0.31,11,0,0
9,30,148,465,74,93,0.29,11,0,0
10,1,1172,181,102,46,0.86,4,0,0
10,2,1101,63,92,39,0.80,4,0,0
10,3,1178,246,84,60,0.79,4,0,0
10,4,65,33,91,40,0.76,4,0,0
10,5,0,121,62,51,0.76,4,0,0
10,6,0,31,31,36,0.73,4,0,0
10,7,800,8,82,44,0.70,4,0,0
10,8,686,0,72,36,0.59,4,0,0
10,9,722,367,51,88,0.49,4,0,0
10,10,1172,181,102,46,0.86,11,0,0
10,11,1101,63,92,39,0.80,11,0,0
10,12,1178,246,84,60,0.79,11,0,0
10,13,65,33,91,40,0.76,11,0,0
10,14,0,121,62,51,0.76,11,0,0
10,15,0,31,31,36,0.73,11,0,0
10,16,800,8,82,44,0.70,11,0,0
10,17,686,0,72,36,0.59,11,0,0
10,18,722,367,51,88,0.49,11,0,0
11,1,1175,187,103,46,0.85,4,0,0
11,2,1181,252,86,61,0.80,4,0,0
11,3,0,127,59,50,0.80,4,0,0
11,4,1089,66,94,41,0.79,4,0,0
11,5,62,38,93,39,0.78,4,0,0
11,6,801,13,81,44,0.72,4,0,0
11,7,0,35,28,37,0.71,4,0,0
11,8,686,0,73,40,0.64,4,0,0
11,9,719,131,16,29,0.39,1,0,0
11,10,194,0,51,30,0.34,4,0,0
11,11,428,179,18,38,0.25,1,0,0
11,12,1175,187,103,46,0.85,11,0,0
11,13,1181,252,86,61,0.80,11,0,0
11,14,0,127,59,50,0.80,11,0,0
11,15,1089,66,94,41,0.79,11,0,0
11,16,62,38,93,39,0.78,11,0,0
11,17,801,13,81,44,0.72,11,0,0
11,18,0,35,28,37,0.71,11,0,0
11,19,686,0,73,40,0.64,11,0,0
11,20,719,131,16,29,0.39,11,0,0
11,21,194,0,51,30,0.34,11,0,0
11,22,428,179,18,38,0.25,11,0,0
12,1,1177,193,102,46,0.83,4,0,0
12,2,1077,70,93,41,0.82,4,0,0
12,3,1183,259,91,63,0.80,4,0,0
12,4,60,42,91,40,0.75,4,0,0
12,5,685,1,75,43,0.71,4,0,0
12,6,800,16,84,46,0.68,4,0,0
12,7,0,132,55,50,0.66,4,0,0
12,8,0,40,26,35,0.59,4,0,0
12,9,723,133,9,29,0.37,1,0,0
12,10,191,0,51,34,0.37,4,0,0
12,11,774,187,14,34,0.35,1,0,0
12,12,905,39,11,26,0.32,1,0,0
12,13,709,172,15,35,0.30,1,0,0
12,14,1177,193,102,46,0.83,11,0,0
12,15,1077,70,93,41,0.82,11,0,0
12,16,1183,259,91,63,0.80,11,0,0
12,17,60,42,91,40,0.75,11,0,0
12,18,685,1,75,43,0.71,11,0,0
12,19,800,16,84,46,0.68,11,0,0
12,20,0,132,55,50,0.66,11,0,0
12,21,0,40,26,35,0.59,11,0,0
12,22,723,133,9,29,0.37,11,0,0
12,23,191,0,51,34,0.37,11,0,0
12,24,774,187,14,34,0.35,11,0,0
12,25,905,39,11,26,0.32,11,0,0
12,26,709,172,15,35,0.30,11,0,0
13,1,1180,199,98,46,0.81,4,0,0
13,2,1185,266,93,63,0.80,4,0,0
13,3,1068,75,88,39,0.80,4,0,0
13,4,0,139,52,49,0.76,4,0,0
13,5,58,47,95,40,0.72,4,0,0
13,6,802,21,84,46,0.69,4,0,0
13,7,0,44,25,34,0.61,4,0,0
13,8,686,6,74,43,0.56,4,0,0
13,9,723,392,52,89,0.56,4,0,0
13,10,187,1,55,38,0.50,4,0,0
13,11,776,193,13,32,0.49,1,0,0
13,12,753,96,16,30,0.28,1,0,0
13,13,785,97,16,30,0.27,1,0,0
13,14,907,44,12,29,0.27,1,0,0
13,15,1180,199,98,46,0.81,11,0,0
13,16,1185,266,93,63,0.80,11,0,0
13,17,1068,75,88,39,0.80,11,0,0
13,18,0,139,52,49,0.76,11,0,0
13,19,58,47,95,40,0.72,11,0,0
13,20,802,21,84,46,0.69,11,0,0
13,21,0,44,25,34,0.61,11,0,0
13,22,686,6,74,43,0.56,11,0,0
13,23,723,392,52,89,0.56,11,0,0
13,24,187,1,55,38,0.50,11,0,0
13,25,776,193,13,32,0.49,11,0,0
13,26,753,96,16,30,0.28,11,0,0
13,27,785,97,16,30,0.27,11,0,0
13,28,907,44,12,29,0.27,11,0,0
14,1,1183,205,96,46,0.85,4,0,0
14,2,1188,272,89,64,0.85,4,0,0
14,3,1055,79,93,40,0.82,4,0,0
14,4,56,52,94,40,0.79,4,0,0
14,5,0,144,51,50,0.73,4,0,0
14,6,802,27,85,44,0.71,4,0,0
14,7,186,0,55,43,0.56,4,0,0
14,8,0,48,22,35,0.55,4,0,0
14,9,724,400,76,90,0.52,4,0,0
14,10,682,3,78,51,0.39,4,0,0
14,11,250,0,48,19,0.37,4,0,0
14,12,1183,205,96,46,0.85,11,0,0
14,13,1188,272,89,64,0.85,11,0,0
14,14,1055,79,93,40,0.82,11,0,0
14,15,56,52,94,40,0.79,11,0,0
14,16,0,144,51,50,0.73,11,0,0
14,17,802,27,85,44,0.71,11,0,0
14,18,186,0,55,43,0.56,11,0,0
14,19,0,48,22,35,0.55,11,0,0
14,20,724,400,76,90,0.52,11,0,0
14,21,682,3,78,51,0.39,11,0,0
14,22,250,0,48,19,0.37,11,0,0
15,1,1185,210,94,47,0.86,4,0,0
15,2,1044,83,93,40,0.81,4,0,0
15,3,1190,277,88,65,0.81,4,0,0
15,4,53,56,93,40,0.79,4,0,0
15,5,0,150,46,49,0.69,4,0,0
15,6,245,0,51,23,0.62,4,0,0
15,7,0,53,20,33,0.62,4,0,0
15,8,183,0,56,47,0.58,4,0,0
15,9,802,31,86,45,0.56,4,0,0
15,10,683,13,77,45,0.32,4,0,0
15,11,705,135,17,32,0.26,1,0,0
15,12,1185,210,94,47,0.86,11,0,0
15,13,1044,83,93,40,0.81,11,0,0
15,14,1190,277,88,65,0.81,11,0,0
15,15,53,56,93,40,0.79,11,0,0
15,16,0,150,46,49,0.69,11,0,0
15,17,245,0,51,23,0.62,11,0,0
15,18,0,53,20,33,0.62,11,0,0
15,19,183,0,56,47,0.58,11,0,0
15,20,802,31,86,45,0.56,11,0,0
15,21,683,13,77,45,0.32,11,0,0
15,22,705,135,17,32,0.26,11,0,0
16,1,1187,215,91,47,0.84,4,0,0
16,2,1195,282,84,67,0.83,4,0,0
16,3,1033,86,96,41,0.79,4,0,0
16,4,50,60,94,40,0.73,4,0,0
16,5,0,156,43,49,0.71,4,0,0
16,6,801,34,88,46,0.65,4,0,0
16,7,1116,353,29,33,0.54,1,0,0
16,8,242,0,54,26,0.50,4,0,0
16,9,0,59,16,32,0.47,4,0,0
16,10,180,3,57,48,0.43,4,0,0
16,11,683,17,78,45,0.37,4,0,0
16,12,724,415,78,92,0.34,4,0,0
16,13,936,62,13,29,0.27,1,0,0
16,14,1187,215,91,47,0.84,11,0,0
16,15,1195,282,84,67,0.83,11,0,0
16,16,1033,86,96,41,0.79,11,0,0
16,17,50,60,94,40,0.73,11,0,0
16,18,0,156,43,49,0.71,11,0,0
16,19,801,34,88,46,0.65,11,0,0
16,20,1116,353,29,33,0.54,11,0,0
16,21,242,0,54,26,0.50,11,0,0
16,22,0,59,16,32,0.47,11,0,0
16,23,180,3,57,48,0.43,11,0,0
16,24,683,17,78,45,0.37,11,0,0
16,25,724,415,78,92,0.34,11,0,0
16,26,936,62,13,29,0.27,11,0,0
17,1,1189,216,90,47,0.85,4,0,0
17,2,1195,284,84,66,0.83,4,0,0
17,3,1028,87,96,41,0.82,4,0,0
17,4,49,60,94,42,0.74,4,0,0
17,5,0,158,42,48,0.71,4,0,0
17,6,801,34,89,46,0.68,4,0,0
17,7,724,417,78,90,0.67,4,0,0
17,8,181,5,56,47,0.59,4,0,0
17,9,241,0,54,27,0.54,4,0,0
17,10,683,18,79,44,0.46,4,0,0
17,11,0,64,15,28,0.38,4,0,0
17,12,1189,216,90,47,0.85,11,0,0
17,13,1195,284,84,66,0.83,11,0,0
17,14,1028,87,96,41,0.82,11,0,0
17,15,49,60,94,42,0.74,11,0,0
17,16,0,158,42,48,0.71,11,0,0
17,17,801,34,89,46,0.68,11,0,0
17,18,724,417,78,90,0.67,11,0,0
17,19,181,5,56,47,0.59,11,0,0
17,20,241,0,54,27,0.54,11,0,0
17,21,683,18,79,44,0.46,11,0,0
17,22,0,64,15,28,0.38,11,0,0
18,1,1195,202,84,47,0.83,4,0,0
18,2,1018,71,96,43,0.74,4,0,0
18,3,45,44,94,42,0.72,4,0,0
18,4,806,18,85,45,0.71,4,0,0
18,5,726,404,76,93,0.60,4,0,0
18,6,1200,267,79,69,0.41,4,0,0
18,7,0,148,38,45,0.40,4,0,0
18,8,179,0,54,35,0.36,4,0,0
18,9,0,49,11,27,0.29,4,0,0
18,10,1195,202,84,47,0.83,11,0,0
18,11,1018,71,96,43,0.74,11,0,0
18,12,45,44,94,42,0.72,11,0,0
18,13,806,18,85,45,0.71,11,0,0
18,14,726,404,76,93,0.60,11,0,0
18,15,1200,267,79,69,0.41,11,0,0
18,16,0,148,38,45,0.40,11,0,0
18,17,179,0,54,35,0.36,11,0,0
18,18,0,49,11,27,0.29,11,0,0
18,19,171,414,24,32,0.28,11,0,0
19,1,1195,205,84,48,0.82,4,0,0
19,2,1009,72,97,43,0.81,4,0,0
19,3,43,45,94,43,0.76,4,0,0
19,4,806,18,88,48,0.70,4,0,0
19,5,726,410,78,94,0.57,4,0,0
19,6,1200,274,79,67,0.56,4,0,0
19,7,176,0,55,37,0.50,4,0,0
19,8,727,410,53,93,0.39,4,0,0
19,9,94,617,25,44,0.39,1,0,0
19,10,0,150,35,45,0.39,4,0,0
19,11,947,50,13,27,0.38,1,0,0
19,12,486,682,57,37,0.35,4,0,0
19,13,684,2,79,45,0.34,4,0,0
19,14,818,111,13,28,0.28,1,0,0
19,15,1195,205,84,48,0.82,11,0,0
19,16,1009,72,97,43,0.81,11,0,0
19,17,43,45,94,43,0.76,11,0,0
19,18,806,18,88,48,0.70,11,0,0
19,19,726,410,78,94,0.57,11,0,0
19,20,1200,274,79,67,0.56,11,0,0
19,21,176,0,55,37,0.50,11,0,0
19,22,727,410,53,93,0.39,11,0,0
19,23,94,617,25,44,0.39,11,0,0
19,24,0,150,35,45,0.39,11,0,0
19,25,947,50,13,27,0.38,11,0,0
19,26,486,682,57,37,0.35,11,0,0
19,27,684,2,79,45,0.34,11,0,0
19,28,169,421,23,30,0.31,11,0,0
19,29,818,111,13,28,0.28,11,0,0
20,1,1196,210,83,48,0.84,4,0,0
20,2,998,75,97,42,0.80,4,0,0
20,3,40,49,96,43,0.78,4,0,0
20,4,807,22,87,46,0.76,4,0,0
20,5,726,417,79,93,0.72,4,0,0
20,6,1203,281,76,66,0.68,4,0,0
20,7,174,0,56,40,0.56,4,0,0
20,8,727,417,53,93,0.41,4,0,0
20,9,479,243,60,87,0.37,4,0,0
20,10,0,154,32,46,0.37,4,0,0
20,11,691,106,15,30,0.36,1,0,0
20,12,91,618,25,43,0.33,1,0,0
20,13,565,305,56,103,0.31,4,0,0
20,14,482,410,51,107,0.30,4,0,0
20,15,486,677,57,43,0.29,4,0,0
20,16,820,117,13,30,0.27,1,0,0
20,17,1196,210,83,48,0.84,11,0,0
20,18,998,75,97,42,0.80,11,0,0
20,19,40,49,96,43,0.78,11,0,0
20,20,807,22,87,46,0.76,11,0,0
20,21,726,417,79,93,0.72,11,0,0
20,22,1203,281,76,66,0.68,11,0,0
20,23,174,0,56,40,0.56,11,0,0
20,24,727,417,53,93,0.41,11,0,0
20,25,479,243,60,87,0.37,11,0,0
20,26,0,154,32,46,0.37,11,0,0
20,27,691,106,15,30,0.36,11,0,0
20,28,91,618,25,43,0.33,11,0,0
20,29,565,305,56,103,0.31,11,0,0
20,30,482,410,51,107,0.30,11,0,0
20,31,486,677,57,43,0.29,11,0,0
20,32,820,117,13,30,0.27,11,0,0
21,1,727,423,78,95,0.82,4,0,0
21,2,1199,216,80,47,0.82,4,0,0
21,3,989,78,95,42,0.80,4,0,0
21,4,38,53,96,42,0.79,4,0,0
21,5,808,25,88,47,0.67,4,0,0
21,6,486,671,57,48,0.56,4,0,0
21,7,1205,284,74,68,0.50,4,0,0
21,8,172,1,56,43,0.46,4,0,0
21,9,563,294,56,105,0.45,4,0,0
21,10,242,557,22,35,0.35,1,0,0
21,11,86,620,27,42,0.32,1,0,0
21,12,210,553,22,29,0.30,1,0,0
21,13,794,119,23,33,0.26,1,0,0
21,14,727,423,78,95,0.82,11,0,0
21,15,1199,216,80,47,0.82,11,0,0
21,16,989,78,95,42,0.80,11,0,0
21,17,38,53,96,42,0.79,11,0,0
21,18,808,25,88,47,0.67,11,0,0
21,19,486,671,57,48,0.56,11,0,0
21,20,1205,284,74,68,0.50,11,0,0
21,21,172,1,56,43,0.46,11,0,0
21,22,563,294,56,105,0.45,11,0,0
21,23,242,557,22,35,0.35,11,0,0
21,24,86,620,27,42,0.32,11,0,0
21,25,210,553,22,29,0.30,11,0,0
21,26,315,444,23,36,0.27,11,0,0
21,27,794,119,23,33,0.26,11,0,0
21,28,268,442,22,32,0.26,11,0,0
22,1,1201,220,78,48,0.80,4,0,0
22,2,727,429,79,97,0.78,4,0,0
22,3,40,57,93,43,0.78,4,0,0
22,4,976,84,99,40,0.76,4,0,0
22,5,1208,292,71,64,0.59,4,0,0
22,6,239,575,21,35,0.44,1,0,0
22,7,238,0,50,21,0.42,4,0,0
22,8,959,61,15,30,0.41,1,0,0
22,9,806,29,91,46,0.38,4,0,0
22,10,806,29,91,47,0.38,6,0,0
22,11,485,666,58,53,0.33,4,0,0
22,12,207,570,16,30,0.32,1,0,0
22,13,1201,220,78,48,0.80,11,0,0
22,14,727,429,79,97,0.78,11,0,0
22,15,40,57,93,43,0.78,11,0,0
22,16,976,84,99,40,0.76,11,0,0
22,17,1208,292,71,64,0.59,11,0,0
22,18,239,575,21,35,0.44,11,0,0
22,19,238,0,50,21,0.42,11,0,0
22,20,959,61,15,30,0.41,11,0,0
22,21,806,29,91,46,0.38,11,0,0
22,22,806,29,91,47,0.38,11,0,0
22,23,485,666,58,53,0.33,11,0,0
22,24,207,570,16,30,0.32,11,0,0
23,1,39,62,94,43,0.74,4,0,0
23,2,965,88,103,43,0.74,4,0,0
23,3,1198,228,81,49,0.69,4,0,0
23,4,1209,297,70,68,0.68,4,0,0
23,5,726,441,80,102,0.58,4,0,0
23,6,236,0,52,27,0.55,4,0,0
23,7,806,32,91,48,0.44,6,0,0
23,8,1120,372,38,38,0.27,1,0,0
23,9,39,62,94,43,0.74,11,0,0
23,10,965,88,103,43,0.74,11,0,0
23,11,1198,228,81,49,0.69,11,0,0
23,12,1209,297,70,68,0.68,11,0,0
23,13,726,441,80,102,0.58,11,0,0
23,14,236,0,52,27,0.55,11,0,0
23,15,806,32,91,48,0.44,11,0,0
23,16,1120,372,38,38,0.27,11,0,0
24,1,1203,299,76,49,0.84,4,0,0
24,2,956,161,96,43,0.79,4,0,0
24,3,233,47,58,49,0.74,4,0,0
24,4,44,133,92,43,0.74,4,0,0
24,5,177,72,56,52,0.69,4,0,0
24,6,452,52,43,60,0.67,4,0,0
24,7,1213,366,66,67,0.46,4,0,0
24,8,465,304,61,86,0.39,4,0,0
24,9,804,106,90,44,0.34,4,0,0
24,10,730,516,80,100,0.34,4,0,0
24,11,1203,299,76,49,0.84,11,0,0
24,12,956,161,96,43,0.79,11,0,0
24,13,233,47,58,49,0.74,11,0,0
24,14,44,133,92,43,0.74,11,0,0
24,15,177,72,56,52,0.69,11,0,0
24,16,452,52,43,60,0.67,11,0,0
24,17,1213,366,66,67,0.46,11,0,0
24,18,465,304,61,86,0.39,11,0,0
24,19,804,106,90,44,0.34,11,0,0
24,20,730,516,80,100,0.34,11,0,0
25,1,1205,319,74,50,0.79,4,0,0
25,2,945,185,96,43,0.79,4,0,0
25,3,237,72,52,49,0.67,4,0,0
25,4,43,157,92,43,0.65,4,0,0
25,5,460,315,61,88,0.61,4,0,0
25,6,731,537,80,101,0.56,4,0,0
25,7,449,84,45,62,0.53,4,0,0
25,8,1215,390,64,66,0.44,4,0,0
25,9,177,96,54,54,0.44,4,0,0
25,10,815,137,76,38,0.27,6,0,0
25,11,825,144,65,31,0.25,4,0,0
25,12,1205,319,74,50,0.79,11,0,0
25,13,945,185,96,43,0.79,11,0,0
25,14,237,72,52,49,0.67,11,0,0
25,15,564,0,13,24,0.65,11,0,0
25,16,43,157,92,43,0.65,11,0,0
25,17,591,4,13,19,0.61,11,0,0
25,18,460,315,61,88,0.61,11,0,0
25,19,731,537,80,101,0.56,11,0,0
25,20,449,84,45,62,0.53,11,0,0
25,21,1215,390,64,66,0.44,11,0,0
25,22,177,96,54,54,0.44,11,0,0
25,23,815,137,76,38,0.27,11,0,0
25,24,825,144,65,31,0.25,11,0,0
26,1,1205,327,74,47,0.82,4,0,0
26,2,41,165,95,41,0.80,4,0,0
26,3,235,80,55,49,0.78,4,0,0
26,4,933,191,98,41,0.78,4,0,0
26,5,455,326,66,80,0.75,4,0,0
26,6,173,106,58,50,0.74,4,0,0
26,7,806,138,86,44,0.67,4,0,0
26,8,946,168,11,24,0.55,1,0,0
26,9,966,171,13,21,0.51,1,0,0
26,10,448,95,43,62,0.51,4,0,0
26,11,1216,393,63,69,0.44,4,0,0
26,12,721,260,11,30,0.30,1,0,0
26,13,474,490,52,104,0.30,4,0,0
26,14,703,260,12,34,0.30,1,0,0
26,15,730,543,82,102,0.30,4,0,0
26,16,474,4,29,42,0.29,4,0,0
26,17,1205,327,74,47,0.82,11,0,0
26,18,41,165,95,41,0.80,11,0,0
26,19,235,80,55,49,0.78,11,0,0
26,20,933,191,98,41,0.78,11,0,0
26,21,564,7,12,24,0.76,11,0,0
26,22,455,326,66,80,0.75,11,0,0
26,23,173,106,58,50,0.74,11,0,0
26,24,806,138,86,44,0.67,11,0,0
26,25,946,168,11,24,0.55,11,0,0
26,26,966,171,13,21,0.51,11,0,0
26,27,448,95,43,62,0.51,11,0,0
26,28,590,7,13,24,0.50,11,0,0
26,29,623,64,15,25,0.47,11,0,0
26,30,1216,393,63,69,0.44,11,0,0
26,31,651,10,10,23,0.35,11,0,0
26,32,721,260,11,30,0.30,11,0,0
26,33,474,490,52,104,0.30,11,0,0
26,34,703,260,12,34,0.30,11,0,0
26,35,730,543,82,102,0.30,11,0,0
26,36,474,4,29,42,0.29,11,0,0
27,1,1206,332,73,46,0.81,4,0,0
27,2,38,169,96,41,0.80,4,0,0
27,3,172,110,59,50,0.77,4,0,0
27,4,929,194,95,42,0.76,4,0,0
27,5,808,143,85,43,0.75,4,0,0
27,6,450,325,68,79,0.74,4,0,0
27,7,234,83,56,49,0.72,4,0,0
27,8,472,8,30,47,0.68,4,0,0
27,9,968,175,14,23,0.53,1,0,0
27,10,949,173,11,24,0.39,1,0,0
27,11,730,550,82,102,0.37,4,0,0
27,12,1217,378,62,87,0.35,4,0,0
27,13,448,107,42,58,0.34,4,0,0
27,14,472,487,53,105,0.31,4,0,0
27,15,797,243,20,33,0.30,1,0,0
27,16,702,262,13,33,0.27,1,0,0
27,17,1206,332,73,46,0.81,11,0,0
27,18,38,169,96,41,0.80,11,0,0
27,19,172,110,59,50,0.77,11,0,0
27,20,929,194,95,42,0.76,11,0,0
27,21,808,143,85,43,0.75,11,0,0
27,22,450,325,68,79,0.74,11,0,0
27,23,234,83,56,49,0.72,11,0,0
27,24,472,8,30,47,0.68,11,0,0
27,25,563,11,13,25,0.64,11,0,0
27,26,968,175,14,23,0.53,11,0,0
27,27,591,11,12,24,0.42,11,0,0
27,28,623,67,15,26,0.40,11,0,0
27,29,949,173,11,24,0.39,11,0,0
27,30,730,550,82,102,0.37,11,0,0
27,31,1217,378,62,87,0.35,11,0,0
27,32,448,107,42,58,0.34,11,0,0
27,33,472,487,53,105,0.31,11,0,0
27,34,797,243,20,33,0.30,11,0,0
27,35,702,262,13,33,0.27,11,0,0
27,36,651,13,11,23,0.25,11,0,0
28,1,1208,336,71,49,0.82,4,0,0
28,2,37,172,97,42,0.79,4,0,0
28,3,918,196,97,43,0.79,4,0,0
28,4,445,319,68,82,0.77,4,0,0
28,5,231,85,58,50,0.74,4,0,0
28,6,172,113,58,50,0.68,4,0,0
28,7,730,556,83,101,0.67,4,0,0
28,8,469,16,33,48,0.63,4,0,0
28,9,806,145,88,44,0.61,4,0,0
28,10,1220,408,59,62,0.57,4,0,0
28,11,446,114,42,62,0.57,4,0,0
28,12,973,179,11,18,0.40,1,0,0
28,13,844,301,14,32,0.37,1,0,0
28,14,799,249,16,32,0.30,1,0,0
28,15,1208,336,71,49,0.82,11,0,0
28,16,37,172,97,42,0.79,11,0,0
28,17,918,196,97,43,0.79,11,0,0
28,18,445,319,68,82,0.77,11,0,0
28,19,231,85,58,50,0.74,11,0,0
28,20,564,14,12,25,0.71,11,0,0
28,21,172,113,58,50,0.68,11,0,0
28,22,730,556,83,101,0.67,11,0,0
28,23,469,16,33,48,0.63,11,0,0
28,24,806,145,88,44,0.61,11,0,0
28,25,1220,408,59,62,0.57,11,0,0
28,26,446,114,42,62,0.57,11,0,0
28,27,590,14,13,25,0.57,11,0,0
28,28,651,15,10,23,0.43,11,0,0
28,29,623,71,15,23,0.42,11,0,0
28,30,973,179,11,18,0.40,11,0,0
28,31,844,301,14,32,0.37,11,0,0
28,32,516,102,12,26,0.32,11,0,0
28,33,799,249,16,32,0.30,11,0,0
29,1,1211,341,68,51,0.80,4,0,0
29,2,36,175,95,43,0.79,4,0,0
29,3,808,147,87,46,0.78,4,0,0
29,4,436,317,74,82,0.76,4,0,0
29,5,231,89,57,50,0.74,4,0,0
29,6,908,199,98,43,0.73,4,0,0
29,7,173,116,57,50,0.72,4,0,0
29,8,468,24,34,49,0.68,4,0,0
29,9,443,121,44,64,0.50,4,0,0
29,10,730,563,83,103,0.48,4,0,0
29,11,1221,413,58,64,0.42,4,0,0
29,12,681,133,82,43,0.39,4,0,0
29,13,974,184,13,19,0.31,1,0,0
29,14,1211,341,68,51,0.80,11,0,0
29,15,36,175,95,43,0.79,11,0,0
29,16,808,147,87,46,0.78,11,0,0
29,17,436,317,74,82,0.76,11,0,0
29,18,231,89,57,50,0.74,11,0,0
29,19,908,199,98,43,0.73,11,0,0
29,20,173,116,57,50,0.72,11,0,0
29,21,564,18,12,24,0.70,11,0,0
29,22,468,24,34,49,0.68,11,0,0
29,23,590,17,13,24,0.54,11,0,0
29,24,443,121,44,64,0.50,11,0,0
29,25,730,563,83,103,0.48,11,0,0
29,26,1221,413,58,64,0.42,11,0,0
29,27,681,133,82,43,0.39,11,0,0
29,28,515,106,11,24,0.37,11,0,0
29,29,651,18,11,23,0.33,11,0,0
29,30,974,184,13,19,0.31,11,0,0
30,1,428,315,77,82,0.88,4,0,0
30,2,1213,345,66,50,0.83,4,0,0
30,3,33,178,97,43,0.82,4,0,0
30,4,899,204,97,40,0.75,4,0,0
30,5,230,92,57,49,0.71,4,0,0
30,6,170,118,58,51,0.67,4,0,0
30,7,441,130,44,64,0.65,4,0,0
30,8,808,152,88,43,0.63,4,0,0
30,9,467,34,33,48,0.58,4,0,0
30,10,731,567,83,107,0.48,4,0,0
30,11,676,135,87,44,0.48,4,0,0
30,12,1224,397,55,82,0.33,4,0,0
30,13,394,387,22,39,0.28,1,0,0
30,14,428,315,77,82,0.88,11,0,0
30,15,1213,345,66,50,0.83,11,0,0
30,16,33,178,97,43,0.82,11,0,0
30,17,899,204,97,40,0.75,11,0,0
30,18,230,92,57,49,0.71,11,0,0
30,19,170,118,58,51,0.67,11,0,0
30,20,441,130,44,64,0.65,11,0,0
30,21,562,20,14,24,0.63,11,0,0
30,22,808,152,88,43,0.63,11,0,0
30,23,467,34,33,48,0.58,11,0,0
30,24,731,567,83,107,0.48,11,0,0
30,25,676,135,87,44,0.48,11,0,0
30,26,590,20,13,23,0.36,11,0,0
30,27,1224,397,55,82,0.33,11,0,0
30,28,394,387,22,39,0.28,11,0,0
31,1,419,313,79,81,0.89,4,0,0
31,2,1215,348,64,48,0.81,4,0,0
31,3,32,181,97,43,0.80,4,0,0
31,4,890,206,99,41,0.76,4,0,0
31,5,168,121,59,50,0.74,4,0,0
31,6,438,138,46,65,0.73,4,0,0
31,7,228,95,56,49,0.69,4,0,0
31,8,809,153,87,45,0.66,4,0,0
31,9,1227,399,52,83,0.51,4,0,0
31,10,395,394,19,40,0.33,1,0,0
31,11,464,42,35,52,0.30,4,0,0
31,12,528,287,60,81,0.30,4,0,0
31,13,419,313,79,81,0.89,11,0,0
31,14,1215,348,64,48,0.81,11,0,0
31,15,32,181,97,43,0.80,11,0,0
31,16,890,206,99,41,0.76,11,0,0
31,17,168,121,59,50,0.74,11,0,0
31,18,438,138,46,65,0.73,11,0,0
31,19,228,95,56,49,0.69,11,0,0
31,20,809,153,87,45,0.66,11,0,0
31,21,562,22,13,26,0.59,11,0,0
31,22,1227,399,52,83,0.51,11,0,0
31,23,395,394,19,40,0.33,11,0,0
31,24,464,42,35,52,0.30,11,0,0
31,25,528,287,60,81,0.30,11,0,0
31,26,590,22,13,23,0.27,11,0,0
32,1,410,310,84,81,0.90,4,0,0
32,2,1217,352,62,48,0.85,4,0,0
32,3,881,208,96,43,0.83,4,0,0
32,4,30,185,97,42,0.79,4,0,0
32,5,436,146,47,65,0.77,4,0,0
32,6,225,96,59,51,0.73,4,0,0
32,7,524,279,59,77,0.71,4,0,0
32,8,168,123,57,51,0.68,4,0,0
32,9,1229,415,50,71,0.58,4,0,0
32,10,808,156,89,45,0.58,4,0,0
32,11,731,580,83,106,0.35,4,0,0
32,12,832,277,14,30,0.27,1,0,0
32,13,966,198,14,27,0.26,1,0,0
32,14,849,333,14,28,0.26,1,0,0
32,15,389,404,14,36,0.25,1,0,0
32,16,410,310,84,81,0.90,11,0,0
32,17,1217,352,62,48,0.85,11,0,0
32,18,881,208,96,43,0.83,11,0,0
32,19,30,185,97,42,0.79,11,0,0
32,20,436,146,47,65,0.77,11,0,0
32,21,225,96,59,51,0.73,11,0,0
32,22,524,279,59,77,0.71,11,0,0
32,23,168,123,57,51,0.68,11,0,0
32,24,562,25,13,26,0.58,11,0,0
32,25,1229,415,50,71,0.58,11,0,0
32,26,808,156,89,45,0.58,11,0,0
32,27,731,580,83,106,0.35,11,0,0
32,28,622,80,16,26,0.29,11,0,0
32,29,590,25,12,22,0.27,11,0,0
32,30,832,277,14,30,0.27,11,0,0
32,31,966,198,14,27,0.26,11,0,0
32,32,849,333,14,28,0.26,11,0,0
32,33,389,404,14,36,0.25,11,0,0
33,1,404,309,86,80,0.91,4,0,0
33,2,876,210,100,42,0.84,4,0,0
33,3,1218,354,61,48,0.81,4,0,0
33,4,29,186,97,43,0.79,4,0,0
33,5,522,274,59,81,0.77,4,0,0
33,6,224,98,60,51,0.77,4,0,0
33,7,436,150,46,66,0.74,4,0,0
33,8,167,125,58,51,0.70,4,0,0
33,9,1229,421,50,67,0.50,4,0,0
33,10,808,157,89,45,0.47,4,0,0
33,11,966,200,14,29,0.40,1,0,0
33,12,461,54,36,57,0.31,4,0,0
33,13,834,282,13,29,0.28,1,0,0
33,14,404,309,86,80,0.91,11,0,0
33,15,876,210,100,42,0.84,11,0,0
33,16,1218,354,61,48,0.81,11,0,0
33,17,29,186,97,43,0.79,11,0,0
33,18,522,274,59,81,0.77,11,0,0
33,19,224,98,60,51,0.77,11,0,0
33,20,436,150,46,66,0.74,11,0,0
33,21,167,125,58,51,0.70,11,0,0
33,22,562,26,13,26,0.66,11,0,0
33,23,1229,421,50,67,0.50,11,0,0
33,24,808,157,89,45,0.47,11,0,0
33,25,966,200,14,29,0.40,11,0,0
33,26,590,26,12,24,0.35,11,0,0
33,27,461,54,36,57,0.31,11,0,0
33,28,623,81,15,26,0.29,11,0,0
33,29,834,282,13,29,0.28,11,0,0
34,1,396,308,88,77,0.90,4,0,0
34,2,1218,358,61,48,0.83,4,0,0
34,3,27,188,99,44,0.79,4,0,0
34,4,224,99,60,52,0.79,4,0,0
34,5,867,212,103,43,0.78,4,0,0
34,6,435,157,46,67,0.77,4,0,0
34,7,519,266,56,75,0.64,4,0,0
34,8,163,129,61,50,0.60,4,0,0
34,9,1231,428,48,65,0.54,4,0,0
34,10,809,160,88,45,0.49,4,0,0
34,11,989,206,14,30,0.41,1,0,0
34,12,685,144,79,44,0.39,4,0,0
34,13,731,588,78,106,0.29,4,0,0
34,14,771,292,12,29,0.28,1,0,0
34,15,970,206,13,28,0.27,1,0,0
34,16,458,65,38,52,0.26,4,0,0
34,17,396,308,88,77,0.90,11,0,0
34,18,1218,358,61,48,0.83,11,0,0
34,19,27,188,99,44,0.79,11,0,0
34,20,224,99,60,52,0.79,11,0,0
34,21,867,212,103,43,0.78,11,0,0
34,22,435,157,46,67,0.77,11,0,0
34,23,562,28,12,25,0.68,11,0,0
34,24,519,266,56,75,0.64,11,0,0
34,25,163,129,61,50,0.60,11,0,0
34,26,1231,428,48,65,0.54,11,0,0
34,27,809,160,88,45,0.49,11,0,0
34,28,989,206,14,30,0.41,11,0,0
34,29,685,144,79,44,0.39,11,0,0
34,30,590,29,12,23,0.38,11,0,0
34,31,731,588,78,106,0.29,11,0,0
34,32,771,292,12,29,0.28,11,0,0
34,33,622,81,15,28,0.28,11,0,0
34,34,970,206,13,28,0.27,11,0,0
34,35,458,65,38,52,0.26,11,0,0
35,1,385,304,92,77,0.88,4,0,0
35,2,1220,362,59,48,0.83,4,0,0
35,3,858,216,100,42,0.81,4,0,0
35,4,26,190,98,45,0.79,4,0,0
35,5,225,102,58,51,0.79,4,0,0
35,6,515,258,56,76,0.77,4,0,0
35,7,434,165,46,67,0.75,4,0,0
35,8,164,131,60,49,0.75,4,0,0
35,9,809,162,89,45,0.68,4,0,0
35,10,684,146,81,45,0.57,4,0,0
35,11,992,212,14,30,0.46,1,0,0
35,12,1233,434,46,61,0.43,4,0,0
35,13,290,212,13,30,0.36,1,0,0
35,14,771,292,12,31,0.35,1,0,0
35,15,974,211,13,25,0.28,1,0,0
35,16,385,304,92,77,0.88,11,0,0
35,17,1220,362,59,48,0.83,11,0,0
35,18,858,216,100,42,0.81,11,0,0
35,19,26,190,98,45,0.79,11,0,0
35,20,225,102,58,51,0.79,11,0,0
35,21,515,258,56,76,0.77,11,0,0
35,22,434,165,46,67,0.75,11,0,0
35,23,164,131,60,49,0.75,11,0,0
35,24,809,162,89,45,0.68,11,0,0
35,25,561,30,13,26,0.65,11,0,0
35,26,684,146,81,45,0.57,11,0,0
35,27,992,212,14,30,0.46,11,0,0
35,28,1233,434,46,61,0.43,11,0,0
35,29,290,212,13,30,0.36,11,0,0
35,30,771,292,12,31,0.35,11,0,0
35,31,786,64,11,23,0.31,11,0,0
35,32,590,30,12,24,0.30,11,0,0
35,33,974,211,13,25,0.28,11,0,0
36,1,373,307,92,71,0.90,4,0,0
36,2,512,251,56,75,0.84,4,0,0
36,3,1222,366,57,47,0.83,4,0,0
36,4,25,193,99,44,0.82,4,0,0
36,5,851,218,98,44,0.82,4,0,0
36,6,224,104,59,52,0.81,4,0,0
36,7,810,165,89,45,0.79,4,0,0
36,8,431,171,47,70,0.78,4,0,0
36,9,159,134,63,50,0.72,4,0,0
36,10,685,149,80,44,0.52,4,0,0
36,11,994,218,15,29,0.52,1,0,0
36,12,447,446,63,96,0.50,4,0,0
36,13,976,217,14,28,0.46,1,0,0
36,14,290,218,12,29,0.44,1,0,0
36,15,770,294,13,33,0.36,1,0,0
36,16,1235,437,44,62,0.36,4,0,0
36,17,708,267,15,33,0.31,1,0,0
36,18,731,598,83,110,0.27,4,0,0
36,19,373,307,92,71,0.90,11,0,0
36,20,512,251,56,75,0.84,11,0,0
36,21,1222,366,57,47,0.83,11,0,0
36,22,25,193,99,44,0.82,11,0,0
36,23,851,218,98,44,0.82,11,0,0
36,24,224,104,59,52,0.81,11,0,0
36,25,810,165,89,45,0.79,11,0,0
36,26,431,171,47,70,0.78,11,0,0
36,27,159,134,63,50,0.72,11,0,0
36,28,561,33,13,25,0.70,11,0,0
36,29,685,149,80,44,0.52,11,0,0
36,30,994,218,15,29,0.52,11,0,0
36,31,447,446,63,96,0.50,11,0,0
36,32,976,217,14,28,0.46,11,0,0
36,33,290,218,12,29,0.44,11,0,0
36,34,589,32,13,24,0.39,11,0,0
36,35,770,294,13,33,0.36,11,0,0
36,36,1235,437,44,62,0.36,11,0,0
36,37,708,267,15,33,0.31,11,0,0
36,38,731,598,83,110,0.27,11,0,0
37,1,360,304,95,73,0.87,4,0,0
37,2,508,243,56,76,0.85,4,0,0
37,3,1223,369,56,47,0.83,4,0,0
37,4,843,221,98,44,0.81,4,0,0
37,5,224,106,57,52,0.80,4,0,0
37,6,23,196,99,44,0.78,4,0,0
37,7,429,179,48,70,0.75,4,0,0
37,8,810,168,89,45,0.71,4,0,0
37,9,151,136,71,51,0.68,4,0,0
37,10,450,89,41,58,0.64,4,0,0
37,11,1236,442,43,60,0.48,4,0,0
37,12,685,151,81,45,0.45,4,0,0
37,13,770,295,13,35,0.39,1,0,0
37,14,287,223,14,29,0.37,1,0,0
37,15,979,221,14,27,0.35,1,0,0
37,16,731,604,84,109,0.28,4,0,0
37,17,708,268,14,33,0.27,1,0,0
37,18,360,304,95,73,0.87,11,0,0
37,19,508,243,56,76,0.85,11,0,0
37,20,1223,369,56,47,0.83,11,0,0
37,21,843,221,98,44,0.81,11,0,0
37,22,224,106,57,52,0.80,11,0,0
37,23,23,196,99,44,0.78,11,0,0
37,24,429,179,48,70,0.75,11,0,0
37,25,810,168,89,45,0.71,11,0,0
37,26,151,136,71,51,0.68,11,0,0
37,27,450,89,41,58,0.64,11,0,0
37,28,561,35,13,26,0.62,11,0,0
37,29,1236,442,43,60,0.48,11,0,0
37,30,685,151,81,45,0.45,11,0,0
37,31,770,295,13,35,0.39,11,0,0
37,32,287,223,14,29,0.37,11,0,0
37,33,979,221,14,27,0.35,11,0,0
37,34,731,604,84,109,0.28,11,0,0
37,35,708,268,14,33,0.27,11,0,0
38,1,346,302,99,71,0.88,4,0,0
38,2,427,186,49,71,0.86,4,0,0
38,3,1225,373,54,47,0.82,4,0,0
38,4,20,199,99,44,0.81,4,0,0
38,5,224,108,57,53,0.80,4,0,0
38,6,835,225,99,42,0.79,4,0,0
38,7,504,236,56,75,0.76,4,0,0
38,8,811,170,90,45,0.75,4,0,0
38,9,157,138,63,51,0.70,4,0,0
38,10,1000,228,15,29,0.58,1,0,0
38,11,448,100,41,60,0.55,4,0,0
38,12,286,229,12,29,0.53,1,0,0
38,13,1237,444,42,61,0.49,4,0,0
38,14,732,609,80,108,0.44,4,0,0
38,15,768,294,14,33,0.40,1,0,0
38,16,858,375,14,35,0.28,1,0,0
38,17,352,435,153,93,0.27,4,0,0
38,18,684,152,82,47,0.27,4,0,0
38,19,346,302,99,71,0.88,11,0,0
38,20,427,186,49,71,0.86,11,0,0
38,21,1225,373,54,47,0.82,11,0,0
38,22,20,199,99,44,0.81,11,0,0
38,23,224,108,57,53,0.80,11,0,0
38,24,835,225,99,42,0.79,11,0,0
38,25,504,236,56,75,0.76,11,0,0
38,26,811,170,90,45,0.75,11,0,0
38,27,157,138,63,51,0.70,11,0,0
38,28,560,37,14,25,0.66,11,0,0
38,29,1000,228,15,29,0.58,11,0,0
38,30,448,100,41,60,0.55,11,0,0
38,31,286,229,12,29,0.53,11,0,0
38,32,1237,444,42,61,0.49,11,0,0
38,33,732,609,80,108,0.44,11,0,0
38,34,768,294,14,33,0.40,11,0,0
38,35,590,37,11,22,0.33,11,0,0
38,36,651,38,11,22,0.33,11,0,0
38,37,858,375,14,35,0.28,11,0,0
38,38,352,435,153,93,0.27,11,0,0
38,39,684,152,82,47,0.27,11,0,0
39,1,334,302,99,65,0.89,4,0,0
39,2,1227,377,52,46,0.84,4,0,0
39,3,425,193,51,71,0.83,4,0,0
39,4,21,201,98,44,0.81,4,0,0
39,5,828,228,98,42,0.81,4,0,0
39,6,223,110,57,53,0.77,4,0,0
39,7,811,172,90,46,0.75,4,0,0
39,8,502,229,53,73,0.74,4,0,0
39,9,160,140,60,51,0.72,4,0,0
39,10,352,429,148,92,0.64,4,0,0
39,11,1004,232,15,32,0.62,1,0,0
39,12,286,235,11,31,0.51,1,0,0
39,13,1239,447,40,61,0.45,4,0,0
39,14,767,295,15,33,0.37,1,0,0
39,15,445,108,41,58,0.31,4,0,0
39,16,733,613,84,106,0.29,4,0,0
39,17,685,156,82,45,0.25,4,0,0
39,18,334,302,99,65,0.89,11,0,0
39,19,1227,377,52,46,0.84,11,0,0
39,20,425,193,51,71,0.83,11,0,0
39,21,21,201,98,44,0.81,11,0,0
39,22,828,228,98,42,0.81,11,0,0
39,23,223,110,57,53,0.77,11,0,0
39,24,811,172,90,46,0.75,11,0,0
39,25,502,229,53,73,0.74,11,0,0
39,26,160,140,60,51,0.72,11,0,0
39,27,561,39,13,25,0.71,11,0,0
39,28,352,429,148,92,0.64,11,0,0
39,29,1004,232,15,32,0.62,11,0,0
39,30,286,235,11,31,0.51,11,0,0
39,31,1239,447,40,61,0.45,11,0,0
39,32,767,295,15,33,0.37,11,0,0
39,33,651,41,11,21,0.36,11,0,0
39,34,445,108,41,58,0.31,11,0,0
39,35,589,39,12,23,0.30,11,0,0
39,36,733,613,84,106,0.29,11,0,0
39,37,685,156,82,45,0.25,11,0,0
40,1,320,301,101,65,0.88,4,0,0
40,2,424,199,51,73,0.85,4,0,0
40,3,499,221,54,73,0.85,4,0,0
40,4,1229,380,50,47,0.80,4,0,0
40,5,18,203,101,44,0.79,4,0,0
40,6,222,112,57,53,0.76,4,0,0
40,7,811,174,91,46,0.68,4,0,0
40,8,350,422,144,93,0.64,4,0,0
40,9,158,142,61,51,0.63,4,0,0
40,10,821,230,96,42,0.61,4,0,0
40,11,1009,236,14,33,0.54,1,0,0
40,12,1241,451,38,58,0.48,4,0,0
40,13,284,237,13,31,0.47,1,0,0
40,14,988,234,15,32,0.36,1,0,0
40,15,686,158,81,45,0.28,4,0,0
40,16,767,296,14,33,0.27,1,0,0
40,17,443,115,42,59,0.26,4,0,0
40,18,320,301,101,65,0.88,11,0,0
40,19,424,199,51,73,0.85,11,0,0
40,20,499,221,54,73,0.85,11,0,0
40,21,1229,380,50,47,0.80,11,0,0
40,22,18,203,101,44,0.79,11,0,0
40,23,222,112,57,53,0.76,11,0,0
40,24,811,174,91,46,0.68,11,0,0
40,25,561,41,13,26,0.65,11,0,0
40,26,350,422,144,93,0.64,11,0,0
40,27,158,142,61,51,0.63,11,0,0
40,28,821,230,96,42,0.61,11,0,0
40,29,1009,236,14,33,0.54,11,0,0
40,30,1241,451,38,58,0.48,11,0,0
40,31,284,237,13,31,0.47,11,0,0
40,32,988,234,15,32,0.36,11,0,0
40,33,651,42,11,21,0.31,11,0,0
40,34,686,158,81,45,0.28,11,0,0
40,35,767,296,14,33,0.27,11,0,0
40,36,443,115,42,59,0.26,11,0,0
40,37,589,40,12,24,0.26,11,0,0
41,1,313,300,102,64,0.88,4,0,0
41,2,424,201,50,74,0.86,4,0,0
41,3,498,218,53,73,0.82,4,0,0
41,4,19,204,100,44,0.79,4,0,0
41,5,1230,381,49,47,0.77,4,0,0
41,6,222,114,57,51,0.77,4,0,0
41,7,812,175,90,45,0.72,4,0,0
41,8,158,143,61,51,0.70,4,0,0
41,9,819,230,96,44,0.56,4,0,0
41,10,349,420,144,91,0.52,4,0,0
41,11,1243,452,36,59,0.42,4,0,0
41,12,443,117,42,61,0.40,4,0,0
41,13,283,238,14,33,0.34,1,0,0
41,14,1010,239,15,31,0.31,1,0,0
41,15,686,159,81,45,0.30,4,0,0
41,16,313,300,102,64,0.88,11,0,0
41,17,424,201,50,74,0.86,11,0,0
41,18,498,218,53,73,0.82,11,0,0
41,19,19,204,100,44,0.79,11,0,0
41,20,1230,381,49,47,0.77,11,0,0
41,21,222,114,57,51,0.77,11,0,0
41,22,812,175,90,45,0.72,11,0,0
41,23,158,143,61,51,0.70,11,0,0
41,24,561,42,13,25,0.61,11,0,0
41,25,819,230,96,44,0.56,11,0,0
41,26,349,420,144,91,0.52,11,0,0
41,27,1243,452,36,59,0.42,11,0,0
41,28,443,117,42,61,0.40,11,0,0
41,29,283,238,14,33,0.34,11,0,0
41,30,1010,239,15,31,0.31,11,0,0
41,31,686,159,81,45,0.30,11,0,0
42,1,298,298,102,63,0.84,4,0,0
42,2,424,209,47,71,0.80,4,0,0
42,3,17,206,100,45,0.79,4,0,0
42,4,1232,383,47,47,0.77,4,0,0
42,5,812,177,91,45,0.72,4,0,0
42,6,221,115,58,52,0.71,4,0,0
42,7,157,145,61,51,0.66,4,0,0
42,8,497,211,52,73,0.64,4,0,0
42,9,1244,455,35,58,0.51,4,0,0
42,10,283,243,13,31,0.51,1,0,0
42,11,688,160,80,46,0.49,4,0,0
42,12,349,413,141,92,0.41,4,0,0
42,13,766,295,15,32,0.32,1,0,0
42,14,1013,246,16,30,0.27,1,0,0
42,15,993,241,14,31,0.27,1,0,0
42,16,735,244,16,37,0.25,1,0,0
42,17,298,298,102,63,0.84,11,0,0
42,18,424,209,47,71,0.80,11,0,0
42,19,17,206,100,45,0.79,11,0,0
42,20,1232,383,47,47,0.77,11,0,0
42,21,812,177,91,45,0.72,11,0,0
42,22,221,115,58,52,0.71,11,0,0
42,23,157,145,61,51,0.66,11,0,0
42,24,497,211,52,73,0.64,11,0,0
42,25,561,43,13,25,0.59,11,0,0
42,26,1244,455,35,58,0.51,11,0,0
42,27,283,243,13,31,0.51,11,0,0
42,28,688,160,80,46,0.49,11,0,0
42,29,349,413,141,92,0.41,11,0,0
42,30,766,295,15,32,0.32,11,0,0
42,31,1013,246,16,30,0.27,11,0,0
42,32,993,241,14,31,0.27,11,0,0
42,33,735,244,16,37,0.25,11,0,0
43,1,284,296,104,63,0.87,4,0,0
43,2,423,213,48,74,0.81,4,0,0
43,3,17,208,100,44,0.80,4,0,0
43,4,813,178,91,46,0.79,4,0,0
43,5,1233,386,46,47,0.77,4,0,0
43,6,159,146,59,51,0.70,4,0,0
43,7,220,115,58,53,0.70,4,0,0
43,8,358,408,126,90,0.52,4,0,0
43,9,282,247,13,30,0.45,1,0,0
43,10,496,205,51,71,0.41,4,0,0
43,11,408,408,76,87,0.40,4,0,0
43,12,687,161,82,47,0.39,4,0,0
43,13,1019,249,14,32,0.35,1,0,0
43,14,1245,456,34,61,0.33,4,0,0
43,15,995,246,15,31,0.28,1,0,0
43,16,766,295,15,31,0.28,1,0,0
43,17,803,236,98,43,0.27,4,0,0
43,18,284,296,104,63,0.87,11,0,0
43,19,423,213,48,74,0.81,11,0,0
43,20,17,208,100,44,0.80,11,0,0
43,21,813,178,91,46,0.79,11,0,0
43,22,1233,386,46,47,0.77,11,0,0
43,23,159,146,59,51,0.70,11,0,0
43,24,220,115,58,53,0.70,11,0,0
43,25,561,44,13,25,0.60,11,0,0
43,26,358,408,126,90,0.52,11,0,0
43,27,282,247,13,30,0.45,11,0,0
43,28,496,205,51,71,0.41,11,0,0
43,29,408,408,76,87,0.40,11,0,0
43,30,687,161,82,47,0.39,11,0,0
43,31,1019,249,14,32,0.35,11,0,0
43,32,1245,456,34,61,0.33,11,0,0
43,33,995,246,15,31,0.28,11,0,0
43,34,766,295,15,31,0.28,11,0,0
43,35,803,236,98,43,0.27,11,0,0
44,1,268,294,106,61,0.88,4,0,0
44,2,422,218,49,75,0.80,4,0,0
44,3,15,209,102,44,0.80,4,0,0
44,4,814,180,91,46,0.77,4,0,0
44,5,219,116,59,53,0.76,4,0,0
44,6,1235,388,44,46,0.73,4,0,0
44,7,158,148,58,50,0.72,4,0,0
44,8,498,200,49,70,0.60,4,0,0
44,9,375,402,103,89,0.53,4,0,0
44,10,281,250,14,30,0.52,1,0,0
44,11,1022,252,15,32,0.50,1,0,0
44,12,286,495,19,40,0.42,1,0,0
44,13,689,163,80,46,0.38,4,0,0
44,14,998,250,17,32,0.27,1,0,0
44,15,1248,458,31,62,0.25,4,0,0
44,16,766,293,15,33,0.25,1,0,0
44,17,268,294,106,61,0.88,11,0,0
44,18,422,218,49,75,0.80,11,0,0
44,19,15,209,102,44,0.80,11,0,0
44,20,814,180,91,46,0.77,11,0,0
44,21,219,116,59,53,0.76,11,0,0
44,22,1235,388,44,46,0.73,11,0,0
44,23,158,148,58,50,0.72,11,0,0
44,24,561,45,13,26,0.63,11,0,0
44,25,498,200,49,70,0.60,11,0,0
44,26,375,402,103,89,0.53,11,0,0
44,27,281,250,14,30,0.52,11,0,0
44,28,1022,252,15,32,0.50,11,0,0
44,29,286,495,19,40,0.42,11,0,0
44,30,689,163,80,46,0.38,11,0,0
44,31,652,46,11,24,0.31,11,0,0
44,32,591,45,12,34,0.28,11,0,0
44,33,998,250,17,32,0.27,11,0,0
44,34,1248,458,31,62,0.25,11,0,0
44,35,766,293,15,33,0.25,11,0,0
45,1,253,292,106,61,0.87,4,0,0
45,2,421,223,50,76,0.84,4,0,0
45,3,219,118,58,53,0.81,4,0,0
45,4,14,211,100,45,0.81,4,0,0
45,5,391,398,80,85,0.80,4,0,0
45,6,157,149,59,51,0.78,4,0,0
45,7,815,182,91,45,0.76,4,0,0
45,8,1237,391,42,45,0.75,4,0,0
45,9,499,194,47,69,0.63,4,0,0
45,10,1250,460,29,63,0.36,4,0,0
45,11,693,256,14,34,0.28,1,0,0
45,12,280,252,15,33,0.26,1,0,0
45,13,689,164,80,46,0.25,4,0,0
45,14,253,292,106,61,0.87,11,0,0
45,15,421,223,50,76,0.84,11,0,0
45,16,219,118,58,53,0.81,11,0,0
45,17,14,211,100,45,0.81,11,0,0
45,18,391,398,80,85,0.80,11,0,0
45,19,157,149,59,51,0.78,11,0,0
45,20,815,182,91,45,0.76,11,0,0
45,21,1237,391,42,45,0.75,11,0,0
45,22,499,194,47,69,0.63,11,0,0
45,23,561,46,14,26,0.61,11,0,0
45,24,1250,460,29,63,0.36,11,0,0
45,25,591,46,12,33,0.36,11,0,0
45,26,653,47,10,22,0.34,11,0,0
45,27,693,256,14,34,0.28,11,0,0
45,28,280,252,15,33,0.26,11,0,0
45,29,689,164,80,46,0.25,11,0,0
46,1,236,288,110,63,0.86,4,0,0
46,2,382,394,83,81,0.85,4,0,0
46,3,420,227,51,77,0.84,4,0,0
46,4,13,213,100,44,0.81,4,0,0
46,5,219,119,58,53,0.79,4,0,0
46,6,814,183,93,45,0.75,4,0,0
46,7,1239,393,40,45,0.72,4,0,0
46,8,156,150,60,52,0.69,4,0,0
46,9,1252,465,27,59,0.45,4,0,0
46,10,482,0,28,19,0.34,4,0,0
46,11,502,188,42,69,0.30,4,0,0
46,12,236,288,110,63,0.86,11,0,0
46,13,382,394,83,81,0.85,11,0,0
46,14,420,227,51,77,0.84,11,0,0
46,15,13,213,100,44,0.81,11,0,0
46,16,219,119,58,53,0.79,11,0,0
46,17,814,183,93,45,0.75,11,0,0
46,18,1239,393,40,45,0.72,11,0,0
46,19,156,150,60,52,0.69,11,0,0
46,20,561,47,14,26,0.65,11,0,0
46,21,1252,465,27,59,0.45,11,0,0
46,22,591,47,12,24,0.44,11,0,0
46,23,482,0,28,19,0.34,11,0,0
46,24,653,48,11,23,0.33,11,0,0
46,25,502,188,42,69,0.30,11,0,0
47,1,374,387,84,81,0.90,4,0,0
47,2,220,287,107,61,0.86,4,0,0
47,3,420,231,52,78,0.83,4,0,0
47,4,13,214,99,44,0.82,4,0,0
47,5,1241,395,38,45,0.77,4,0,0
47,6,218,120,59,53,0.76,4,0,0
47,7,815,184,93,46,0.74,4,0,0
47,8,155,151,60,52,0.64,4,0,0
47,9,481,1,30,23,0.48,4,0,0
47,10,1254,468,25,58,0.35,4,0,0
47,11,1032,265,19,33,0.28,1,0,0
47,12,485,618,54,99,0.26,4,0,0
47,13,374,387,84,81,0.90,11,0,0
47,14,220,287,107,61,0.86,11,0,0
47,15,420,231,52,78,0.83,11,0,0
47,16,13,214,99,44,0.82,11,0,0
47,17,1241,395,38,45,0.77,11,0,0
47,18,218,120,59,53,0.76,11,0,0
47,19,815,184,93,46,0.74,11,0,0
47,20,562,48,14,26,0.66,11,0,0
47,21,155,151,60,52,0.64,11,0,0
47,22,481,1,30,23,0.48,11,0,0
47,23,591,47,13,24,0.37,11,0,0
47,24,1254,468,25,58,0.35,11,0,0
47,25,654,49,10,22,0.34,11,0,0
47,26,1032,265,19,33,0.28,11,0,0
47,27,485,618,54,99,0.26,11,0,0
48,1,363,382,86,79,0.90,4,0,0
48,2,201,286,109,61,0.87,4,0,0
48,3,420,237,50,78,0.83,4,0,0
48,4,11,216,101,44,0.81,4,0,0
48,5,1243,397,36,46,0.79,4,0,0
48,6,218,121,59,53,0.74,4,0,0
48,7,817,186,92,45,0.73,4,0,0
48,8,155,152,60,52,0.71,4,0,0
48,9,480,0,31,29,0.57,4,0,0
48,10,483,612,56,100,0.56,4,0,0
48,11,1013,267,15,35,0.38,1,0,0
48,12,1034,269,20,32,0.34,1,0,0
48,13,769,290,12,31,0.34,1,0,0
48,14,1256,471,23,56,0.33,4,0,0
48,15,784,285,14,36,0.31,1,0,0
48,16,277,266,15,29,0.30,1,0,0
48,17,692,249,14,36,0.27,1,0,0
48,18,757,421,16,34,0.26,1,0,0
48,19,363,382,86,79,0.90,11,0,0
48,20,201,286,109,61,0.87,11,0,0
48,21,420,237,50,78,0.83,11,0,0
48,22,11,216,101,44,0.81,11,0,0
48,23,1243,397,36,46,0.79,11,0,0
48,24,218,121,59,53,0.74,11,0,0
48,25,817,186,92,45,0.73,11,0,0
48,26,155,152,60,52,0.71,11,0,0
48,27,562,50,14,25,0.61,11,0,0
48,28,480,0,31,29,0.57,11,0,0
48,29,483,612,56,100,0.56,11,0,0
48,30,654,50,11,24,0.40,11,0,0
48,31,1013,267,15,35,0.38,11,0,0
48,32,1034,269,20,32,0.34,11,0,0
48,33,769,290,12,31,0.34,11,0,0
48,34,1256,471,23,56,0.33,11,0,0
48,35,784,285,14,36,0.31,11,0,0
48,36,277,266,15,29,0.30,11,0,0
48,37,692,249,14,36,0.27,11,0,0
48,38,757,421,16,34,0.26,11,0,0
48,39,592,48,13,25,0.26,11,0,0
49,1,359,380,86,77,0.87,4,0,0
49,2,192,286,110,59,0.86,4,0,0
49,3,419,240,51,79,0.84,4,0,0
49,4,818,187,91,45,0.81,4,0,0
49,5,11,216,101,45,0.81,4,0,0
49,6,1244,399,35,45,0.79,4,0,0
49,7,218,122,59,53,0.74,4,0,0
49,8,154,153,61,51,0.72,4,0,0
49,9,480,0,32,31,0.55,4,0,0
49,10,483,609,55,100,0.55,4,0,0
49,11,689,168,83,46,0.30,4,0,0
49,12,1258,478,21,49,0.30,4,0,0
49,13,692,248,14,37,0.26,1,0,0
49,14,359,380,86,77,0.87,11,0,0
49,15,192,286,110,59,0.86,11,0,0
49,16,419,240,51,79,0.84,11,0,0
49,17,818,187,91,45,0.81,11,0,0
49,18,11,216,101,45,0.81,11,0,0
49,19,1244,399,35,45,0.79,11,0,0
49,20,218,122,59,53,0.74,11,0,0
49,21,154,153,61,51,0.72,11,0,0
49,22,480,0,32,31,0.55,11,0,0
49,23,483,609,55,100,0.55,11,0,0
49,24,562,50,14,25,0.52,11,0,0
49,25,654,51,11,23,0.42,11,0,0
49,26,689,168,83,46,0.30,11,0,0
49,27,1258,478,21,49,0.30,11,0,0
49,28,692,248,14,37,0.26,11,0,0
50,1,349,377,89,76,0.88,4,0,0
50,2,173,284,114,58,0.84,4,0,0
50,3,418,245,52,79,0.83,4,0,0
50,4,818,188,92,46,0.81,4,0,0
50,5,11,218,101,45,0.79,4,0,0
50,6,1246,401,33,45,0.74,4,0,0
50,7,218,125,59,51,0.72,4,0,0
50,8,153,154,61,52,0.72,4,0,0
50,9,480,0,32,36,0.43,4,0,0
50,10,594,235,26,37,0.38,10,0,0
50,11,691,246,14,37,0.33,1,0,0
50,12,765,290,49,42,0.31,10,0,0
50,13,1260,483,19,44,0.29,4,0,0
50,14,481,605,56,100,0.27,4,0,0
50,15,690,170,83,45,0.26,4,0,0
50,16,349,377,89,76,0.88,11,0,0
50,17,173,284,114,58,0.84,11,0,0
50,18,418,245,52,79,0.83,11,0,0
50,19,818,188,92,46,0.81,11,0,0
50,20,11,218,101,45,0.79,11,0,0
50,21,1246,401,33,45,0.74,11,0,0
50,22,218,125,59,51,0.72,11,0,0
50,23,153,154,61,52,0.72,11,0,0
50,24,563,52,13,24,0.55,11,0,0
50,25,655,53,11,22,0.47,11,0,0
50,26,480,0,32,36,0.43,11,0,0
50,27,594,235,26,37,0.38,11,0,0
50,28,566,80,24,38,0.36,11,0,0
50,29,691,246,14,37,0.33,11,0,0
50,30,765,290,49,42,0.31,11,0,0
50,31,1260,483,19,44,0.29,11,0,0
50,32,481,605,56,100,0.27,11,0,0
50,33,690,170,83,45,0.26,11,0,0
51,1,337,372,92,74,0.89,4,0,0
51,2,153,285,110,57,0.84,4,0,0
51,3,418,251,51,80,0.82,4,0,0
51,4,9,219,102,46,0.80,4,0,0
51,5,819,190,92,46,0.79,4,0,0
51,6,1248,405,31,44,0.77,4,0,0
51,7,154,155,60,54,0.76,4,0,0
51,8,218,125,59,54,0.74,4,0,0
51,9,479,0,33,42,0.61,4,0,0
51,10,690,244,15,37,0.47,1,0,0
51,11,1263,491,16,37,0.33,4,0,0
51,12,274,277,16,32,0.32,1,0,0
51,13,709,253,11,29,0.28,1,0,0
51,14,1020,280,17,27,0.28,1,0,0
51,15,337,372,92,74,0.89,11,0,0
51,16,153,285,110,57,0.84,11,0,0
51,17,418,251,51,80,0.82,11,0,0
51,18,9,219,102,46,0.80,11,0,0
51,19,819,190,92,46,0.79,11,0,0
51,20,1248,405,31,44,0.77,11,0,0
51,21,154,155,60,54,0.76,11,0,0
51,22,218,125,59,54,0.74,11,0,0
51,23,479,0,33,42,0.61,11,0,0
51,24,690,244,15,37,0.47,11,0,0
51,25,1263,491,16,37,0.33,11,0,0
51,26,593,53,13,24,0.32,11,0,0
51,27,274,277,16,32,0.32,11,0,0
51,28,655,54,12,23,0.29,11,0,0
51,29,562,53,27,50,0.29,11,0,0
51,30,709,253,11,29,0.28,11,0,0
51,31,1020,280,17,27,0.28,11,0,0
52,1,325,369,92,71,0.88,4,0,0
52,2,132,285,114,55,0.86,4,0,0
52,3,417,256,52,81,0.82,4,0,0
52,4,820,191,92,47,0.82,4,0,0
52,5,9,221,101,47,0.81,4,0,0
52,6,218,128,58,52,0.77,4,0,0
52,7,154,157,59,54,0.75,4,0,0
52,8,1250,407,29,46,0.72,4,0,0
52,9,478,0,34,48,0.63,4,0,0
52,10,1024,285,17,32,0.36,1,0,0
52,11,1265,493,14,37,0.36,4,0,0
52,12,607,253,26,33,0.32,3,0,0
52,13,763,252,95,43,0.31,4,0,0
52,14,855,377,14,35,0.25,1,0,0
52,15,325,369,92,71,0.88,11,0,0
52,16,132,285,114,55,0.86,11,0,0
52,17,417,256,52,81,0.82,11,0,0
52,18,820,191,92,47,0.82,11,0,0
52,19,9,221,101,47,0.81,11,0,0
52,20,218,128,58,52,0.77,11,0,0
52,21,154,157,59,54,0.75,11,0,0
52,22,1250,407,29,46,0.72,11,0,0
52,23,478,0,34,48,0.63,11,0,0
52,24,563,55,19,39,0.52,11,0,0
52,25,1024,285,17,32,0.36,11,0,0
52,26,1265,493,14,37,0.36,11,0,0
52,27,607,253,26,33,0.32,11,0,0
52,28,763,252,95,43,0.31,11,0,0
52,29,656,56,12,23,0.30,11,0,0
52,30,855,377,14,35,0.25,11,0,0
53,1,313,366,94,69,0.88,4,0,0
53,2,111,285,114,56,0.87,4,0,0
53,3,7,225,103,45,0.81,4,0,0
53,4,821,194,93,47,0.81,4,0,0
53,5,217,130,59,52,0.79,4,0,0
53,6,416,262,53,82,0.77,4,0,0
53,7,477,4,35,49,0.73,4,0,0
53,8,153,160,60,53,0.72,4,0,0
53,9,1253,411,26,45,0.67,4,0,0
53,10,758,256,96,44,0.50,4,0,0
53,11,691,176,84,51,0.46,4,0,0
53,12,273,284,16,33,0.28,1,0,0
53,13,313,366,94,69,0.88,11,0,0
53,14,111,285,114,56,0.87,11,0,0
53,15,7,225,103,45,0.81,11,0,0
53,16,821,194,93,47,0.81,11,0,0
53,17,217,130,59,52,0.79,11,0,0
53,18,416,262,53,82,0.77,11,0,0
53,19,477,4,35,49,0.73,11,0,0
53,20,153,160,60,53,0.72,11,0,0
53,21,1253,411,26,45,0.67,11,0,0
53,22,758,256,96,44,0.50,11,0,0
53,23,691,176,84,51,0.46,11,0,0
53,24,564,57,16,33,0.44,11,0,0
53,25,273,284,16,33,0.28,11,0,0
53,26,656,57,12,25,0.25,11,0,0
54,1,300,365,96,67,0.88,4,0,0
54,2,89,287,116,55,0.85,4,0,0
54,3,415,269,53,82,0.83,4,0,0
54,4,215,132,60,53,0.82,4,0,0
54,5,5,227,103,46,0.80,4,0,0
54,6,821,197,93,46,0.79,4,0,0
54,7,476,7,36,52,0.78,4,0,0
54,8,152,162,60,53,0.76,4,0,0
54,9,1255,415,24,44,0.63,4,0,0
54,10,707,245,11,33,0.38,1,0,0
54,11,686,242,15,37,0.34,1,0,0
54,12,693,178,82,49,0.32,4,0,0
54,13,620,263,26,37,0.32,10,0,0
54,14,467,588,68,98,0.31,4,0,0
54,15,300,365,96,67,0.88,11,0,0
54,16,89,287,116,55,0.85,11,0,0
54,17,415,269,53,82,0.83,11,0,0
54,18,215,132,60,53,0.82,11,0,0
54,19,5,227,103,46,0.80,11,0,0
54,20,821,197,93,46,0.79,11,0,0
54,21,476,7,36,52,0.78,11,0,0
54,22,152,162,60,53,0.76,11,0,0
54,23,1255,415,24,44,0.63,11,0,0
54,24,564,57,15,31,0.59,11,0,0
54,25,707,245,11,33,0.38,11,0,0
54,26,686,242,15,37,0.34,11,0,0
54,27,693,178,82,49,0.32,11,0,0
54,28,656,60,12,24,0.32,11,0,0
54,29,620,263,26,37,0.32,11,0,0
54,30,467,588,68,98,0.31,11,0,0
55,1,285,361,100,68,0.87,4,0,0
55,2,67,288,115,54,0.85,4,0,0
55,3,215,134,60,52,0.82,4,0,0
55,4,4,230,102,45,0.82,4,0,0
55,5,823,200,93,45,0.82,4,0,0
55,6,414,275,54,84,0.81,4,0,0
55,7,475,12,36,53,0.79,4,0,0
55,8,149,165,63,53,0.72,4,0,0
55,9,1257,419,22,44,0.61,4,0,0
55,10,466,583,67,99,0.36,4,0,0
55,11,685,242,14,34,0.26,1,0,0
55,12,285,361,100,68,0.87,11,0,0
55,13,67,288,115,54,0.85,11,0,0
55,14,215,134,60,52,0.82,11,0,0
55,15,4,230,102,45,0.82,11,0,0
55,16,823,200,93,45,0.82,11,0,0
55,17,414,275,54,84,0.81,11,0,0
55,18,475,12,36,53,0.79,11,0,0
55,19,149,165,63,53,0.72,11,0,0
55,20,1257,419,22,44,0.61,11,0,0
55,21,564,57,15,31,0.56,11,0,0
55,22,657,62,11,24,0.50,11,0,0
55,23,594,61,12,25,0.40,11,0,0
55,24,466,583,67,99,0.36,11,0,0
55,25,685,242,14,34,0.26,11,0,0
56,1,269,359,100,64,0.88,4,0,0
56,2,45,289,116,57,0.86,4,0,0
56,3,413,282,54,84,0.83,4,0,0
56,4,824,202,92,46,0.83,4,0,0
56,5,2,233,103,44,0.81,4,0,0
56,6,213,136,62,53,0.80,4,0,0
56,7,474,17,37,55,0.79,4,0,0
56,8,149,167,62,53,0.78,4,0,0
56,9,1260,424,19,41,0.56,4,0,0
56,10,719,262,121,46,0.42,4,0,0
56,11,461,580,69,96,0.34,4,0,0
56,12,693,183,84,48,0.31,4,0,0
56,13,269,359,100,64,0.88,11,0,0
56,14,45,289,116,57,0.86,11,0,0
56,15,413,282,54,84,0.83,11,0,0
56,16,824,202,92,46,0.83,11,0,0
56,17,2,233,103,44,0.81,11,0,0
56,18,213,136,62,53,0.80,11,0,0
56,19,474,17,37,55,0.79,11,0,0
56,20,149,167,62,53,0.78,11,0,0
56,21,564,63,14,26,0.62,11,0,0
56,22,657,64,13,23,0.56,11,0,0
56,23,1260,424,19,41,0.56,11,0,0
56,24,594,63,12,24,0.52,11,0,0
56,25,719,262,121,46,0.42,11,0,0
56,26,461,580,69,96,0.34,11,0,0
56,27,693,183,84,48,0.31,11,0,0
57,1,262,360,101,62,0.89,4,0,0
57,2,33,289,117,58,0.87,4,0,0
57,3,412,286,55,83,0.83,4,0,0
57,4,823,203,94,47,0.83,4,0,0
57,5,473,21,37,54,0.82,4,0,0
57,6,1,234,104,45,0.81,4,0,0
57,7,148,168,62,53,0.79,4,0,0
57,8,212,137,61,53,0.73,4,0,0
57,9,1261,426,18,41,0.58,4,0,0
57,10,732,264,106,44,0.51,4,0,0
57,11,460,579,68,95,0.26,4,0,0
57,12,797,103,13,30,0.26,1,0,0
57,13,262,360,101,62,0.89,11,0,0
57,14,33,289,117,58,0.87,11,0,0
57,15,412,286,55,83,0.83,11,0,0
57,16,823,203,94,47,0.83,11,0,0
57,17,473,21,37,54,0.82,11,0,0
57,18,1,234,104,45,0.81,11,0,0
57,19,148,168,62,53,0.79,11,0,0
57,20,212,137,61,53,0.73,11,0,0
57,21,1261,426,18,41,0.58,11,0,0
57,22,564,62,15,29,0.57,11,0,0
57,23,732,264,106,44,0.51,11,0,0
57,24,658,65,12,23,0.50,11,0,0
57,25,594,64,12,24,0.48,11,0,0
57,26,460,579,68,95,0.26,11,0,0
57,27,797,103,13,30,0.26,11,0,0
58,1,246,357,104,61,0.89,4,0,0
58,2,9,292,117,55,0.86,4,0,0
58,3,411,292,55,86,0.85,4,0,0
58,4,472,27,38,54,0.84,4,0,0
58,5,825,206,93,46,0.82,4,0,0
58,6,1,236,103,47,0.81,4,0,0
58,7,149,170,60,54,0.79,4,0,0
58,8,212,138,61,56,0.76,4,0,0
58,9,1263,430,16,40,0.50,4,0,0
58,10,511,140,47,64,0.42,4,0,0
58,11,269,311,16,30,0.35,1,0,0
58,12,703,268,130,44,0.34,4,0,0
58,13,246,357,104,61,0.89,11,0,0
58,14,9,292,117,55,0.86,11,0,0
58,15,411,292,55,86,0.85,11,0,0
58,16,472,27,38,54,0.84,11,0,0
58,17,825,206,93,46,0.82,11,0,0
58,18,1,236,103,47,0.81,11,0,0
58,19,149,170,60,54,0.79,11,0,0
58,20,212,138,61,56,0.76,11,0,0
58,21,564,67,14,26,0.55,11,0,0
58,22,1263,430,16,40,0.50,11,0,0
58,23,658,68,12,24,0.42,11,0,0
58,24,511,140,47,64,0.42,11,0,0
58,25,594,67,12,23,0.39,11,0,0
58,26,269,311,16,30,0.35,11,0,0
58,27,703,268,130,44,0.34,11,0,0
59,1,231,357,104,60,0.89,4,0,0
59,2,0,297,104,51,0.88,4,0,0
59,3,410,300,55,84,0.86,4,0,0
59,4,0,239,102,47,0.82,4,0,0
59,5,472,34,37,54,0.79,4,0,0
59,6,211,141,61,55,0.79,4,0,0
59,7,825,208,94,48,0.79,4,0,0
59,8,146,172,62,55,0.72,4,0,0
59,9,732,270,96,45,0.59,4,0,0
59,10,446,576,73,88,0.56,4,0,0
59,11,269,315,16,32,0.44,1,0,0
59,12,1265,435,14,38,0.40,4,0,0
59,13,803,114,13,27,0.29,1,0,0
59,14,1081,328,21,25,0.27,1,0,0
59,15,427,209,47,70,0.26,4,0,0
59,16,993,310,18,31,0.26,1,0,0
59,17,231,357,104,60,0.89,11,0,0
59,18,0,297,104,51,0.88,11,0,0
59,19,410,300,55,84,0.86,11,0,0
59,20,0,239,102,47,0.82,11,0,0
59,21,472,34,37,54,0.79,11,0,0
59,22,211,141,61,55,0.79,11,0,0
59,23,825,208,94,48,0.79,11,0,0
59,24,146,172,62,55,0.72,11,0,0
59,25,732,270,96,45,0.59,11,0,0
59,26,564,69,13,26,0.59,11,0,0
59,27,446,576,73,88,0.56,11,0,0
59,28,595,70,11,22,0.47,11,0,0
59,29,269,315,16,32,0.44,11,0,0
59,30,1265,435,14,38,0.40,11,0,0
59,31,658,70,12,22,0.38,11,0,0
59,32,803,114,13,27,0.29,11,0,0
59,33,1081,328,21,25,0.27,11,0,0
59,34,427,209,47,70,0.26,11,0,0
59,35,993,310,18,31,0.26,11,0,0
60,1,215,356,106,60,0.88,4,0,0
60,2,408,307,56,87,0.86,4,0,0
60,3,0,300,81,53,0.86,4,0,0
60,4,0,243,101,47,0.79,4,0,0
60,5,209,143,63,56,0.77,4,0,0
60,6,469,39,38,56,0.77,4,0,0
60,7,827,212,93,47,0.77,4,0,0
60,8,144,176,63,54,0.75,4,0,0
60,9,440,575,73,88,0.63,4,0,0
60,10,1267,441,12,37,0.44,4,0,0
60,11,267,322,16,29,0.44,1,0,0
60,12,1056,330,15,26,0.40,1,0,0
60,13,1082,333,25,37,0.38,1,0,0
60,14,995,315,17,30,0.33,1,0,0
60,15,730,273,94,46,0.33,4,0,0
60,16,679,239,11,34,0.32,1,0,0
60,17,805,117,15,27,0.30,1,0,0
60,18,785,131,13,28,0.29,1,0,0
60,19,215,356,106,60,0.88,11,0,0
60,20,408,307,56,87,0.86,11,0,0
60,21,0,300,81,53,0.86,11,0,0
60,22,0,243,101,47,0.79,11,0,0
60,23,209,143,63,56,0.77,11,0,0
60,24,469,39,38,56,0.77,11,0,0
60,25,827,212,93,47,0.77,11,0,0
60,26,144,176,63,54,0.75,11,0,0
60,27,440,575,73,88,0.63,11,0,0
60,28,564,72,13,27,0.55,11,0,0
60,29,594,73,11,22,0.45,11,0,0
60,30,658,73,12,22,0.45,11,0,0
60,31,1267,441,12,37,0.44,11,0,0
60,32,267,322,16,29,0.44,11,0,0
60,33,1056,330,15,26,0.40,11,0,0
60,34,1082,333,25,37,0.38,11,0,0
60,35,995,315,17,30,0.33,11,0,0
60,36,730,273,94,46,0.33,11,0,0
60,37,679,239,11,34,0.32,11,0,0
60,38,805,117,15,27,0.30,11,0,0
60,39,785,131,13,28,0.29,11,0,0
60,40,437,30,10,21,0.28,11,0,0
61,1,200,355,107,61,0.88,4,0,0
61,2,407,315,56,88,0.85,4,0,0
61,3,0,302,57,53,0.85,4,0,0
61,4,827,215,94,47,0.82,4,0,0
61,5,468,47,39,55,0.80,4,0,0
61,6,0,247,98,46,0.80,4,0,0
61,7,145,179,61,55,0.76,4,0,0
61,8,209,146,61,56,0.73,4,0,0
61,9,432,575,77,88,0.48,4,0,0
61,10,266,329,15,29,0.43,1,0,0
61,11,1088,340,23,32,0.39,1,0,0
61,12,1059,337,15,24,0.26,1,0,0
61,13,200,355,107,61,0.88,11,0,0
61,14,407,315,56,88,0.85,11,0,0
61,15,0,302,57,53,0.85,11,0,0
61,16,827,215,94,47,0.82,11,0,0
61,17,468,47,39,55,0.80,11,0,0
61,18,0,247,98,46,0.80,11,0,0
61,19,145,179,61,55,0.76,11,0,0
61,20,209,146,61,56,0.73,11,0,0
61,21,564,75,13,26,0.58,11,0,0
61,22,432,575,77,88,0.48,11,0,0
61,23,594,75,12,23,0.43,11,0,0
61,24,266,329,15,29,0.43,11,0,0
61,25,658,76,12,24,0.41,11,0,0
61,26,1088,340,23,32,0.39,11,0,0
61,27,1059,337,15,24,0.26,11,0,0
62,1,183,354,108,59,0.86,4,0,0
62,2,405,322,57,90,0.85,4,0,0
62,3,827,218,95,48,0.82,4,0,0
62,4,206,147,63,58,0.78,4,0,0
62,5,467,53,38,57,0.77,4,0,0
62,6,144,183,60,53,0.75,4,0,0
62,7,4,251,93,47,0.69,4,0,0
62,8,669,278,146,51,0.63,4,0,0
62,9,517,128,46,65,0.60,4,0,0
62,10,0,309,34,46,0.57,4,0,0
62,11,354,574,153,92,0.47,4,0,0
62,12,0,429,24,43,0.40,4,0,0
62,13,693,198,88,49,0.35,4,0,0
62,14,431,0,35,24,0.33,4,0,0
62,15,678,241,13,36,0.33,1,0,0
62,16,183,354,108,59,0.86,11,0,0
62,17,405,322,57,90,0.85,11,0,0
62,18,827,218,95,48,0.82,11,0,0
62,19,206,147,63,58,0.78,11,0,0
62,20,467,53,38,57,0.77,11,0,0
62,21,144,183,60,53,0.75,11,0,0
62,22,4,251,93,47,0.69,11,0,0
62,23,564,78,14,27,0.67,11,0,0
62,24,669,278,146,51,0.63,11,0,0
62,25,659,79,10,22,0.61,11,0,0
62,26,517,128,46,65,0.60,11,0,0
62,27,0,309,34,46,0.57,11,0,0
62,28,594,78,11,23,0.57,11,0,0
62,29,354,574,153,92,0.47,11,0,0
62,30,0,429,24,43,0.40,11,0,0
62,31,693,198,88,49,0.35,11,0,0
62,32,431,0,35,24,0.33,11,0,0
62,33,678,241,13,36,0.33,11,0,0
63,1,404,330,58,89,0.87,4,0,0
63,2,167,352,110,62,0.86,4,0,0
63,3,827,222,96,47,0.81,4,0,0
63,4,466,62,39,55,0.80,4,0,0
63,5,0,254,97,47,0.75,4,0,0
63,6,141,185,62,55,0.72,4,0,0
63,7,205,151,64,57,0.59,4,0,0
63,8,714,282,96,50,0.52,4,0,0
63,9,519,125,46,65,0.51,4,0,0
63,10,0,435,22,41,0.46,4,0,0
63,11,1071,352,14,24,0.32,1,0,0
63,12,349,576,154,92,0.30,4,0,0
63,13,1010,352,18,30,0.25,1,0,0
63,14,404,330,58,89,0.87,11,0,0
63,15,167,352,110,62,0.86,11,0,0
63,16,827,222,96,47,0.81,11,0,0
63,17,466,62,39,55,0.80,11,0,0
63,18,0,254,97,47,0.75,11,0,0
63,19,141,185,62,55,0.72,11,0,0
63,20,564,81,13,27,0.60,11,0,0
63,21,205,151,64,57,0.59,11,0,0
63,22,714,282,96,50,0.52,11,0,0
63,23,519,125,46,65,0.51,11,0,0
63,24,594,81,12,24,0.50,11,0,0
63,25,0,435,22,41,0.46,11,0,0
63,26,659,82,12,23,0.35,11,0,0
63,27,1071,352,14,24,0.32,11,0,0
63,28,349,576,154,92,0.30,11,0,0
63,29,1010,352,18,30,0.25,11,0,0
64,1,152,355,109,59,0.87,4,0,0
64,2,402,337,59,92,0.86,4,0,0
64,3,828,224,96,49,0.86,4,0,0
64,4,0,257,96,48,0.80,4,0,0
64,5,464,69,39,58,0.76,4,0,0
64,6,206,153,62,58,0.68,4,0,0
64,7,140,189,62,55,0.67,4,0,0
64,8,700,284,104,53,0.66,4,0,0
64,9,260,351,18,33,0.62,1,0,0
64,10,520,123,47,63,0.59,4,0,0
64,11,0,443,19,39,0.51,4,0,0
64,12,348,581,152,91,0.50,4,0,0
64,13,1012,356,17,30,0.41,1,0,0
64,14,1103,361,21,33,0.36,1,0,0
64,15,1001,333,18,32,0.28,1,0,0
64,16,415,580,85,91,0.25,4,0,0
64,17,152,355,109,59,0.87,11,0,0
64,18,402,337,59,92,0.86,11,0,0
64,19,828,224,96,49,0.86,11,0,0
64,20,0,257,96,48,0.80,11,0,0
64,21,464,69,39,58,0.76,11,0,0
64,22,206,153,62,58,0.68,11,0,0
64,23,140,189,62,55,0.67,11,0,0
64,24,700,284,104,53,0.66,11,0,0
64,25,260,351,18,33,0.62,11,0,0
64,26,520,123,47,63,0.59,11,0,0
64,27,0,443,19,39,0.51,11,0,0
64,28,564,84,14,26,0.50,11,0,0
64,29,348,581,152,91,0.50,11,0,0
64,30,1012,356,17,30,0.41,11,0,0
64,31,594,84,12,23,0.36,11,0,0
64,32,1103,361,21,33,0.36,11,0,0
64,33,659,85,12,22,0.29,11,0,0
64,34,1001,333,18,32,0.28,11,0,0
64,35,415,580,85,91,0.25,11,0,0
65,1,145,356,110,57,0.88,4,0,0
65,2,402,341,59,91,0.87,4,0,0
65,3,828,226,96,49,0.86,4,0,0
65,4,0,259,95,48,0.77,4,0,0
65,5,703,286,99,55,0.75,4,0,0
65,6,205,155,63,58,0.73,4,0,0
65,7,520,122,48,63,0.67,4,0,0
65,8,140,190,62,55,0.65,4,0,0
65,9,463,73,40,57,0.65,4,0,0
65,10,260,354,18,32,0.51,1,0,0
65,11,427,0,37,42,0.49,4,0,0
65,12,0,447,17,38,0.45,4,0,0
65,13,349,582,150,92,0.45,4,0,0
65,14,699,318,23,41,0.39,1,0,0
65,15,1076,363,16,27,0.36,1,0,0
65,16,415,582,84,91,0.36,4,0,0
65,17,1105,365,22,30,0.35,1,0,0
65,18,691,207,91,47,0.35,4,0,0
65,19,145,356,110,57,0.88,11,0,0
65,20,402,341,59,91,0.87,11,0,0
65,21,828,226,96,49,0.86,11,0,0
65,22,0,259,95,48,0.77,11,0,0
65,23,703,286,99,55,0.75,11,0,0
65,24,205,155,63,58,0.73,11,0,0
65,25,520,122,48,63,0.67,11,0,0
65,26,140,190,62,55,0.65,11,0,0
65,27,463,73,40,57,0.65,11,0,0
65,28,564,85,14,26,0.58,11,0,0
65,29,260,354,18,32,0.51,11,0,0
65,30,427,0,37,42,0.49,11,0,0
65,31,0,447,17,38,0.45,11,0,0
65,32,349,582,150,92,0.45,11,0,0
65,33,699,318,23,41,0.39,11,0,0
65,34,594,86,12,22,0.38,11,0,0
65,35,1076,363,16,27,0.36,11,0,0
65,36,415,582,84,91,0.36,11,0,0
65,37,1105,365,22,30,0.35,11,0,0
65,38,691,207,91,47,0.35,11,0,0
65,39,659,86,12,23,0.26,11,0,0
66,1,401,348,59,92,0.86,4,0,0
66,2,128,355,112,57,0.86,4,0,0
66,3,828,231,97,47,0.84,4,0,0
66,4,699,289,102,57,0.79,4,0,0
66,5,3,265,90,46,0.76,4,0,0
66,6,202,158,65,58,0.75,4,0,0
66,7,463,82,39,56,0.75,4,0,0
66,8,522,120,49,63,0.73,4,0,0
66,9,424,0,37,50,0.59,4,0,0
66,10,139,194,61,55,0.55,4,0,0
66,11,410,588,85,91,0.51,4,0,0
66,12,0,455,15,35,0.31,4,0,0
66,13,401,348,59,92,0.86,11,0,0
66,14,128,355,112,57,0.86,11,0,0
66,15,828,231,97,47,0.84,11,0,0
66,16,699,289,102,57,0.79,11,0,0
66,17,3,265,90,46,0.76,11,0,0
66,18,202,158,65,58,0.75,11,0,0
66,19,463,82,39,56,0.75,11,0,0
66,20,522,120,49,63,0.73,11,0,0
66,21,424,0,37,50,0.59,11,0,0
66,22,139,194,61,55,0.55,11,0,0
66,23,410,588,85,91,0.51,11,0,0
66,24,564,89,13,26,0.47,11,0,0
66,25,594,89,11,23,0.38,11,0,0
66,26,659,89,12,25,0.32,11,0,0
66,27,0,455,15,35,0.31,11,0,0
66,28,1025,395,18,28,0.25,11,0,0
67,1,112,357,107,56,0.87,4,0,0
67,2,400,355,59,94,0.86,4,0,0
67,3,829,234,98,48,0.84,4,0,0
67,4,203,163,63,56,0.81,4,0,0
67,5,1,267,90,49,0.78,4,0,0
67,6,523,119,52,60,0.77,4,0,0
67,7,423,2,37,56,0.72,4,0,0
67,8,137,198,62,54,0.62,4,0,0
67,9,351,591,143,92,0.60,4,0,0
67,10,693,292,111,56,0.55,4,0,0
67,11,462,89,39,60,0.46,4,0,0
67,12,258,368,16,33,0.44,1,0,0
67,13,727,340,30,48,0.30,1,0,0
67,14,697,213,86,47,0.30,4,0,0
67,15,112,357,107,56,0.87,11,0,0
67,16,400,355,59,94,0.86,11,0,0
67,17,829,234,98,48,0.84,11,0,0
67,18,203,163,63,56,0.81,11,0,0
67,19,1,267,90,49,0.78,11,0,0
67,20,523,119,52,60,0.77,11,0,0
67,21,423,2,37,56,0.72,11,0,0
67,22,137,198,62,54,0.62,11,0,0
67,23,351,591,143,92,0.60,11,0,0
67,24,693,292,111,56,0.55,11,0,0
67,25,564,92,13,27,0.49,11,0,0
67,26,462,89,39,60,0.46,11,0,0
67,27,258,368,16,33,0.44,11,0,0
67,28,727,340,30,48,0.30,11,0,0
67,29,697,213,86,47,0.30,11,0,0
67,30,659,93,12,23,0.27,11,0,0
67,31,595,92,11,23,0.27,11,0,0
68,1,94,357,111,57,0.88,4,0,0
68,2,398,362,59,93,0.87,4,0,0
68,3,0,270,90,48,0.82,4,0,0
68,4,199,165,66,57,0.81,4,0,0
68,5,134,199,64,57,0.81,4,0,0
68,6,830,237,97,49,0.80,4,0,0
68,7,525,117,51,60,0.75,4,0,0
68,8,348,596,145,95,0.66,4,0,0
68,9,461,99,39,59,0.63,4,0,0
68,10,419,10,40,56,0.59,4,0,0
68,11,255,374,17,32,0.38,1,0,0
68,12,1007,353,18,30,0.37,1,0,0
68,13,688,294,95,47,0.36,4,0,0
68,14,689,257,11,30,0.29,1,0,0
68,15,740,374,37,27,0.25,10,0,0
68,16,94,357,111,57,0.88,11,0,0
68,17,398,362,59,93,0.87,11,0,0
68,18,0,270,90,48,0.82,11,0,0
68,19,199,165,66,57,0.81,11,0,0
68,20,134,199,64,57,0.81,11,0,0
68,21,830,237,97,49,0.80,11,0,0
68,22,525,117,51,60,0.75,11,0,0
68,23,348,596,145,95,0.66,11,0,0
68,24,461,99,39,59,0.63,11,0,0
68,25,564,95,13,26,0.61,11,0,0
68,26,419,10,40,56,0.59,11,0,0
68,27,660,96,11,23,0.41,11,0,0
68,28,255,374,17,32,0.38,11,0,0
68,29,1007,353,18,30,0.37,11,0,0
68,30,688,294,95,47,0.36,11,0,0
68,31,595,94,11,22,0.32,11,0,0
68,32,689,257,11,30,0.29,11,0,0
68,33,740,374,37,27,0.25,11,0,0
69,1,397,368,59,95,0.87,4,0,0
69,2,75,358,114,58,0.87,4,0,0
69,3,831,240,99,49,0.82,4,0,0
69,4,0,274,88,49,0.80,4,0,0
69,5,134,202,63,57,0.70,4,0,0
69,6,195,167,69,59,0.64,4,0,0
69,7,681,296,96,49,0.62,4,0,0
69,8,526,116,50,59,0.62,4,0,0
69,9,418,16,38,58,0.56,4,0,0
69,10,403,600,89,95,0.41,4,0,0
69,11,460,106,37,56,0.28,4,0,0
69,12,397,368,59,95,0.87,11,0,0
69,13,75,358,114,58,0.87,11,0,0
69,14,831,240,99,49,0.82,11,0,0
69,15,0,274,88,49,0.80,11,0,0
69,16,134,202,63,57,0.70,11,0,0
69,17,195,167,69,59,0.64,11,0,0
69,18,681,296,96,49,0.62,11,0,0
69,19,526,116,50,59,0.62,11,0,0
69,20,418,16,38,58,0.56,11,0,0
69,21,564,97,13,28,0.55,11,0,0
69,22,403,600,89,95,0.41,11,0,0
69,23,660,98,11,23,0.39,11,0,0
69,24,594,96,13,23,0.34,11,0,0
69,25,460,106,37,56,0.28,11,0,0
69,26,1031,409,19,32,0.28,11,0,0
70,1,59,358,113,57,0.88,4,0,0
70,2,395,370,60,96,0.84,4,0,0
70,3,832,240,98,49,0.82,4,0,0
70,4,0,277,85,47,0.77,4,0,0
70,5,198,168,65,58,0.65,4,0,0
70,6,415,18,39,60,0.63,4,0,0
70,7,130,202,66,58,0.60,4,0,0
70,8,402,601,90,94,0.51,4,0,0
70,9,674,295,97,47,0.46,4,0,0
70,10,1012,358,14,30,0.27,1,0,0
70,11,59,358,113,57,0.88,11,0,0
70,12,395,370,60,96,0.84,11,0,0
70,13,832,240,98,49,0.82,11,0,0
70,14,0,277,85,47,0.77,11,0,0
70,15,198,168,65,58,0.65,11,0,0
70,16,415,18,39,60,0.63,11,0,0
70,17,130,202,66,58,0.60,11,0,0
70,18,402,601,90,94,0.51,11,0,0
70,19,674,295,97,47,0.46,11,0,0
70,20,563,98,14,25,0.32,11,0,0
70,21,661,99,11,22,0.29,11,0,0
70,22,1012,358,14,30,0.27,11,0,0
70,23,595,96,12,23,0.26,11,0,0
71,1,396,332,59,95,0.86,4,0,0
71,2,834,200,99,49,0.81,4,0,0
71,3,40,315,112,48,0.81,4,0,0
71,4,0,234,82,48,0.80,4,0,0
71,5,127,163,65,55,0.75,4,0,0
71,6,193,126,67,58,0.74,4,0,0
71,7,670,255,99,48,0.62,4,0,0
71,8,453,74,41,67,0.47,4,0,0
71,9,530,62,49,63,0.45,4,0,0
71,10,798,275,17,29,0.43,1,0,0
71,11,530,61,49,64,0.33,6,0,0
71,12,411,1,38,44,0.28,4,0,0
71,13,1022,341,19,34,0.26,1,0,0
71,14,396,332,59,95,0.86,11,0,0
71,15,834,200,99,49,0.81,11,0,0
71,16,40,315,112,48,0.81,11,0,0
71,17,0,234,82,48,0.80,11,0,0
71,18,127,163,65,55,0.75,11,0,0
71,19,193,126,67,58,0.74,11,0,0
71,20,670,255,99,48,0.62,11,0,0
71,21,453,74,41,67,0.47,11,0,0
71,22,530,62,49,63,0.45,11,0,0
71,23,798,275,17,29,0.43,11,0,0
71,24,530,61,49,64,0.33,11,0,0
71,25,661,55,13,22,0.31,11,0,0
71,26,411,1,38,44,0.28,11,0,0
71,27,1022,341,19,34,0.26,11,0,0
72,1,396,331,59,96,0.85,4,0,0
72,2,21,307,114,50,0.85,4,0,0
72,3,0,227,81,48,0.80,4,0,0
72,4,837,192,97,50,0.77,4,0,0
72,5,668,247,97,50,0.76,4,0,0
72,6,191,117,67,60,0.65,4,0,0
72,7,126,154,65,57,0.62,4,0,0
72,8,533,46,47,62,0.57,4,0,0
72,9,799,268,16,32,0.38,1,0,0
72,10,794,315,34,43,0.30,1,0,0
72,11,451,70,40,66,0.29,4,0,0
72,12,396,331,59,96,0.85,11,0,0
72,13,21,307,114,50,0.85,11,0,0
72,14,0,227,81,48,0.80,11,0,0
72,15,837,192,97,50,0.77,11,0,0
72,16,668,247,97,50,0.76,11,0,0
72,17,191,117,67,60,0.65,11,0,0
72,18,126,154,65,57,0.62,11,0,0
72,19,595,44,12,27,0.58,11,0,0
72,20,533,46,47,62,0.57,11,0,0
72,21,799,268,16,32,0.38,11,0,0
72,22,662,44,12,26,0.32,11,0,0
72,23,794,315,34,43,0.30,11,0,0
72,24,451,70,40,66,0.29,11,0,0
73,1,5,309,114,49,0.84,4,0,0
73,2,394,334,60,97,0.83,4,0,0
73,3,838,193,98,50,0.81,4,0,0
73,4,0,229,80,48,0.79,4,0,0
73,5,663,249,99,49,0.76,4,0,0
73,6,192,119,66,60,0.72,4,0,0
73,7,125,156,65,56,0.63,4,0,0
73,8,534,46,47,61,0.53,4,0,0
73,9,800,268,16,33,0.49,1,0,0
73,10,860,108,16,28,0.27,1,0,0
73,11,5,309,114,49,0.84,11,0,0
73,12,394,334,60,97,0.83,11,0,0
73,13,838,193,98,50,0.81,11,0,0
73,14,0,229,80,48,0.79,11,0,0
73,15,663,249,99,49,0.76,11,0,0
73,16,192,119,66,60,0.72,11,0,0
73,17,595,46,12,26,0.68,11,0,0
73,18,125,156,65,56,0.63,11,0,0
73,19,534,46,47,61,0.53,11,0,0
73,20,800,268,16,33,0.49,11,0,0
73,21,662,46,13,23,0.30,11,0,0
73,22,860,108,16,28,0.27,11,0,0
74,1,0,309,104,51,0.86,4,0,0
74,2,838,198,99,49,0.83,4,0,0
74,3,394,341,59,96,0.83,4,0,0
74,4,0,233,79,49,0.82,4,0,0
74,5,659,251,98,50,0.79,4,0,0
74,6,122,159,67,58,0.75,4,0,0
74,7,190,121,67,60,0.70,4,0,0
74,8,403,0,43,50,0.61,4,0,0
74,9,536,46,46,59,0.54,4,0,0
74,10,343,77,146,79,0.51,9,0,0
74,11,830,326,21,37,0.32,1,0,0
74,12,865,113,16,30,0.31,1,0,0
74,13,802,266,15,34,0.29,1,0,0
74,14,739,24,11,25,0.29,1,0,0
74,15,812,345,38,33,0.29,3,0,0
74,16,796,110,14,27,0.26,1,0,0
74,17,0,309,104,51,0.86,11,0,0
74,18,838,198,99,49,0.83,11,0,0
74,19,394,341,59,96,0.83,11,0,0
74,20,0,233,79,49,0.82,11,0,0
74,21,659,251,98,50,0.79,11,0,0
74,22,122,159,67,58,0.75,11,0,0
74,23,190,121,67,60,0.70,11,0,0
74,24,595,49,12,25,0.67,11,0,0
74,25,403,0,43,50,0.61,11,0,0
74,26,536,46,46,59,0.54,11,0,0
74,27,343,77,146,79,0.51,11,0,0
74,28,662,51,12,22,0.45,11,0,0
74,29,830,326,21,37,0.32,11,0,0
74,30,865,113,16,30,0.31,11,0,0
74,31,802,266,15,34,0.29,11,0,0
74,32,739,24,11,25,0.29,11,0,0
74,33,812,345,38,33,0.29,11,0,0
74,34,1039,373,18,37,0.27,11,0,0
74,35,796,110,14,27,0.26,11,0,0
75,1,392,346,61,98,0.86,4,0,0
75,2,838,200,99,51,0.85,4,0,0
75,3,0,313,83,48,0.82,4,0,0
75,4,0,235,77,50,0.82,4,0,0
75,5,656,253,95,50,0.77,4,0,0
75,6,190,122,66,62,0.63,4,0,0
75,7,116,162,72,58,0.62,4,0,0
75,8,538,45,52,59,0.56,4,0,0
75,9,408,233,55,87,0.42,4,0,0
75,10,403,1,41,56,0.32,4,0,0
75,11,343,81,145,83,0.27,6,0,0
75,12,392,346,61,98,0.86,11,0,0
75,13,838,200,99,51,0.85,11,0,0
75,14,0,313,83,48,0.82,11,0,0
75,15,0,235,77,50,0.82,11,0,0
75,16,656,253,95,50,0.77,11,0,0
75,17,190,122,66,62,0.63,11,0,0
75,18,116,162,72,58,0.62,11,0,0
75,19,538,45,52,59,0.56,11,0,0
75,20,408,233,55,87,0.42,11,0,0
75,21,403,1,41,56,0.32,11,0,0
75,22,595,52,13,25,0.30,11,0,0
75,23,343,81,145,83,0.27,11,0,0
75,24,662,52,13,23,0.25,11,0,0
76,1,392,352,60,97,0.86,4,0,0
76,2,0,315,62,48,0.85,4,0,0
76,3,839,204,99,49,0.84,4,0,0
76,4,0,237,76,52,0.82,4,0,0
76,5,651,253,95,52,0.79,4,0,0
76,6,189,127,65,60,0.73,4,0,0
76,7,115,165,71,58,0.69,4,0,0
76,8,539,43,55,59,0.50,4,0,0
76,9,399,1,44,64,0.43,4,0,0
76,10,239,376,18,37,0.40,1,0,0
76,11,444,104,44,68,0.34,4,0,0
76,12,382,570,97,93,0.33,4,0,0
76,13,735,28,12,27,0.30,1,0,0
76,14,407,237,56,87,0.28,4,0,0
76,15,392,352,60,97,0.86,11,0,0
76,16,0,315,62,48,0.85,11,0,0
76,17,839,204,99,49,0.84,11,0,0
76,18,0,237,76,52,0.82,11,0,0
76,19,651,253,95,52,0.79,11,0,0
76,20,189,127,65,60,0.73,11,0,0
76,21,115,165,71,58,0.69,11,0,0
76,22,539,43,55,59,0.50,11,0,0
76,23,399,1,44,64,0.43,11,0,0
76,24,239,376,18,37,0.40,11,0,0
76,25,444,104,44,68,0.34,11,0,0
76,26,382,570,97,93,0.33,11,0,0
76,27,662,55,13,23,0.32,11,0,0
76,28,735,28,12,27,0.30,11,0,0
76,29,407,237,56,87,0.28,11,0,0
77,1,390,356,61,99,0.85,4,0,0
77,2,839,207,100,50,0.85,4,0,0
77,3,0,321,41,43,0.81,4,0,0
77,4,0,242,73,50,0.79,4,0,0
77,5,185,129,68,60,0.78,4,0,0
77,6,646,255,94,52,0.74,4,0,0
77,7,541,42,56,58,0.70,4,0,0
77,8,396,8,45,64,0.70,4,0,0
77,9,118,167,66,59,0.69,4,0,0
77,10,442,112,44,70,0.56,4,0,0
77,11,876,125,13,30,0.33,1,0,0
77,12,804,270,13,30,0.31,1,0,0
77,13,406,240,56,89,0.31,4,0,0
77,14,849,364,30,32,0.28,10,0,0
77,15,733,30,12,27,0.26,1,0,0
77,16,390,356,61,99,0.85,11,0,0
77,17,839,207,100,50,0.85,11,0,0
77,18,0,321,41,43,0.81,11,0,0
77,19,0,242,73,50,0.79,11,0,0
77,20,185,129,68,60,0.78,11,0,0
77,21,646,255,94,52,0.74,11,0,0
77,22,541,42,56,58,0.70,11,0,0
77,23,396,8,45,64,0.70,11,0,0
77,24,118,167,66,59,0.69,11,0,0
77,25,442,112,44,70,0.56,11,0,0
77,26,876,125,13,30,0.33,11,0,0
77,27,804,270,13,30,0.31,11,0,0
77,28,406,240,56,89,0.31,11,0,0
77,29,849,364,30,32,0.28,11,0,0
77,30,733,30,12,27,0.26,11,0,0
78,1,389,362,61,102,0.86,4,0,0
78,2,840,209,99,50,0.84,4,0,0
78,3,185,131,68,62,0.76,4,0,0
78,4,639,255,96,55,0.74,4,0,0
78,5,0,245,71,50,0.72,4,0,0
78,6,543,41,57,55,0.72,4,0,0
78,7,395,17,44,65,0.71,4,0,0
78,8,115,168,68,61,0.61,4,0,0
78,9,878,129,16,31,0.53,1,0,0
78,10,439,121,47,74,0.52,4,0,0
78,11,405,242,57,91,0.45,4,0,0
78,12,0,326,20,38,0.32,4,0,0
78,13,370,582,97,85,0.26,4,0,0
78,14,389,362,61,102,0.86,11,0,0
78,15,840,209,99,50,0.84,11,0,0
78,16,185,131,68,62,0.76,11,0,0
78,17,639,255,96,55,0.74,11,0,0
78,18,0,245,71,50,0.72,11,0,0
78,19,543,41,57,55,0.72,11,0,0
78,20,395,17,44,65,0.71,11,0,0
78,21,115,168,68,61,0.61,11,0,0
78,22,878,129,16,31,0.53,11,0,0
78,23,439,121,47,74,0.52,11,0,0
78,24,405,242,57,91,0.45,11,0,0
78,25,0,326,20,38,0.32,11,0,0
78,26,594,59,13,27,0.30,11,0,0
78,27,1044,395,20,33,0.29,11,0,0
78,28,370,582,97,85,0.26,11,0,0
79,1,388,367,61,100,0.87,4,0,0
79,2,840,211,100,50,0.84,4,0,0
79,3,0,246,70,52,0.78,4,0,0
79,4,544,39,59,56,0.70,4,0,0
79,5,183,133,70,62,0.67,4,0,0
79,6,112,171,71,61,0.67,4,0,0
79,7,880,133,20,32,0.60,1,0,0
79,8,437,130,47,73,0.38,4,0,0
79,9,404,247,57,90,0.34,4,0,0
79,10,393,25,44,66,0.34,4,0,0
79,11,636,255,93,54,0.27,4,0,0
79,12,388,367,61,100,0.87,11,0,0
79,13,840,211,100,50,0.84,11,0,0
79,14,0,246,70,52,0.78,11,0,0
79,15,544,39,59,56,0.70,11,0,0
79,16,183,133,70,62,0.67,11,0,0
79,17,112,171,71,61,0.67,11,0,0
79,18,880,133,20,32,0.60,11,0,0
79,19,437,130,47,73,0.38,11,0,0
79,20,404,247,57,90,0.34,11,0,0
79,21,393,25,44,66,0.34,11,0,0
79,22,594,60,13,28,0.31,11,0,0
79,23,636,255,93,54,0.27,11,0,0
79,24,662,63,13,24,0.26,11,0,0
80,1,387,370,62,102,0.86,4,0,0
80,2,841,213,100,50,0.83,4,0,0
80,3,0,249,69,51,0.78,4,0,0
80,4,181,134,72,63,0.72,4,0,0
80,5,112,173,71,60,0.70,4,0,0
80,6,545,39,60,56,0.69,4,0,0
80,7,434,138,48,73,0.67,4,0,0
80,8,390,33,45,65,0.57,4,0,0
80,9,629,254,95,56,0.35,4,0,0
80,10,945,375,39,22,0.30,10,0,0
80,11,881,376,37,31,0.30,10,0,0
80,12,231,402,20,35,0.27,1,0,0
80,13,387,370,62,102,0.86,11,0,0
80,14,841,213,100,50,0.83,11,0,0
80,15,0,249,69,51,0.78,11,0,0
80,16,181,134,72,63,0.72,11,0,0
80,17,112,173,71,60,0.70,11,0,0
80,18,545,39,60,56,0.69,11,0,0
80,19,434,138,48,73,0.67,11,0,0
80,20,390,33,45,65,0.57,11,0,0
80,21,629,254,95,56,0.35,11,0,0
80,22,945,375,39,22,0.30,11,0,0
80,23,881,376,37,31,0.30,11,0,0
80,24,663,65,12,24,0.29,11,0,0
80,25,231,402,20,35,0.27,11,0,0
80,26,595,61,12,29,0.25,11,0,0
81,1,386,373,62,102,0.85,4,0,0
81,2,841,214,100,51,0.84,4,0,0
81,3,0,249,69,52,0.80,4,0,0
81,4,433,142,48,72,0.75,4,0,0
81,5,181,134,71,64,0.74,4,0,0
81,6,547,38,59,57,0.73,4,0,0
81,7,108,175,74,60,0.71,4,0,0
81,8,388,37,46,65,0.35,4,0,0
81,9,230,404,19,38,0.30,1,0,0
81,10,404,252,56,88,0.29,4,0,0
81,11,627,254,94,56,0.26,4,0,0
81,12,386,373,62,102,0.85,11,0,0
81,13,841,214,100,51,0.84,11,0,0
81,14,0,249,69,52,0.80,11,0,0
81,15,433,142,48,72,0.75,11,0,0
81,16,181,134,71,64,0.74,11,0,0
81,17,547,38,59,57,0.73,11,0,0
81,18,108,175,74,60,0.71,11,0,0
81,19,388,37,46,65,0.35,11,0,0
81,20,230,404,19,38,0.30,11,0,0
81,21,404,252,56,88,0.29,11,0,0
81,22,663,66,12,23,0.29,11,0,0
81,23,627,254,94,56,0.26,11,0,0
82,1,386,377,62,102,0.87,4,0,0
82,2,840,216,101,52,0.82,4,0,0
82,3,0,247,69,56,0.81,4,0,0
82,4,180,136,72,64,0.71,4,0,0
82,5,111,178,71,58,0.69,4,0,0
82,6,549,36,58,58,0.66,4,0,0
82,7,386,44,46,68,0.44,4,0,0
82,8,432,150,47,72,0.43,4,0,0
82,9,403,254,57,90,0.39,4,0,0
82,10,386,377,62,102,0.87,11,0,0
82,11,840,216,101,52,0.82,11,0,0
82,12,0,247,69,56,0.81,11,0,0
82,13,180,136,72,64,0.71,11,0,0
82,14,111,178,71,58,0.69,11,0,0
82,15,549,36,58,58,0.66,11,0,0
82,16,386,44,46,68,0.44,11,0,0
82,17,432,150,47,72,0.43,11,0,0
82,18,662,67,13,24,0.41,11,0,0
82,19,403,254,57,90,0.39,11,0,0
83,1,385,381,62,102,0.86,4,0,0
83,2,841,218,101,51,0.82,4,0,0
83,3,0,249,68,56,0.82,4,0,0
83,4,111,179,70,58,0.73,4,0,0
83,5,180,137,71,66,0.72,4,0,0
83,6,432,161,46,67,0.67,4,0,0
83,7,895,149,17,32,0.55,1,0,0
83,8,403,256,56,91,0.40,4,0,0
83,9,226,421,19,32,0.36,1,0,0
83,10,385,52,45,69,0.35,4,0,0
83,11,805,265,14,33,0.28,1,0,0
83,12,552,36,57,59,0.27,4,0,0
83,13,616,251,95,57,0.25,4,0,0
83,14,385,381,62,102,0.86,11,0,0
83,15,841,218,101,51,0.82,11,0,0
83,16,0,249,68,56,0.82,11,0,0
83,17,111,179,70,58,0.73,11,0,0
83,18,180,137,71,66,0.72,11,0,0
83,19,432,161,46,67,0.67,11,0,0
83,20,895,149,17,32,0.55,11,0,0
83,21,662,68,12,24,0.42,11,0,0
83,22,403,256,56,91,0.40,11,0,0
83,23,226,421,19,32,0.36,11,0,0
83,24,385,52,45,69,0.35,11,0,0
83,25,805,265,14,33,0.28,11,0,0
83,26,552,36,57,59,0.27,11,0,0
83,27,594,69,12,23,0.26,11,0,0
83,28,616,251,95,57,0.25,11,0,0
84,1,384,385,63,102,0.86,4,0,0
84,2,841,221,101,49,0.83,4,0,0
84,3,0,254,67,53,0.79,4,0,0
84,4,113,180,67,59,0.76,4,0,0
84,5,178,139,73,65,0.71,4,0,0
84,6,896,151,21,32,0.48,1,0,0
84,7,403,260,56,89,0.46,4,0,0
84,8,226,427,18,31,0.42,1,0,0
84,9,613,250,93,58,0.42,4,0,0
84,10,382,61,47,69,0.31,4,0,0
84,11,384,385,63,102,0.86,11,0,0
84,12,841,221,101,49,0.83,11,0,0
84,13,0,254,67,53,0.79,11,0,0
84,14,113,180,67,59,0.76,11,0,0
84,15,178,139,73,65,0.71,11,0,0
84,16,896,151,21,32,0.48,11,0,0
84,17,403,260,56,89,0.46,11,0,0
84,18,226,427,18,31,0.42,11,0,0
84,19,613,250,93,58,0.42,11,0,0
84,20,559,70,18,25,0.34,11,0,0
84,21,382,61,47,69,0.31,11,0,0
84,22,662,70,12,22,0.29,11,0,0
85,1,384,389,63,102,0.85,4,0,0
85,2,841,222,101,50,0.80,4,0,0
85,3,0,255,66,54,0.78,4,0,0
85,4,178,142,71,65,0.73,4,0,0
85,5,112,181,67,61,0.73,4,0,0
85,6,403,261,56,90,0.48,4,0,0
85,7,224,432,18,32,0.42,1,0,0
85,8,610,248,92,60,0.42,4,0,0
85,9,556,33,58,45,0.33,4,0,0
85,10,428,173,49,68,0.27,4,0,0
85,11,384,389,63,102,0.85,11,0,0
85,12,841,222,101,50,0.80,11,0,0
85,13,0,255,66,54,0.78,11,0,0
85,14,178,142,71,65,0.73,11,0,0
85,15,112,181,67,61,0.73,11,0,0
85,16,403,261,56,90,0.48,11,0,0
85,17,224,432,18,32,0.42,11,0,0
85,18,610,248,92,60,0.42,11,0,0
85,19,556,33,58,45,0.33,11,0,0
85,20,428,173,49,68,0.27,11,0,0
85,21,593,71,14,25,0.27,11,0,0
86,1,384,391,63,103,0.86,4,0,0
86,2,841,223,101,50,0.80,4,0,0
86,3,0,255,66,54,0.78,4,0,0
86,4,176,142,73,66,0.73,4,0,0
86,5,112,181,68,61,0.72,4,0,0
86,6,557,33,59,44,0.50,4,0,0
86,7,403,265,56,87,0.49,4,0,0
86,8,606,248,94,58,0.34,4,0,0
86,9,384,391,63,103,0.86,11,0,0
86,10,841,223,101,50,0.80,11,0,0
86,11,0,255,66,54,0.78,11,0,0
86,12,176,142,73,66,0.73,11,0,0
86,13,112,181,68,61,0.72,11,0,0
86,14,557,33,59,44,0.50,11,0,0
86,15,403,265,56,87,0.49,11,0,0
86,16,606,248,94,58,0.34,11,0,0
86,17,560,71,17,28,0.32,11,0,0
86,18,593,73,14,25,0.31,11,0,0
87,1,385,393,62,103,0.87,4,0,0
87,2,842,223,102,51,0.81,4,0,0
87,3,0,256,67,53,0.79,4,0,0
87,4,112,182,69,61,0.70,4,0,0
87,5,178,144,72,64,0.70,4,0,0
87,6,403,264,57,88,0.47,4,0,0
87,7,385,393,62,103,0.87,11,0,0
87,8,842,223,102,51,0.81,11,0,0
87,9,0,256,67,53,0.79,11,0,0
87,10,112,182,69,61,0.70,11,0,0
87,11,178,144,72,64,0.70,11,0,0
87,12,403,264,57,88,0.47,11,0,0
87,13,594,73,15,25,0.30,11,0,0
88,1,416,387,64,104,0.87,4,0,0
88,2,4,239,109,48,0.83,4,0,0
88,3,880,234,103,51,0.76,4,0,0
88,4,160,167,64,60,0.67,4,0,0
88,5,225,132,69,60,0.55,4,0,0
88,6,601,26,65,49,0.54,4,0,0
88,7,841,262,14,27,0.30,1,0,0
88,8,416,387,64,104,0.87,11,0,0
88,9,4,239,109,48,0.83,11,0,0
88,10,880,234,103,51,0.76,11,0,0
88,11,160,167,64,60,0.67,11,0,0
88,12,225,132,69,60,0.55,11,0,0
88,13,601,26,65,49,0.54,11,0,0
88,14,602,72,15,28,0.33,11,0,0
88,15,841,262,14,27,0.30,11,0,0
88,16,703,75,13,26,0.30,11,0,0
89,1,420,389,66,103,0.84,4,0,0
89,2,888,235,105,53,0.79,4,0,0
89,3,240,130,64,58,0.76,4,0,0
89,4,618,24,64,47,0.70,4,0,0
89,5,13,235,112,50,0.69,4,0,0
89,6,115,163,118,60,0.60,4,0,0
89,7,450,257,54,85,0.29,4,0,0
89,8,420,389,66,103,0.84,11,0,0
89,9,888,235,105,53,0.79,11,0,0
89,10,240,130,64,58,0.76,11,0,0
89,11,618,24,64,47,0.70,11,0,0
89,12,13,235,112,50,0.69,11,0,0
89,13,115,163,118,60,0.60,11,0,0
89,14,615,72,15,27,0.56,11,0,0
89,15,450,257,54,85,0.29,11,0,0
89,16,716,75,12,25,0.27,11,0,0
90,1,419,389,66,106,0.85,4,0,0
90,2,16,234,110,49,0.80,4,0,0
90,3,890,235,103,53,0.80,4,0,0
90,4,241,130,63,58,0.79,4,0,0
90,5,250,622,119,87,0.64,4,0,0
90,6,417,106,53,65,0.63,4,0,0
90,7,623,21,61,47,0.53,4,0,0
90,8,173,164,63,58,0.47,4,0,0
90,9,0,457,22,43,0.28,4,0,0
90,10,117,162,119,60,0.27,4,0,0
90,11,419,389,66,106,0.85,11,0,0
90,12,16,234,110,49,0.80,11,0,0
90,13,890,235,103,53,0.80,11,0,0
90,14,241,130,63,58,0.79,11,0,0
90,15,250,622,119,87,0.64,11,0,0
90,16,417,106,53,65,0.63,11,0,0
90,17,616,70,14,26,0.55,11,0,0
90,18,623,21,61,47,0.53,11,0,0
90,19,173,164,63,58,0.47,11,0,0
90,20,716,75,13,26,0.38,11,0,0
90,21,0,457,22,43,0.28,11,0,0
90,22,117,162,119,60,0.27,11,0,0
91,1,419,393,67,105,0.85,4,0,0
91,2,17,234,110,49,0.79,4,0,0
91,3,892,236,103,52,0.78,4,0,0
91,4,242,129,63,59,0.76,4,0,0
91,5,417,109,52,67,0.72,4,0,0
91,6,242,627,119,90,0.69,4,0,0
91,7,626,19,61,48,0.57,4,0,0
91,8,172,163,66,58,0.48,4,0,0
91,9,419,393,67,105,0.85,11,0,0
91,10,17,234,110,49,0.79,11,0,0
91,11,892,236,103,52,0.78,11,0,0
91,12,242,129,63,59,0.76,11,0,0
91,13,417,109,52,67,0.72,11,0,0
91,14,242,627,119,90,0.69,11,0,0
91,15,618,70,14,27,0.62,11,0,0
91,16,626,19,61,48,0.57,11,0,0
91,17,172,163,66,58,0.48,11,0,0
91,18,718,75,14,26,0.44,11,0,0
92,1,426,394,66,105,0.89,4,0,0
92,2,27,229,106,50,0.83,4,0,0
92,3,898,238,106,52,0.76,4,0,0
92,4,243,630,117,89,0.74,4,0,0
92,5,250,124,65,62,0.71,4,0,0
92,6,421,112,53,71,0.70,4,0,0
92,7,182,161,63,57,0.69,4,0,0
92,8,638,18,61,45,0.62,4,0,0
92,9,514,0,46,48,0.42,4,0,0
92,10,426,394,66,105,0.89,11,0,0
92,11,27,229,106,50,0.83,11,0,0
92,12,898,238,106,52,0.76,11,0,0
92,13,243,630,117,89,0.74,11,0,0
92,14,250,124,65,62,0.71,11,0,0
92,15,421,112,53,71,0.70,11,0,0
92,16,182,161,63,57,0.69,11,0,0
92,17,638,18,61,45,0.62,11,0,0
92,18,626,68,14,29,0.53,11,0,0
92,19,514,0,46,48,0.42,11,0,0
92,20,658,71,14,26,0.37,11,0,0
93,1,450,392,68,106,0.82,4,0,0
93,2,69,216,100,46,0.70,4,0,0
93,3,0,339,45,53,0.69,4,0,0
93,4,673,20,59,47,0.68,4,0,0
93,5,544,1,47,54,0.57,4,0,0
93,6,252,630,115,88,0.53,4,0,0
93,7,288,114,61,63,0.49,4,0,0
93,8,925,244,113,57,0.37,4,0,0
93,9,356,79,217,257,0.31,9,0,0
93,10,0,202,31,43,0.26,4,0,0
93,11,450,392,68,106,0.82,11,0,0
93,12,69,216,100,46,0.70,11,0,0
93,13,0,339,45,53,0.69,11,0,0
93,14,673,20,59,47,0.68,11,0,0
93,15,544,1,47,54,0.57,11,0,0
93,16,252,630,115,88,0.53,11,0,0
93,17,288,114,61,63,0.49,11,0,0
93,18,657,69,16,27,0.40,11,0,0
93,19,925,244,113,57,0.37,11,0,0
93,20,356,79,217,257,0.31,11,0,0
93,21,0,202,31,43,0.26,11,0,0
