1,1,230,512,141,96,0.92,4,0,0
1,2,690,396,183,182,0.85,6,0,0
1,3,317,646,184,72,0.81,4,0,0
1,4,660,344,45,33,0.78,4,0,0
1,5,815,342,47,34,0.74,4,0,0
1,6,736,349,47,33,0.74,4,0,0
1,7,900,345,43,41,0.67,4,0,0
1,8,919,327,33,25,0.61,4,0,0
1,9,960,310,30,19,0.57,4,0,0
1,10,915,298,30,24,0.56,4,0,0
1,11,902,264,30,25,0.35,4,0,0
1,12,985,291,23,16,0.28,4,0,0
1,13,812,395,52,28,0.26,4,0,0
1,14,230,512,141,96,0.92,11,0,0
1,15,690,396,183,182,0.85,11,0,0
1,16,317,646,184,72,0.81,11,0,0
1,17,660,344,45,33,0.78,11,0,0
1,18,815,342,47,34,0.74,11,0,0
1,19,736,349,47,33,0.74,11,0,0
1,20,900,345,43,41,0.67,11,0,0
1,21,919,327,33,25,0.61,11,0,0
1,22,960,310,30,19,0.57,11,0,0
1,23,915,298,30,24,0.56,11,0,0
1,24,902,264,30,25,0.35,11,0,0
1,25,276,328,26,48,0.31,11,0,0
1,26,677,259,16,28,0.29,11,0,0
1,27,985,291,23,16,0.28,11,0,0
1,28,812,395,52,28,0.26,11,0,0
2,1,181,527,158,102,0.92,4,0,0
2,2,343,637,173,81,0.87,4,0,0
2,3,647,346,49,34,0.82,4,0,0
2,4,726,354,49,31,0.80,4,0,0
2,5,703,398,180,173,0.78,6,0,0
2,6,819,340,47,32,0.76,4,0,0
2,7,903,343,40,42,0.70,4,0,0
2,8,916,297,32,24,0.64,4,0,0
2,9,924,326,28,22,0.59,4,0,0
2,10,962,309,31,19,0.46,4,0,0
2,11,898,263,29,27,0.42,4,0,0
2,12,987,290,22,17,0.25,4,0,0
2,13,181,527,158,102,0.92,11,0,0
2,14,343,637,173,81,0.87,11,0,0
2,15,647,346,49,34,0.82,11,0,0
2,16,726,354,49,31,0.80,11,0,0
2,17,703,398,180,173,0.78,11,0,0
2,18,819,340,47,32,0.76,11,0,0
2,19,903,343,40,42,0.70,11,0,0
2,20,916,297,32,24,0.64,11,0,0
2,21,924,326,28,22,0.59,11,0,0
2,22,962,309,31,19,0.46,11,0,0
2,23,898,263,29,27,0.42,11,0,0
2,24,277,328,25,48,0.30,11,0,0
2,25,987,290,22,17,0.25,11,0,0
3,1,140,542,166,106,0.91,4,0,0
3,2,360,629,168,89,0.89,4,0,0
3,3,637,352,51,34,0.83,4,0,0
3,4,718,358,50,32,0.81,4,0,0
3,5,823,338,46,33,0.76,4,0,0
3,6,716,392,173,168,0.74,6,0,0
3,7,917,297,33,23,0.66,4,0,0
3,8,906,342,39,42,0.61,4,0,0
3,9,926,326,25,18,0.55,4,0,0
3,10,964,309,32,19,0.46,4,0,0
3,11,896,264,25,25,0.33,4,0,0
3,12,140,542,166,106,0.91,11,0,0
3,13,360,629,168,89,0.89,11,0,0
3,14,637,352,51,34,0.83,11,0,0
3,15,718,358,50,32,0.81,11,0,0
3,16,823,338,46,33,0.76,11,0,0
3,17,716,392,173,168,0.74,11,0,0
3,18,917,297,33,23,0.66,11,0,0
3,19,906,342,39,42,0.61,11,0,0
3,20,926,326,25,18,0.55,11,0,0
3,21,964,309,32,19,0.46,11,0,0
3,22,896,264,25,25,0.33,11,0,0
4,1,85,557,181,119,0.92,4,0,0
4,2,380,620,164,98,0.90,4,0,0
4,3,623,356,52,35,0.84,4,0,0
4,4,708,361,51,33,0.81,4,0,0
4,5,728,391,167,164,0.81,6,0,0
4,6,827,337,46,32,0.74,4,0,0
4,7,918,297,33,22,0.63,4,0,0
4,8,908,340,39,42,0.56,4,0,0
4,9,966,308,31,19,0.51,4,0,0
4,10,929,324,29,22,0.51,4,0,0
4,11,891,266,32,24,0.42,4,0,0
4,12,892,266,23,20,0.32,4,0,0
4,13,85,557,181,119,0.92,11,0,0
4,14,380,620,164,98,0.90,11,0,0
4,15,623,356,52,35,0.84,11,0,0
4,16,708,361,51,33,0.81,11,0,0
4,17,728,391,167,164,0.81,11,0,0
4,18,827,337,46,32,0.74,11,0,0
4,19,918,297,33,22,0.63,11,0,0
4,20,908,340,39,42,0.56,11,0,0
4,21,966,308,31,19,0.51,11,0,0
4,22,929,324,29,22,0.51,11,0,0
4,23,891,266,32,24,0.42,11,0,0
4,24,892,266,23,20,0.32,11,0,0
5,1,0,595,182,123,0.91,4,0,0
5,2,414,604,157,100,0.88,4,0,0
5,3,598,363,57,38,0.84,4,0,0
5,4,748,385,158,152,0.81,6,0,0
5,5,686,369,57,34,0.81,4,0,0
5,6,834,334,45,31,0.67,4,0,0
5,7,923,296,31,21,0.66,4,0,0
5,8,970,308,29,17,0.53,4,0,0
5,9,912,338,33,40,0.48,4,0,0
5,10,884,267,34,26,0.46,4,0,0
5,11,930,324,28,15,0.42,4,0,0
5,12,937,260,24,28,0.28,4,0,0
5,13,0,595,182,123,0.91,11,0,0
5,14,414,604,157,100,0.88,11,0,0
5,15,598,363,57,38,0.84,11,0,0
5,16,748,385,158,152,0.81,11,0,0
5,17,686,369,57,34,0.81,11,0,0
5,18,834,334,45,31,0.67,11,0,0
5,19,923,296,31,21,0.66,11,0,0
5,20,970,308,29,17,0.53,11,0,0
5,21,912,338,33,40,0.48,11,0,0
5,22,884,267,34,26,0.46,11,0,0
5,23,930,324,28,15,0.42,11,0,0
5,24,937,260,24,28,0.28,11,0,0
6,1,451,589,146,95,0.89,4,0,0
6,2,567,371,59,42,0.84,4,0,0
6,3,0,641,61,77,0.83,4,0,0
6,4,663,375,64,38,0.82,4,0,0
6,5,840,331,45,30,0.76,4,0,0
6,6,765,383,151,139,0.74,6,0,0
6,7,926,295,30,21,0.65,4,0,0
6,8,878,268,33,29,0.44,4,0,0
6,9,972,305,28,17,0.43,4,0,0
6,10,931,261,25,27,0.37,4,0,0
6,11,917,335,39,41,0.27,4,0,0
6,12,933,323,23,16,0.25,4,0,0
6,13,451,589,146,95,0.89,11,0,0
6,14,567,371,59,42,0.84,11,0,0
6,15,0,641,61,77,0.83,11,0,0
6,16,663,375,64,38,0.82,11,0,0
6,17,840,331,45,30,0.76,11,0,0
6,18,765,383,151,139,0.74,11,0,0
6,19,926,295,30,21,0.65,11,0,0
6,20,878,268,33,29,0.44,11,0,0
6,21,972,305,28,17,0.43,11,0,0
6,22,931,261,25,27,0.37,11,0,0
6,23,917,335,39,41,0.27,11,0,0
6,24,933,323,23,16,0.25,11,0,0
7,1,480,574,138,91,0.89,4,0,0
7,2,535,382,67,43,0.85,4,0,0
7,3,639,384,64,40,0.84,4,0,0
7,4,784,377,141,132,0.76,6,0,0
7,5,847,328,42,30,0.75,4,0,0
7,6,871,270,37,30,0.62,4,0,0
7,7,928,293,31,21,0.56,4,0,0
7,8,921,333,43,39,0.44,4,0,0
7,9,975,304,30,17,0.40,4,0,0
7,10,480,574,138,91,0.89,11,0,0
7,11,535,382,67,43,0.85,11,0,0
7,12,639,384,64,40,0.84,11,0,0
7,13,784,377,141,132,0.76,11,0,0
7,14,847,328,42,30,0.75,11,0,0
7,15,871,270,37,30,0.62,11,0,0
7,16,928,293,31,21,0.56,11,0,0
7,17,921,333,43,39,0.44,11,0,0
7,18,975,304,30,17,0.40,11,0,0
7,19,278,326,26,48,0.29,11,0,0
7,20,834,229,11,20,0.27,11,0,0
8,1,508,559,131,87,0.88,4,0,0
8,2,503,392,68,46,0.87,4,0,0
8,3,615,394,65,41,0.85,4,0,0
8,4,801,369,133,127,0.79,6,0,0
8,5,852,327,42,29,0.68,4,0,0
8,6,929,291,32,21,0.59,4,0,0
8,7,924,333,41,36,0.56,4,0,0
8,8,864,272,36,31,0.49,6,0,0
8,9,864,272,36,30,0.31,4,0,0
8,10,978,301,28,18,0.29,4,0,0
8,11,508,559,131,87,0.88,11,0,0
8,12,503,392,68,46,0.87,11,0,0
8,13,615,394,65,41,0.85,11,0,0
8,14,801,369,133,127,0.79,11,0,0
8,15,852,327,42,29,0.68,11,0,0
8,16,929,291,32,21,0.59,11,0,0
8,17,924,333,41,36,0.56,11,0,0
8,18,864,272,36,31,0.49,11,0,0
8,19,864,272,36,30,0.31,11,0,0
8,20,978,301,28,18,0.29,11,0,0
9,1,523,553,126,81,0.86,4,0,0
9,2,479,397,70,50,0.85,4,0,0
9,3,597,400,68,42,0.83,4,0,0
9,4,811,367,125,122,0.67,6,0,0
9,5,931,290,33,21,0.62,4,0,0
9,6,927,336,31,32,0.55,4,0,0
9,7,857,326,37,28,0.44,4,0,0
9,8,860,275,34,29,0.41,4,0,0
9,9,979,301,29,18,0.40,4,0,0
9,10,943,316,23,22,0.27,4,0,0
9,11,523,553,126,81,0.86,11,0,0
9,12,479,397,70,50,0.85,11,0,0
9,13,597,400,68,42,0.83,11,0,0
9,14,811,367,125,122,0.67,11,0,0
9,15,931,290,33,21,0.62,11,0,0
9,16,927,336,31,32,0.55,11,0,0
9,17,857,326,37,28,0.44,11,0,0
9,18,860,275,34,29,0.41,11,0,0
9,19,979,301,29,18,0.40,11,0,0
9,20,943,316,23,22,0.27,11,0,0
10,1,438,410,77,53,0.86,4,0,0
10,2,547,543,119,77,0.84,4,0,0
10,3,567,411,75,46,0.84,4,0,0
10,4,860,322,42,29,0.76,4,0,0
10,5,821,363,125,116,0.70,6,0,0
10,6,935,289,31,22,0.64,4,0,0
10,7,982,299,26,18,0.49,4,0,0
10,8,931,334,29,31,0.37,4,0,0
10,9,851,276,38,30,0.36,4,0,0
10,10,851,275,38,31,0.32,6,0,0
10,11,913,268,28,31,0.32,4,0,0
10,12,438,410,77,53,0.86,11,0,0
10,13,547,543,119,77,0.84,11,0,0
10,14,567,411,75,46,0.84,11,0,0
10,15,860,322,42,29,0.76,11,0,0
10,16,821,363,125,116,0.70,11,0,0
10,17,935,289,31,22,0.64,11,0,0
10,18,982,299,26,18,0.49,11,0,0
10,19,931,334,29,31,0.37,11,0,0
10,20,851,276,38,30,0.36,11,0,0
10,21,851,275,38,31,0.32,11,0,0
10,22,913,268,28,31,0.32,11,0,0
10,23,278,325,26,48,0.26,11,0,0
11,1,571,529,113,74,0.87,4,0,0
11,2,393,423,84,57,0.87,4,0,0
11,3,530,421,84,52,0.85,4,0,0
11,4,127,648,194,71,0.83,4,0,0
11,5,834,356,125,117,0.65,6,0,0
11,6,867,320,40,27,0.63,4,0,0
11,7,938,288,31,22,0.51,4,0,0
11,8,985,298,28,17,0.49,4,0,0
11,9,844,275,40,34,0.46,6,0,0
11,10,803,382,42,35,0.43,4,0,0
11,11,934,320,37,43,0.43,4,0,0
11,12,908,271,27,30,0.37,4,0,0
11,13,844,276,40,33,0.33,4,0,0
11,14,234,670,208,50,0.30,4,0,0
11,15,571,529,113,74,0.87,11,0,0
11,16,393,423,84,57,0.87,11,0,0
11,17,530,421,84,52,0.85,11,0,0
11,18,127,648,194,71,0.83,11,0,0
11,19,834,356,125,117,0.65,11,0,0
11,20,867,320,40,27,0.63,11,0,0
11,21,938,288,31,22,0.51,11,0,0
11,22,985,298,28,17,0.49,11,0,0
11,23,844,275,40,34,0.46,11,0,0
11,24,803,382,42,35,0.43,11,0,0
11,25,934,320,37,43,0.43,11,0,0
11,26,908,271,27,30,0.37,11,0,0
11,27,844,276,40,33,0.33,11,0,0
11,28,234,670,208,50,0.30,11,0,0
12,1,339,439,93,62,0.90,4,0,0
12,2,202,614,181,102,0.90,4,0,0
12,3,496,435,87,54,0.88,4,0,0
12,4,592,517,109,72,0.85,4,0,0
12,5,846,350,115,113,0.69,6,0,0
12,6,873,318,40,27,0.66,4,0,0
12,7,230,640,285,78,0.57,6,0,0
12,8,942,286,30,20,0.49,4,0,0
12,9,988,296,25,18,0.49,4,0,0
12,10,902,278,30,25,0.47,4,0,0
12,11,836,280,40,32,0.35,4,0,0
12,12,951,310,25,21,0.26,4,0,0
12,13,940,321,33,37,0.25,4,0,0
12,14,339,439,93,62,0.90,11,0,0
12,15,202,614,181,102,0.90,11,0,0
12,16,496,435,87,54,0.88,11,0,0
12,17,592,517,109,72,0.85,11,0,0
12,18,846,350,115,113,0.69,11,0,0
12,19,873,318,40,27,0.66,11,0,0
12,20,230,640,285,78,0.57,11,0,0
12,21,942,286,30,20,0.49,11,0,0
12,22,988,296,25,18,0.49,11,0,0
12,23,902,278,30,25,0.47,11,0,0
12,24,836,280,40,32,0.35,11,0,0
12,25,951,310,25,21,0.26,11,0,0
12,26,940,321,33,37,0.25,11,0,0
13,1,283,455,102,68,0.89,4,0,0
13,2,450,452,97,57,0.89,4,0,0
13,3,269,586,164,98,0.88,4,0,0
13,4,613,507,103,67,0.84,4,0,0
13,5,878,315,39,26,0.72,4,0,0
13,6,944,284,30,21,0.63,4,0,0
13,7,856,347,108,106,0.61,6,0,0
13,8,281,616,264,101,0.44,6,0,0
13,9,821,373,44,35,0.43,4,0,0
13,10,828,281,43,35,0.41,6,0,0
13,11,991,295,25,18,0.37,4,0,0
13,12,280,617,264,101,0.35,4,0,0
13,13,895,285,25,22,0.33,4,0,0
13,14,895,278,30,29,0.30,4,0,0
13,15,283,455,102,68,0.89,11,0,0
13,16,450,452,97,57,0.89,11,0,0
13,17,269,586,164,98,0.88,11,0,0
13,18,613,507,103,67,0.84,11,0,0
13,19,878,315,39,26,0.72,11,0,0
13,20,944,284,30,21,0.63,11,0,0
13,21,856,347,108,106,0.61,11,0,0
13,22,281,616,264,101,0.44,11,0,0
13,23,821,373,44,35,0.43,11,0,0
13,24,828,281,43,35,0.41,11,0,0
13,25,991,295,25,18,0.37,11,0,0
13,26,280,617,264,101,0.35,11,0,0
13,27,895,285,25,22,0.33,11,0,0
13,28,895,278,30,29,0.30,11,0,0
14,1,211,474,114,78,0.89,4,0,0
14,2,399,467,108,69,0.88,4,0,0
14,3,343,561,140,78,0.87,4,0,0
14,4,632,496,100,67,0.85,4,0,0
14,5,883,313,39,26,0.72,4,0,0
14,6,870,342,98,106,0.69,6,0,0
14,7,828,370,48,33,0.69,4,0,0
14,8,339,593,243,125,0.67,6,0,0
14,9,818,279,44,40,0.62,6,0,0
14,10,948,283,29,22,0.60,4,0,0
14,11,339,592,243,126,0.52,4,0,0
14,12,890,292,29,17,0.39,4,0,0
14,13,948,309,29,27,0.35,4,0,0
14,14,993,293,26,18,0.34,4,0,0
14,15,893,273,27,18,0.30,4,0,0
14,16,211,474,114,78,0.89,11,0,0
14,17,399,467,108,69,0.88,11,0,0
14,18,343,561,140,78,0.87,11,0,0
14,19,632,496,100,67,0.85,11,0,0
14,20,883,313,39,26,0.72,11,0,0
14,21,870,342,98,106,0.69,11,0,0
14,22,828,370,48,33,0.69,11,0,0
14,23,339,593,243,125,0.67,11,0,0
14,24,818,279,44,40,0.62,11,0,0
14,25,948,283,29,22,0.60,11,0,0
14,26,339,592,243,126,0.52,11,0,0
14,27,890,292,29,17,0.39,11,0,0
14,28,948,309,29,27,0.35,11,0,0
14,29,993,293,26,18,0.34,11,0,0
14,30,893,273,27,18,0.30,11,0,0
15,1,125,498,136,85,0.92,4,0,0
15,2,339,487,124,73,0.88,4,0,0
15,3,395,538,133,75,0.88,4,0,0
15,4,651,487,95,60,0.85,4,0,0
15,5,835,367,49,32,0.77,4,0,0
15,6,889,311,38,25,0.74,4,0,0
15,7,809,279,45,43,0.70,6,0,0
15,8,393,575,226,142,0.70,6,0,0
15,9,881,338,96,99,0.57,6,0,0
15,10,951,281,33,22,0.57,4,0,0
15,11,881,291,32,25,0.39,4,0,0
15,12,952,309,31,27,0.39,4,0,0
15,13,996,290,26,17,0.33,4,0,0
15,14,125,498,136,85,0.92,11,0,0
15,15,339,487,124,73,0.88,11,0,0
15,16,395,538,133,75,0.88,11,0,0
15,17,651,487,95,60,0.85,11,0,0
15,18,835,367,49,32,0.77,11,0,0
15,19,889,311,38,25,0.74,11,0,0
15,20,809,279,45,43,0.70,11,0,0
15,21,393,575,226,142,0.70,11,0,0
15,22,881,338,96,99,0.57,11,0,0
15,23,951,281,33,22,0.57,11,0,0
15,24,881,291,32,25,0.39,11,0,0
15,25,952,309,31,27,0.39,11,0,0
15,26,996,290,26,17,0.33,11,0,0
16,1,32,528,149,93,0.93,4,0,0
16,2,276,509,134,79,0.90,4,0,0
16,3,444,514,120,73,0.89,4,0,0
16,4,438,555,214,162,0.85,6,0,0
16,5,666,478,94,59,0.80,4,0,0
16,6,842,364,49,32,0.74,4,0,0
16,7,797,281,49,46,0.73,6,0,0
16,8,893,308,37,25,0.72,4,0,0
16,9,890,332,97,98,0.58,6,0,0
16,10,955,280,30,21,0.57,4,0,0
16,11,955,307,31,27,0.51,4,0,0
16,12,875,297,30,20,0.45,4,0,0
16,13,999,290,26,17,0.33,4,0,0
16,14,880,276,29,21,0.28,4,0,0
16,15,32,528,149,93,0.93,11,0,0
16,16,276,509,134,79,0.90,11,0,0
16,17,444,514,120,73,0.89,11,0,0
16,18,438,555,214,162,0.85,11,0,0
16,19,666,478,94,59,0.80,11,0,0
16,20,842,364,49,32,0.74,11,0,0
16,21,797,281,49,46,0.73,11,0,0
16,22,893,308,37,25,0.72,11,0,0
16,23,890,332,97,98,0.58,11,0,0
16,24,955,280,30,21,0.57,11,0,0
16,25,955,307,31,27,0.51,11,0,0
16,26,875,297,30,20,0.45,11,0,0
16,27,999,290,26,17,0.33,11,0,0
16,28,880,276,29,21,0.28,11,0,0
17,1,0,543,136,96,0.93,4,0,0
17,2,240,523,139,83,0.91,4,0,0
17,3,463,506,117,75,0.85,4,0,0
17,4,677,473,90,58,0.84,4,0,0
17,5,460,547,216,165,0.77,6,0,0
17,6,846,363,49,30,0.74,4,0,0
17,7,896,307,36,25,0.72,4,0,0
17,8,792,281,49,47,0.68,6,0,0
17,9,869,299,33,20,0.55,4,0,0
17,10,957,279,31,22,0.52,4,0,0
17,11,895,331,93,92,0.50,6,0,0
17,12,957,305,30,28,0.48,4,0,0
17,13,878,279,27,20,0.34,4,0,0
17,14,1001,290,24,16,0.33,4,0,0
17,15,945,260,21,14,0.26,4,0,0
17,16,0,543,136,96,0.93,11,0,0
17,17,240,523,139,83,0.91,11,0,0
17,18,463,506,117,75,0.85,11,0,0
17,19,677,473,90,58,0.84,11,0,0
17,20,460,547,216,165,0.77,11,0,0
17,21,846,363,49,30,0.74,11,0,0
17,22,896,307,36,25,0.72,11,0,0
17,23,792,281,49,47,0.68,11,0,0
17,24,869,299,33,20,0.55,11,0,0
17,25,957,279,31,22,0.52,11,0,0
17,26,895,331,93,92,0.50,11,0,0
17,27,957,305,30,28,0.48,11,0,0
17,28,878,279,27,20,0.34,11,0,0
17,29,1001,290,24,16,0.33,11,0,0
17,30,945,260,21,14,0.26,11,0,0
18,1,162,546,157,95,0.91,4,0,0
18,2,510,489,104,62,0.88,4,0,0
18,3,504,531,186,165,0.87,6,0,0
18,4,0,576,39,69,0.83,4,0,0
18,5,691,465,87,56,0.78,4,0,0
18,6,780,284,52,48,0.76,6,0,0
18,7,852,360,48,30,0.74,4,0,0
18,8,901,306,36,23,0.65,4,0,0
18,9,861,300,34,22,0.47,4,0,0
18,10,959,278,29,21,0.45,4,0,0
18,11,959,304,31,24,0.40,4,0,0
18,12,869,282,30,20,0.36,4,0,0
18,13,901,330,88,91,0.29,6,0,0
18,14,162,546,157,95,0.91,11,0,0
18,15,510,489,104,62,0.88,11,0,0
18,16,504,531,186,165,0.87,11,0,0
18,17,0,576,39,69,0.83,11,0,0
18,18,691,465,87,56,0.78,11,0,0
18,19,780,284,52,48,0.76,11,0,0
18,20,852,360,48,30,0.74,11,0,0
18,21,901,306,36,23,0.65,11,0,0
18,22,861,300,34,22,0.47,11,0,0
18,23,959,278,29,21,0.45,11,0,0
18,24,959,304,31,24,0.40,11,0,0
18,25,869,282,30,20,0.36,11,0,0
18,26,901,330,88,91,0.29,11,0,0
19,1,60,577,187,120,0.92,4,0,0
19,2,549,470,94,60,0.88,4,0,0
19,3,767,290,55,46,0.84,6,0,0
19,4,708,458,82,54,0.80,4,0,0
19,5,541,516,178,145,0.77,6,0,0
19,6,859,357,47,30,0.69,4,0,0
19,7,905,304,36,24,0.65,4,0,0
19,8,851,306,36,22,0.59,4,0,0
19,9,961,278,30,20,0.58,4,0,0
19,10,963,300,29,24,0.43,4,0,0
19,11,936,264,22,13,0.41,4,0,0
19,12,862,285,29,20,0.33,4,0,0
19,13,913,325,78,89,0.31,6,0,0
19,14,60,577,187,120,0.92,11,0,0
19,15,549,470,94,60,0.88,11,0,0
19,16,767,290,55,46,0.84,11,0,0
19,17,708,458,82,54,0.80,11,0,0
19,18,541,516,178,145,0.77,11,0,0
19,19,859,357,47,30,0.69,11,0,0
19,20,905,304,36,24,0.65,11,0,0
19,21,851,306,36,22,0.59,11,0,0
19,22,961,278,30,20,0.58,11,0,0
19,23,963,300,29,24,0.43,11,0,0
19,24,936,264,22,13,0.41,11,0,0
19,25,862,285,29,20,0.33,11,0,0
19,26,913,325,78,89,0.31,11,0,0
19,27,836,228,11,20,0.25,11,0,0
20,1,0,613,161,104,0.92,4,0,0
20,2,580,458,89,56,0.87,4,0,0
20,3,574,502,165,141,0.84,6,0,0
20,4,755,295,57,46,0.79,6,0,0
20,5,865,354,45,30,0.73,4,0,0
20,6,723,450,80,52,0.69,4,0,0
20,7,910,303,34,23,0.57,4,0,0
20,8,842,307,37,24,0.56,4,0,0
20,9,967,277,25,19,0.51,4,0,0
20,10,967,300,29,22,0.45,4,0,0
20,11,854,288,30,19,0.42,4,0,0
20,12,933,265,22,14,0.37,4,0,0
20,13,920,328,70,79,0.28,6,0,0
20,14,973,250,20,13,0.27,4,0,0
20,15,0,613,161,104,0.92,11,0,0
20,16,580,458,89,56,0.87,11,0,0
20,17,574,502,165,141,0.84,11,0,0
20,18,755,295,57,46,0.79,11,0,0
20,19,865,354,45,30,0.73,11,0,0
20,20,723,450,80,52,0.69,11,0,0
20,21,910,303,34,23,0.57,11,0,0
20,22,842,307,37,24,0.56,11,0,0
20,23,967,277,25,19,0.51,11,0,0
20,24,967,300,29,22,0.45,11,0,0
20,25,854,288,30,19,0.42,11,0,0
20,26,933,265,22,14,0.37,11,0,0
20,27,920,328,70,79,0.28,11,0,0
20,28,973,250,20,13,0.27,11,0,0
21,1,609,446,83,51,0.81,4,0,0
21,2,871,353,45,30,0.74,4,0,0
21,3,607,491,159,130,0.72,6,0,0
21,4,833,310,40,25,0.67,4,0,0
21,5,0,664,66,54,0.64,4,0,0
21,6,744,298,56,47,0.64,6,0,0
21,7,915,302,33,22,0.59,4,0,0
21,8,845,290,30,20,0.56,4,0,0
21,9,970,277,25,17,0.47,4,0,0
21,10,972,297,25,22,0.43,4,0,0
21,11,928,268,23,13,0.30,4,0,0
21,12,970,251,21,14,0.28,4,0,0
21,13,609,446,83,51,0.81,11,0,0
21,14,871,353,45,30,0.74,11,0,0
21,15,607,491,159,130,0.72,11,0,0
21,16,833,310,40,25,0.67,11,0,0
21,17,0,664,66,54,0.64,11,0,0
21,18,744,298,56,47,0.64,11,0,0
21,19,915,302,33,22,0.59,11,0,0
21,20,845,290,30,20,0.56,11,0,0
21,21,970,277,25,17,0.47,11,0,0
21,22,972,297,25,22,0.43,11,0,0
21,23,928,268,23,13,0.30,11,0,0
21,24,970,251,21,14,0.28,11,0,0
21,25,837,229,10,19,0.25,11,0,0
22,1,729,302,61,50,0.85,6,0,0
22,2,634,434,78,50,0.82,4,0,0
22,3,827,311,37,26,0.74,4,0,0
22,4,877,350,44,29,0.72,4,0,0
22,5,638,480,147,127,0.72,6,0,0
22,6,748,438,75,47,0.67,4,0,0
22,7,836,293,31,21,0.66,4,0,0
22,8,918,301,31,21,0.57,4,0,0
22,9,973,275,25,18,0.47,4,0,0
22,10,923,269,24,13,0.42,4,0,0
22,11,974,295,26,22,0.37,4,0,0
22,12,1014,282,23,18,0.32,4,0,0
22,13,968,250,21,15,0.31,4,0,0
22,14,729,302,61,50,0.85,11,0,0
22,15,634,434,78,50,0.82,11,0,0
22,16,827,311,37,26,0.74,11,0,0
22,17,877,350,44,29,0.72,11,0,0
22,18,638,480,147,127,0.72,11,0,0
22,19,748,438,75,47,0.67,11,0,0
22,20,836,293,31,21,0.66,11,0,0
22,21,918,301,31,21,0.57,11,0,0
22,22,973,275,25,18,0.47,11,0,0
22,23,923,269,24,13,0.42,11,0,0
22,24,974,295,26,22,0.37,11,0,0
22,25,1014,282,23,18,0.32,11,0,0
22,26,968,250,21,15,0.31,11,0,0
22,27,838,229,10,19,0.26,11,0,0
23,1,664,469,135,119,0.86,6,0,0
23,2,660,423,72,47,0.83,4,0,0
23,3,714,303,65,55,0.80,6,0,0
23,4,818,317,39,26,0.71,4,0,0
23,5,882,345,45,31,0.65,4,0,0
23,6,922,299,30,21,0.63,4,0,0
23,7,919,269,24,16,0.54,4,0,0
23,8,759,431,73,43,0.53,4,0,0
23,9,973,274,28,17,0.52,4,0,0
23,10,824,297,33,21,0.47,4,0,0
23,11,976,295,29,21,0.47,4,0,0
23,12,964,251,19,17,0.45,4,0,0
23,13,1015,283,22,16,0.30,4,0,0
23,14,928,341,19,18,0.29,4,0,0
23,15,664,469,135,119,0.86,11,0,0
23,16,660,423,72,47,0.83,11,0,0
23,17,714,303,65,55,0.80,11,0,0
23,18,818,317,39,26,0.71,11,0,0
23,19,882,345,45,31,0.65,11,0,0
23,20,922,299,30,21,0.63,11,0,0
23,21,919,269,24,16,0.54,11,0,0
23,22,759,431,73,43,0.53,11,0,0
23,23,973,274,28,17,0.52,11,0,0
23,24,824,297,33,21,0.47,11,0,0
23,25,976,295,29,21,0.47,11,0,0
23,26,964,251,19,17,0.45,11,0,0
23,27,1015,283,22,16,0.30,11,0,0
23,28,928,341,19,18,0.29,11,0,0
24,1,699,310,67,54,0.88,6,0,0
24,2,680,414,71,45,0.85,4,0,0
24,3,687,459,128,117,0.84,6,0,0
24,4,888,344,43,29,0.73,4,0,0
24,5,927,296,29,21,0.65,4,0,0
24,6,809,320,39,27,0.47,4,0,0
24,7,914,270,23,16,0.38,4,0,0
24,8,974,272,31,19,0.36,4,0,0
24,9,960,253,20,17,0.27,4,0,0
24,10,814,299,33,24,0.25,4,0,0
24,11,699,310,67,54,0.88,11,0,0
24,12,680,414,71,45,0.85,11,0,0
24,13,687,459,128,117,0.84,11,0,0
24,14,888,344,43,29,0.73,11,0,0
24,15,927,296,29,21,0.65,11,0,0
24,16,809,320,39,27,0.47,11,0,0
24,17,914,270,23,16,0.38,11,0,0
24,18,974,272,31,19,0.36,11,0,0
24,19,281,324,27,48,0.29,11,0,0
24,20,682,257,16,28,0.27,11,0,0
24,21,960,253,20,17,0.27,11,0,0
24,22,814,299,33,24,0.25,11,0,0
25,1,690,311,68,56,0.87,6,0,0
25,2,691,410,69,42,0.83,4,0,0
25,3,891,343,43,29,0.76,4,0,0
25,4,700,455,126,111,0.66,6,0,0
25,5,929,295,31,22,0.64,4,0,0
25,6,803,322,40,28,0.54,4,0,0
25,7,958,253,19,16,0.44,4,0,0
25,8,911,270,23,18,0.42,4,0,0
25,9,806,301,36,25,0.42,4,0,0
25,10,1021,281,19,16,0.35,4,0,0
25,11,980,271,26,19,0.34,4,0,0
25,12,690,311,68,56,0.87,11,0,0
25,13,691,410,69,42,0.83,11,0,0
25,14,891,343,43,29,0.76,11,0,0
25,15,700,455,126,111,0.66,11,0,0
25,16,929,295,31,22,0.64,11,0,0
25,17,803,322,40,28,0.54,11,0,0
25,18,958,253,19,16,0.44,11,0,0
25,19,911,270,23,18,0.42,11,0,0
25,20,806,301,36,25,0.42,11,0,0
25,21,1021,281,19,16,0.35,11,0,0
25,22,980,271,26,19,0.34,11,0,0
25,23,281,324,27,48,0.26,11,0,0
26,1,674,318,70,55,0.82,6,0,0
26,2,708,401,66,42,0.78,4,0,0
26,3,719,445,118,112,0.75,6,0,0
26,4,894,341,44,29,0.75,4,0,0
26,5,794,326,40,29,0.73,4,0,0
26,6,797,305,36,24,0.69,4,0,0
26,7,932,295,31,21,0.69,4,0,0
26,8,787,414,70,41,0.66,4,0,0
26,9,908,273,23,16,0.52,4,0,0
26,10,954,253,20,17,0.50,4,0,0
26,11,937,334,23,19,0.35,4,0,0
26,12,674,318,70,55,0.82,11,0,0
26,13,708,401,66,42,0.78,11,0,0
26,14,719,445,118,112,0.75,11,0,0
26,15,894,341,44,29,0.75,11,0,0
26,16,794,326,40,29,0.73,11,0,0
26,17,797,305,36,24,0.69,11,0,0
26,18,932,295,31,21,0.69,11,0,0
26,19,787,414,70,41,0.66,11,0,0
26,20,908,273,23,16,0.52,11,0,0
26,21,954,253,20,17,0.50,11,0,0
26,22,937,334,23,19,0.35,11,0,0
26,23,281,324,27,48,0.27,11,0,0
27,1,725,394,64,39,0.85,4,0,0
27,2,656,321,72,58,0.83,6,0,0
27,3,781,332,43,28,0.79,4,0,0
27,4,900,340,41,28,0.73,4,0,0
27,5,785,308,38,26,0.70,4,0,0
27,6,936,294,28,20,0.64,4,0,0
27,7,737,408,128,134,0.48,6,0,0
27,8,942,332,23,19,0.40,4,0,0
27,9,903,273,23,15,0.37,4,0,0
27,10,725,394,64,39,0.85,11,0,0
27,11,656,321,72,58,0.83,11,0,0
27,12,781,332,43,28,0.79,11,0,0
27,13,900,340,41,28,0.73,11,0,0
27,14,785,308,38,26,0.70,11,0,0
27,15,936,294,28,20,0.64,11,0,0
27,16,737,408,128,134,0.48,11,0,0
27,17,942,332,23,19,0.40,11,0,0
27,18,903,273,23,15,0.37,11,0,0
28,1,639,323,74,63,0.84,6,0,0
28,2,742,387,60,37,0.84,4,0,0
28,3,770,336,44,29,0.77,4,0,0
28,4,905,338,41,28,0.75,4,0,0
28,5,770,313,42,26,0.73,4,0,0
28,6,756,428,111,103,0.58,6,0,0
28,7,897,275,23,17,0.58,4,0,0
28,8,940,292,28,20,0.58,4,0,0
28,9,946,256,19,17,0.30,4,0,0
28,10,811,402,62,37,0.29,4,0,0
28,11,945,331,26,18,0.27,4,0,0
28,12,639,323,74,63,0.84,11,0,0
28,13,742,387,60,37,0.84,11,0,0
28,14,770,336,44,29,0.77,11,0,0
28,15,905,338,41,28,0.75,11,0,0
28,16,770,313,42,26,0.73,11,0,0
28,17,756,428,111,103,0.58,11,0,0
28,18,897,275,23,17,0.58,11,0,0
28,19,940,292,28,20,0.58,11,0,0
28,20,946,256,19,17,0.30,11,0,0
28,21,811,402,62,37,0.29,11,0,0
28,22,945,331,26,18,0.27,11,0,0
29,1,620,326,77,67,0.85,6,0,0
29,2,758,379,58,38,0.83,4,0,0
29,3,756,340,48,32,0.77,4,0,0
29,4,758,316,43,28,0.74,4,0,0
29,5,0,667,199,52,0.74,4,0,0
29,6,909,335,40,27,0.69,4,0,0
29,7,892,276,24,18,0.62,4,0,0
29,8,944,291,29,20,0.55,4,0,0
29,9,776,399,106,119,0.52,6,0,0
29,10,942,258,21,17,0.35,4,0,0
29,11,620,326,77,67,0.85,11,0,0
29,12,758,379,58,38,0.83,11,0,0
29,13,756,340,48,32,0.77,11,0,0
29,14,758,316,43,28,0.74,11,0,0
29,15,0,667,199,52,0.74,11,0,0
29,16,909,335,40,27,0.69,11,0,0
29,17,892,276,24,18,0.62,11,0,0
29,18,944,291,29,20,0.55,11,0,0
29,19,776,399,106,119,0.52,11,0,0
29,20,942,258,21,17,0.35,11,0,0
30,1,596,336,82,65,0.87,6,0,0
30,2,72,632,196,86,0.86,4,0,0
30,3,771,372,57,37,0.81,4,0,0
30,4,742,345,47,34,0.77,4,0,0
30,5,743,321,44,29,0.70,4,0,0
30,6,884,278,27,19,0.68,4,0,0
30,7,791,414,106,90,0.62,6,0,0
30,8,832,391,58,31,0.57,4,0,0
30,9,914,334,41,26,0.57,4,0,0
30,10,947,289,30,20,0.54,4,0,0
30,11,936,259,23,18,0.53,4,0,0
30,12,995,267,25,18,0.29,4,0,0
30,13,954,324,26,19,0.26,4,0,0
30,14,596,336,82,65,0.87,11,0,0
30,15,72,632,196,86,0.86,11,0,0
30,16,771,372,57,37,0.81,11,0,0
30,17,742,345,47,34,0.77,11,0,0
30,18,743,321,44,29,0.70,11,0,0
30,19,884,278,27,19,0.68,11,0,0
30,20,791,414,106,90,0.62,11,0,0
30,21,832,391,58,31,0.57,11,0,0
30,22,914,334,41,26,0.57,11,0,0
30,23,947,289,30,20,0.54,11,0,0
30,24,936,259,23,18,0.53,11,0,0
30,25,995,267,25,18,0.29,11,0,0
30,26,954,324,26,19,0.26,11,0,0
31,1,154,601,179,116,0.89,4,0,0
31,2,785,366,54,35,0.85,4,0,0
31,3,572,341,88,68,0.83,6,0,0
31,4,728,324,46,31,0.76,4,0,0
31,5,726,352,51,33,0.75,4,0,0
31,6,879,282,26,17,0.67,4,0,0
31,7,918,333,38,25,0.64,4,0,0
31,8,951,287,28,20,0.61,4,0,0
31,9,932,260,22,19,0.50,4,0,0
31,10,958,321,25,19,0.46,4,0,0
31,11,808,405,95,90,0.40,6,0,0
31,12,997,265,24,18,0.29,4,0,0
31,13,154,601,179,116,0.89,11,0,0
31,14,785,366,54,35,0.85,11,0,0
31,15,572,341,88,68,0.83,11,0,0
31,16,728,324,46,31,0.76,11,0,0
31,17,726,352,51,33,0.75,11,0,0
31,18,879,282,26,17,0.67,11,0,0
31,19,918,333,38,25,0.64,11,0,0
31,20,951,287,28,20,0.61,11,0,0
31,21,932,260,22,19,0.50,11,0,0
31,22,958,321,25,19,0.46,11,0,0
31,23,808,405,95,90,0.40,11,0,0
31,24,997,265,24,18,0.29,11,0,0
32,1,223,575,156,110,0.89,4,0,0
32,2,547,346,93,75,0.87,6,0,0
32,3,798,361,51,34,0.84,4,0,0
32,4,711,330,48,30,0.79,4,0,0
32,5,710,357,56,36,0.79,4,0,0
32,6,871,283,29,18,0.64,4,0,0
32,7,923,329,37,26,0.58,4,0,0
32,8,954,285,28,21,0.48,4,0,0
32,9,928,264,21,16,0.44,4,0,0
32,10,820,400,94,85,0.37,6,0,0
32,11,961,321,25,17,0.34,4,0,0
32,12,1000,264,23,17,0.31,4,0,0
32,13,223,575,156,110,0.89,11,0,0
32,14,547,346,93,75,0.87,11,0,0
32,15,798,361,51,34,0.84,11,0,0
32,16,711,330,48,30,0.79,11,0,0
32,17,710,357,56,36,0.79,11,0,0
32,18,871,283,29,18,0.64,11,0,0
32,19,923,329,37,26,0.58,11,0,0
32,20,954,285,28,21,0.48,11,0,0
32,21,928,264,21,16,0.44,11,0,0
32,22,820,400,94,85,0.37,11,0,0
32,23,961,321,25,17,0.34,11,0,0
32,24,1000,264,23,17,0.31,11,0,0
33,1,532,350,95,76,0.87,6,0,0
33,2,804,359,51,33,0.81,4,0,0
33,3,702,360,54,37,0.80,4,0,0
33,4,703,332,48,31,0.76,4,0,0
33,5,249,565,153,105,0.76,4,0,0
33,6,828,396,89,84,0.72,6,0,0
33,7,926,329,36,25,0.58,4,0,0
33,8,867,283,29,20,0.58,4,0,0
33,9,925,265,22,15,0.52,4,0,0
33,10,954,284,30,21,0.50,4,0,0
33,11,964,319,25,18,0.29,4,0,0
33,12,1002,265,22,15,0.25,4,0,0
33,13,532,350,95,76,0.87,11,0,0
33,14,804,359,51,33,0.81,11,0,0
33,15,702,360,54,37,0.80,11,0,0
33,16,703,332,48,31,0.76,11,0,0
33,17,249,565,153,105,0.76,11,0,0
33,18,828,396,89,84,0.72,11,0,0
33,19,926,329,36,25,0.58,11,0,0
33,20,867,283,29,20,0.58,11,0,0
33,21,925,265,22,15,0.52,11,0,0
33,22,954,284,30,21,0.50,11,0,0
33,23,964,319,25,18,0.29,11,0,0
33,24,1002,265,22,15,0.25,11,0,0
34,1,305,543,140,97,0.89,4,0,0
34,2,501,360,102,78,0.84,6,0,0
34,3,688,366,56,38,0.81,4,0,0
34,4,815,354,48,32,0.80,4,0,0
34,5,687,338,49,33,0.78,4,0,0
34,6,918,266,25,17,0.71,4,0,0
34,7,840,392,89,80,0.63,6,0,0
34,8,930,326,35,27,0.63,4,0,0
34,9,862,285,29,19,0.60,4,0,0
34,10,955,281,31,22,0.48,4,0,0
34,11,967,257,22,18,0.26,4,0,0
34,12,305,543,140,97,0.89,11,0,0
34,13,501,360,102,78,0.84,11,0,0
34,14,688,366,56,38,0.81,11,0,0
34,15,815,354,48,32,0.80,11,0,0
34,16,687,338,49,33,0.78,11,0,0
34,17,918,266,25,17,0.71,11,0,0
34,18,840,392,89,80,0.63,11,0,0
34,19,930,326,35,27,0.63,11,0,0
34,20,862,285,29,19,0.60,11,0,0
34,21,955,281,31,22,0.48,11,0,0
34,22,281,323,27,48,0.32,11,0,0
34,23,967,257,22,18,0.26,11,0,0
35,1,356,523,133,88,0.92,4,0,0
35,2,470,362,110,87,0.88,6,0,0
35,3,826,349,45,30,0.81,4,0,0
35,4,671,372,58,40,0.80,4,0,0
35,5,670,344,50,31,0.80,4,0,0
35,6,913,268,26,17,0.67,4,0,0
35,7,854,286,31,21,0.61,4,0,0
35,8,932,321,39,31,0.56,4,0,0
35,9,852,386,83,78,0.51,6,0,0
35,10,959,282,28,20,0.43,4,0,0
35,11,356,523,133,88,0.92,11,0,0
35,12,470,362,110,87,0.88,11,0,0
35,13,826,349,45,30,0.81,11,0,0
35,14,671,372,58,40,0.80,11,0,0
35,15,670,344,50,31,0.80,11,0,0
35,16,913,268,26,17,0.67,11,0,0
35,17,854,286,31,21,0.61,11,0,0
35,18,932,321,39,31,0.56,11,0,0
35,19,852,386,83,78,0.51,11,0,0
35,20,959,282,28,20,0.43,11,0,0
35,21,281,323,27,48,0.27,11,0,0
36,1,434,374,117,89,0.90,6,0,0
36,2,401,505,120,85,0.88,4,0,0
36,3,651,381,62,41,0.83,4,0,0
36,4,650,351,54,33,0.80,4,0,0
36,5,835,344,44,30,0.80,4,0,0
36,6,909,268,24,20,0.71,4,0,0
36,7,864,382,80,76,0.63,6,0,0
36,8,847,288,30,21,0.62,4,0,0
36,9,937,323,36,26,0.56,4,0,0
36,10,958,256,26,22,0.27,4,0,0
36,11,434,374,117,89,0.90,11,0,0
36,12,401,505,120,85,0.88,11,0,0
36,13,651,381,62,41,0.83,11,0,0
36,14,650,351,54,33,0.80,11,0,0
36,15,835,344,44,30,0.80,11,0,0
36,16,909,268,24,20,0.71,11,0,0
36,17,864,382,80,76,0.63,11,0,0
36,18,847,288,30,21,0.62,11,0,0
36,19,937,323,36,26,0.56,11,0,0
36,20,958,256,26,22,0.27,11,0,0
37,1,398,383,124,96,0.86,6,0,0
37,2,444,489,109,81,0.84,4,0,0
37,3,631,388,64,43,0.83,4,0,0
37,4,844,341,43,29,0.79,4,0,0
37,5,632,356,54,36,0.78,4,0,0
37,6,310,674,169,46,0.73,4,0,0
37,7,904,270,25,19,0.67,4,0,0
37,8,874,377,77,72,0.63,6,0,0
37,9,841,289,29,22,0.60,4,0,0
37,10,941,322,34,25,0.46,4,0,0
37,11,398,383,124,96,0.86,11,0,0
37,12,444,489,109,81,0.84,11,0,0
37,13,631,388,64,43,0.83,11,0,0
37,14,844,341,43,29,0.79,11,0,0
37,15,632,356,54,36,0.78,11,0,0
37,16,310,674,169,46,0.73,11,0,0
37,17,904,270,25,19,0.67,11,0,0
37,18,874,377,77,72,0.63,11,0,0
37,19,841,289,29,22,0.60,11,0,0
37,20,941,322,34,25,0.46,11,0,0
37,21,281,324,26,47,0.28,11,0,0
38,1,351,392,138,102,0.91,6,0,0
38,2,479,475,105,78,0.87,4,0,0
38,3,607,397,70,44,0.84,4,0,0
38,4,610,363,61,38,0.81,4,0,0
38,5,363,647,153,71,0.80,4,0,0
38,6,853,337,42,27,0.79,4,0,0
38,7,832,291,33,23,0.73,4,0,0
38,8,898,271,27,21,0.59,4,0,0
38,9,884,370,74,72,0.57,6,0,0
38,10,944,319,35,25,0.39,4,0,0
38,11,351,392,138,102,0.91,11,0,0
38,12,479,475,105,78,0.87,11,0,0
38,13,607,397,70,44,0.84,11,0,0
38,14,610,363,61,38,0.81,11,0,0
38,15,363,647,153,71,0.80,11,0,0
38,16,853,337,42,27,0.79,11,0,0
38,17,832,291,33,23,0.73,11,0,0
38,18,898,271,27,21,0.59,11,0,0
38,19,884,370,74,72,0.57,11,0,0
38,20,944,319,35,25,0.39,11,0,0
39,1,304,407,150,106,0.90,6,0,0
39,2,396,624,157,93,0.89,4,0,0
39,3,511,462,100,73,0.85,4,0,0
39,4,584,371,62,38,0.83,4,0,0
39,5,584,406,73,46,0.81,4,0,0
39,6,862,333,40,27,0.78,4,0,0
39,7,893,274,26,20,0.65,4,0,0
39,8,894,366,71,71,0.62,6,0,0
39,9,823,296,34,20,0.58,4,0,0
39,10,947,319,36,22,0.38,4,0,0
39,11,946,267,24,17,0.30,4,0,0
39,12,304,407,150,106,0.90,11,0,0
39,13,396,624,157,93,0.89,11,0,0
39,14,511,462,100,73,0.85,11,0,0
39,15,584,371,62,38,0.83,11,0,0
39,16,584,406,73,46,0.81,11,0,0
39,17,862,333,40,27,0.78,11,0,0
39,18,893,274,26,20,0.65,11,0,0
39,19,894,366,71,71,0.62,11,0,0
39,20,823,296,34,20,0.58,11,0,0
39,21,947,319,36,22,0.38,11,0,0
39,22,946,267,24,17,0.30,11,0,0
40,1,437,601,144,96,0.91,4,0,0
40,2,255,413,160,118,0.90,6,0,0
40,3,560,378,64,40,0.82,4,0,0
40,4,559,417,75,38,0.79,4,0,0
40,5,868,330,41,26,0.78,4,0,0
40,6,815,298,32,22,0.74,4,0,0
40,7,885,276,28,20,0.69,4,0,0
40,8,543,449,89,68,0.57,4,0,0
40,9,902,360,66,70,0.57,6,0,0
40,10,952,317,34,22,0.56,4,0,0
40,11,975,274,27,22,0.39,4,0,0
40,12,941,270,25,17,0.32,4,0,0
40,13,437,601,144,96,0.91,11,0,0
40,14,255,413,160,118,0.90,11,0,0
40,15,560,378,64,40,0.82,11,0,0
40,16,559,417,75,38,0.79,11,0,0
40,17,868,330,41,26,0.78,11,0,0
40,18,815,298,32,22,0.74,11,0,0
40,19,885,276,28,20,0.69,11,0,0
40,20,543,449,89,68,0.57,11,0,0
40,21,902,360,66,70,0.57,11,0,0
40,22,952,317,34,22,0.56,11,0,0
40,23,975,274,27,22,0.39,11,0,0
40,24,941,270,25,17,0.32,11,0,0
41,1,225,426,169,118,0.89,6,0,0
41,2,455,591,141,94,0.89,4,0,0
41,3,544,383,69,42,0.80,4,0,0
41,4,874,328,39,25,0.77,4,0,0
41,5,811,299,34,22,0.73,4,0,0
41,6,882,278,29,20,0.71,4,0,0
41,7,548,421,77,54,0.63,4,0,0
41,8,906,358,63,67,0.55,6,0,0
41,9,553,444,92,64,0.53,4,0,0
41,10,939,270,25,18,0.53,4,0,0
41,11,954,319,33,19,0.36,4,0,0
41,12,976,275,28,20,0.34,4,0,0
41,13,225,426,169,118,0.89,11,0,0
41,14,455,591,141,94,0.89,11,0,0
41,15,544,383,69,42,0.80,11,0,0
41,16,874,328,39,25,0.77,11,0,0
41,17,811,299,34,22,0.73,11,0,0
41,18,882,278,29,20,0.71,11,0,0
41,19,548,421,77,54,0.63,11,0,0
41,20,906,358,63,67,0.55,11,0,0
41,21,553,444,92,64,0.53,11,0,0
41,22,939,270,25,18,0.53,11,0,0
41,23,954,319,33,19,0.36,11,0,0
41,24,976,275,28,20,0.34,11,0,0
41,25,684,256,16,29,0.25,11,0,0
42,1,161,434,187,133,0.88,6,0,0
42,2,494,574,129,83,0.88,4,0,0
42,3,520,389,68,48,0.84,4,0,0
42,4,585,433,85,62,0.84,4,0,0
42,5,520,433,79,51,0.79,4,0,0
42,6,880,324,40,26,0.78,4,0,0
42,7,879,280,27,20,0.72,4,0,0
42,8,803,301,34,23,0.70,4,0,0
42,9,957,314,33,22,0.26,4,0,0
42,10,935,272,24,16,0.26,4,0,0
42,11,161,434,187,133,0.88,11,0,0
42,12,494,574,129,83,0.88,11,0,0
42,13,520,389,68,48,0.84,11,0,0
42,14,585,433,85,62,0.84,11,0,0
42,15,520,433,79,51,0.79,11,0,0
42,16,880,324,40,26,0.78,11,0,0
42,17,879,280,27,20,0.72,11,0,0
42,18,803,301,34,23,0.70,11,0,0
42,19,957,314,33,22,0.26,11,0,0
42,20,935,272,24,16,0.26,11,0,0
43,1,93,447,206,148,0.90,6,0,0
43,2,528,557,121,80,0.88,4,0,0
43,3,488,438,95,58,0.86,4,0,0
43,4,488,397,73,49,0.86,4,0,0
43,5,612,423,75,60,0.85,4,0,0
43,6,886,321,41,26,0.75,4,0,0
43,7,873,282,27,21,0.74,4,0,0
43,8,794,304,35,24,0.71,4,0,0
43,9,930,273,27,18,0.28,4,0,0
43,10,93,447,206,148,0.90,11,0,0
43,11,528,557,121,80,0.88,11,0,0
43,12,488,438,95,58,0.86,11,0,0
43,13,488,397,73,49,0.86,11,0,0
43,14,612,423,75,60,0.85,11,0,0
43,15,886,321,41,26,0.75,11,0,0
43,16,873,282,27,21,0.74,11,0,0
43,17,794,304,35,24,0.71,11,0,0
43,18,930,273,27,18,0.28,11,0,0
44,1,14,466,226,159,0.91,6,0,0
44,2,558,539,114,74,0.88,4,0,0
44,3,457,451,98,63,0.88,4,0,0
44,4,453,407,80,53,0.86,4,0,0
44,5,784,306,35,25,0.78,4,0,0
44,6,892,318,39,26,0.77,4,0,0
44,7,630,414,74,58,0.76,4,0,0
44,8,866,284,28,22,0.71,4,0,0
44,9,14,466,226,159,0.91,11,0,0
44,10,558,539,114,74,0.88,11,0,0
44,11,457,451,98,63,0.88,11,0,0
44,12,453,407,80,53,0.86,11,0,0
44,13,784,306,35,25,0.78,11,0,0
44,14,892,318,39,26,0.77,11,0,0
44,15,630,414,74,58,0.76,11,0,0
44,16,866,284,28,22,0.71,11,0,0
45,1,421,467,105,63,0.89,4,0,0
45,2,585,524,107,71,0.88,4,0,0
45,3,420,418,84,55,0.86,4,0,0
45,4,647,407,72,58,0.80,4,0,0
45,5,776,308,36,26,0.77,4,0,0
45,6,898,316,37,25,0.77,4,0,0
45,7,861,287,27,21,0.75,4,0,0
45,8,0,485,179,155,0.57,6,0,0
45,9,920,280,27,20,0.31,4,0,0
45,10,421,467,105,63,0.89,11,0,0
45,11,585,524,107,71,0.88,11,0,0
45,12,420,418,84,55,0.86,11,0,0
45,13,647,407,72,58,0.80,11,0,0
45,14,776,308,36,26,0.77,11,0,0
45,15,898,316,37,25,0.77,11,0,0
45,16,861,287,27,21,0.75,11,0,0
45,17,0,485,179,155,0.57,11,0,0
45,18,920,280,27,20,0.31,11,0,0
46,1,383,479,113,67,0.88,4,0,0
46,2,612,512,100,64,0.86,4,0,0
46,3,377,428,96,60,0.84,4,0,0
46,4,670,400,67,53,0.80,4,0,0
46,5,765,313,41,25,0.79,4,0,0
46,6,0,509,99,135,0.79,6,0,0
46,7,852,289,31,22,0.77,4,0,0
46,8,904,314,35,23,0.74,4,0,0
46,9,915,279,27,19,0.49,4,0,0
46,10,954,266,23,18,0.33,4,0,0
46,11,383,479,113,67,0.88,11,0,0
46,12,612,512,100,64,0.86,11,0,0
46,13,377,428,96,60,0.84,11,0,0
46,14,670,400,67,53,0.80,11,0,0
46,15,765,313,41,25,0.79,11,0,0
46,16,0,509,99,135,0.79,11,0,0
46,17,852,289,31,22,0.77,11,0,0
46,18,904,314,35,23,0.74,11,0,0
46,19,915,279,27,19,0.49,11,0,0
46,20,954,266,23,18,0.33,11,0,0
46,21,685,256,16,29,0.28,11,0,0
47,1,333,441,103,64,0.88,4,0,0
47,2,338,495,123,74,0.88,4,0,0
47,3,638,494,91,66,0.85,4,0,0
47,4,847,292,30,23,0.75,4,0,0
47,5,686,393,64,51,0.74,4,0,0
47,6,754,316,37,27,0.73,4,0,0
47,7,910,311,32,23,0.70,4,0,0
47,8,910,279,28,22,0.63,4,0,0
47,9,951,267,25,19,0.33,4,0,0
47,10,333,441,103,64,0.88,11,0,0
47,11,338,495,123,74,0.88,11,0,0
47,12,638,494,91,66,0.85,11,0,0
47,13,847,292,30,23,0.75,11,0,0
47,14,686,393,64,51,0.74,11,0,0
47,15,754,316,37,27,0.73,11,0,0
47,16,910,311,32,23,0.70,11,0,0
47,17,910,279,28,22,0.63,11,0,0
47,18,685,256,16,29,0.41,11,0,0
47,19,951,267,25,19,0.33,11,0,0
48,1,289,455,105,68,0.90,4,0,0
48,2,296,507,131,82,0.90,4,0,0
48,3,658,486,88,58,0.83,4,0,0
48,4,838,297,33,21,0.79,4,0,0
48,5,742,319,39,28,0.77,4,0,0
48,6,915,308,31,24,0.72,4,0,0
48,7,903,283,31,21,0.58,4,0,0
48,8,703,386,61,50,0.57,4,0,0
48,9,915,263,22,18,0.27,4,0,0
48,10,977,306,29,20,0.27,4,0,0
48,11,289,455,105,68,0.90,11,0,0
48,12,296,507,131,82,0.90,11,0,0
48,13,658,486,88,58,0.83,11,0,0
48,14,838,297,33,21,0.79,11,0,0
48,15,742,319,39,28,0.77,11,0,0
48,16,915,308,31,24,0.72,11,0,0
48,17,903,283,31,21,0.58,11,0,0
48,18,703,386,61,50,0.57,11,0,0
48,19,685,257,16,28,0.53,11,0,0
48,20,915,263,22,18,0.27,11,0,0
48,21,977,306,29,20,0.27,11,0,0
48,22,285,323,25,48,0.25,11,0,0
49,1,272,517,132,81,0.90,4,0,0
49,2,264,464,108,71,0.89,4,0,0
49,3,670,480,85,54,0.84,4,0,0
49,4,736,321,39,28,0.76,4,0,0
49,5,833,299,32,22,0.74,4,0,0
49,6,917,307,34,23,0.72,4,0,0
49,7,711,382,62,50,0.69,4,0,0
49,8,900,283,29,22,0.61,4,0,0
49,9,913,264,21,19,0.36,4,0,0
49,10,943,273,25,17,0.28,4,0,0
49,11,272,517,132,81,0.90,11,0,0
49,12,264,464,108,71,0.89,11,0,0
49,13,670,480,85,54,0.84,11,0,0
49,14,736,321,39,28,0.76,11,0,0
49,15,833,299,32,22,0.74,11,0,0
49,16,917,307,34,23,0.72,11,0,0
49,17,711,382,62,50,0.69,11,0,0
49,18,900,283,29,22,0.61,11,0,0
49,19,686,257,15,28,0.56,11,0,0
49,20,913,264,21,19,0.36,11,0,0
49,21,943,273,25,17,0.28,11,0,0
49,22,284,323,26,48,0.26,11,0,0
50,1,224,532,140,89,0.89,4,0,0
50,2,206,477,121,82,0.88,4,0,0
50,3,688,468,83,54,0.83,4,0,0
50,4,827,302,32,23,0.78,4,0,0
50,5,725,327,38,28,0.77,4,0,0
50,6,923,305,31,22,0.72,4,0,0
50,7,727,376,59,47,0.64,4,0,0
50,8,895,286,26,19,0.62,4,0,0
50,9,937,273,27,18,0.48,4,0,0
50,10,903,266,26,18,0.41,4,0,0
50,11,967,263,26,18,0.28,4,0,0
50,12,943,335,27,22,0.27,4,0,0
50,13,224,532,140,89,0.89,11,0,0
50,14,206,477,121,82,0.88,11,0,0
50,15,688,468,83,54,0.83,11,0,0
50,16,827,302,32,23,0.78,11,0,0
50,17,725,327,38,28,0.77,11,0,0
50,18,923,305,31,22,0.72,11,0,0
50,19,727,376,59,47,0.64,11,0,0
50,20,895,286,26,19,0.62,11,0,0
50,21,937,273,27,18,0.48,11,0,0
50,22,686,257,16,28,0.45,11,0,0
50,23,903,266,26,18,0.41,11,0,0
50,24,285,323,25,48,0.36,11,0,0
50,25,967,263,26,18,0.28,11,0,0
50,26,943,335,27,22,0.27,11,0,0
51,1,144,495,139,83,0.91,4,0,0
51,2,166,552,157,98,0.90,4,0,0
51,3,707,459,78,52,0.81,4,0,0
51,4,713,331,40,28,0.80,4,0,0
51,5,818,306,32,23,0.79,4,0,0
51,6,739,371,58,46,0.76,4,0,0
51,7,926,303,34,22,0.70,4,0,0
51,8,888,288,27,20,0.63,4,0,0
51,9,933,275,27,19,0.54,4,0,0
51,10,965,266,24,16,0.36,4,0,0
51,11,899,267,26,14,0.35,4,0,0
51,12,947,330,27,23,0.33,4,0,0
51,13,144,495,139,83,0.91,11,0,0
51,14,166,552,157,98,0.90,11,0,0
51,15,707,459,78,52,0.81,11,0,0
51,16,713,331,40,28,0.80,11,0,0
51,17,818,306,32,23,0.79,11,0,0
51,18,739,371,58,46,0.76,11,0,0
51,19,926,303,34,22,0.70,11,0,0
51,20,888,288,27,20,0.63,11,0,0
51,21,933,275,27,19,0.54,11,0,0
51,22,686,256,16,29,0.38,11,0,0
51,23,285,323,26,48,0.36,11,0,0
51,24,965,266,24,16,0.36,11,0,0
51,25,899,267,26,14,0.35,11,0,0
51,26,947,330,27,23,0.33,11,0,0
52,1,100,573,174,108,0.91,4,0,0
52,2,72,514,147,92,0.91,4,0,0
52,3,700,335,42,29,0.80,4,0,0
52,4,722,450,76,49,0.80,4,0,0
52,5,808,308,34,25,0.80,4,0,0
52,6,880,290,31,22,0.66,4,0,0
52,7,931,304,29,19,0.63,4,0,0
52,8,753,366,56,45,0.46,4,0,0
52,9,927,276,28,21,0.40,4,0,0
52,10,894,268,26,14,0.38,4,0,0
52,11,100,573,174,108,0.91,11,0,0
52,12,72,514,147,92,0.91,11,0,0
52,13,700,335,42,29,0.80,11,0,0
52,14,722,450,76,49,0.80,11,0,0
52,15,808,308,34,25,0.80,11,0,0
52,16,880,290,31,22,0.66,11,0,0
52,17,931,304,29,19,0.63,11,0,0
52,18,753,366,56,45,0.46,11,0,0
52,19,927,276,28,21,0.40,11,0,0
52,20,894,268,26,14,0.38,11,0,0
52,21,686,256,17,28,0.37,11,0,0
52,22,285,323,26,48,0.36,11,0,0
53,1,0,535,159,100,0.93,4,0,0
53,2,26,597,196,115,0.90,4,0,0
53,3,686,338,46,31,0.80,4,0,0
53,4,799,312,37,26,0.80,4,0,0
53,5,739,440,72,48,0.73,4,0,0
53,6,767,362,54,42,0.71,4,0,0
53,7,874,294,30,20,0.70,4,0,0
53,8,934,303,31,19,0.61,4,0,0
53,9,923,279,28,19,0.50,4,0,0
53,10,955,324,29,27,0.45,4,0,0
53,11,955,268,27,18,0.31,4,0,0
53,12,888,270,26,17,0.26,4,0,0
53,13,0,535,159,100,0.93,11,0,0
53,14,26,597,196,115,0.90,11,0,0
53,15,686,338,46,31,0.80,11,0,0
53,16,799,312,37,26,0.80,11,0,0
53,17,739,440,72,48,0.73,11,0,0
53,18,767,362,54,42,0.71,11,0,0
53,19,874,294,30,20,0.70,11,0,0
53,20,934,303,31,19,0.61,11,0,0
53,21,923,279,28,19,0.50,11,0,0
53,22,955,324,29,27,0.45,11,0,0
53,23,286,323,25,48,0.42,11,0,0
53,24,686,256,17,28,0.33,11,0,0
53,25,955,268,27,18,0.31,11,0,0
53,26,888,270,26,17,0.26,11,0,0
54,1,0,615,164,103,0.88,4,0,0
54,2,0,561,89,79,0.85,4,0,0
54,3,673,342,45,32,0.81,4,0,0
54,4,778,356,53,43,0.77,4,0,0
54,5,787,317,40,27,0.75,4,0,0
54,6,866,295,31,22,0.73,4,0,0
54,7,754,434,69,43,0.69,4,0,0
54,8,941,299,26,20,0.54,4,0,0
54,9,918,283,27,19,0.48,4,0,0
54,10,880,274,27,22,0.32,4,0,0
54,11,959,323,29,25,0.32,4,0,0
54,12,954,269,24,17,0.30,4,0,0
54,13,0,615,164,103,0.88,11,0,0
54,14,0,561,89,79,0.85,11,0,0
54,15,673,342,45,32,0.81,11,0,0
54,16,778,356,53,43,0.77,11,0,0
54,17,787,317,40,27,0.75,11,0,0
54,18,866,295,31,22,0.73,11,0,0
54,19,754,434,69,43,0.69,11,0,0
54,20,941,299,26,20,0.54,11,0,0
54,21,918,283,27,19,0.48,11,0,0
54,22,286,323,25,48,0.46,11,0,0
54,23,686,256,17,28,0.39,11,0,0
54,24,880,274,27,22,0.32,11,0,0
54,25,959,323,29,25,0.32,11,0,0
54,26,954,269,24,17,0.30,11,0,0
55,1,0,646,97,73,0.86,4,0,0
55,2,779,320,37,29,0.82,4,0,0
55,3,658,348,46,30,0.80,4,0,0
55,4,858,299,33,22,0.80,4,0,0
55,5,256,666,168,52,0.78,4,0,0
55,6,790,352,53,41,0.75,4,0,0
55,7,767,422,69,46,0.68,4,0,0
55,8,943,298,27,19,0.66,4,0,0
55,9,873,275,29,24,0.54,4,0,0
55,10,912,284,31,20,0.51,4,0,0
55,11,949,269,24,18,0.43,4,0,0
55,12,963,323,29,22,0.35,4,0,0
55,13,0,646,97,73,0.86,11,0,0
55,14,779,320,37,29,0.82,11,0,0
55,15,658,348,46,30,0.80,11,0,0
55,16,858,299,33,22,0.80,11,0,0
55,17,256,666,168,52,0.78,11,0,0
55,18,790,352,53,41,0.75,11,0,0
55,19,767,422,69,46,0.68,11,0,0
55,20,943,298,27,19,0.66,11,0,0
55,21,873,275,29,24,0.54,11,0,0
55,22,912,284,31,20,0.51,11,0,0
55,23,949,269,24,18,0.43,11,0,0
55,24,687,256,16,28,0.39,11,0,0
55,25,286,323,26,47,0.37,11,0,0
55,26,963,323,29,22,0.35,11,0,0
56,1,290,636,182,82,0.87,4,0,0
56,2,767,325,40,28,0.81,4,0,0
56,3,641,353,50,32,0.80,4,0,0
56,4,850,301,34,23,0.76,4,0,0
56,5,803,347,49,40,0.76,4,0,0
56,6,782,418,65,42,0.75,4,0,0
56,7,947,295,28,20,0.62,4,0,0
56,8,867,277,28,26,0.62,4,0,0
56,9,907,287,29,19,0.49,4,0,0
56,10,943,272,27,18,0.31,4,0,0
56,11,290,636,182,82,0.87,11,0,0
56,12,767,325,40,28,0.81,11,0,0
56,13,641,353,50,32,0.80,11,0,0
56,14,850,301,34,23,0.76,11,0,0
56,15,803,347,49,40,0.76,11,0,0
56,16,782,418,65,42,0.75,11,0,0
56,17,947,295,28,20,0.62,11,0,0
56,18,867,277,28,26,0.62,11,0,0
56,19,907,287,29,19,0.49,11,0,0
56,20,687,255,16,29,0.41,11,0,0
56,21,287,323,25,47,0.38,11,0,0
56,22,943,272,27,18,0.31,11,0,0
57,1,318,624,175,93,0.87,4,0,0
57,2,760,329,40,28,0.81,4,0,0
57,3,809,345,49,39,0.80,4,0,0
57,4,631,357,50,32,0.79,4,0,0
57,5,845,303,35,23,0.74,4,0,0
57,6,788,415,66,40,0.73,4,0,0
57,7,951,295,25,19,0.63,4,0,0
57,8,862,277,30,29,0.59,4,0,0
57,9,939,273,28,18,0.45,4,0,0
57,10,905,288,28,20,0.33,4,0,0
57,11,318,624,175,93,0.87,11,0,0
57,12,760,329,40,28,0.81,11,0,0
57,13,809,345,49,39,0.80,11,0,0
57,14,631,357,50,32,0.79,11,0,0
57,15,845,303,35,23,0.74,11,0,0
57,16,788,415,66,40,0.73,11,0,0
57,17,951,295,25,19,0.63,11,0,0
57,18,862,277,30,29,0.59,11,0,0
57,19,939,273,28,18,0.45,11,0,0
57,20,687,255,16,29,0.44,11,0,0
57,21,287,323,25,47,0.38,11,0,0
57,22,905,288,28,20,0.33,11,0,0
58,1,375,601,158,104,0.86,4,0,0
58,2,614,361,53,34,0.81,4,0,0
58,3,747,332,41,30,0.80,4,0,0
58,4,818,343,49,37,0.74,4,0,0
58,5,802,407,61,41,0.73,4,0,0
58,6,833,306,38,25,0.73,4,0,0
58,7,954,292,29,20,0.65,4,0,0
58,8,896,290,32,20,0.50,4,0,0
58,9,938,275,23,19,0.46,4,0,0
58,10,853,280,32,20,0.36,4,0,0
58,11,852,295,21,15,0.27,4,0,0
58,12,375,601,158,104,0.86,11,0,0
58,13,614,361,53,34,0.81,11,0,0
58,14,747,332,41,30,0.80,11,0,0
58,15,818,343,49,37,0.74,11,0,0
58,16,802,407,61,41,0.73,11,0,0
58,17,833,306,38,25,0.73,11,0,0
58,18,954,292,29,20,0.65,11,0,0
58,19,896,290,32,20,0.50,11,0,0
58,20,287,323,25,48,0.47,11,0,0
58,21,938,275,23,19,0.46,11,0,0
58,22,687,255,16,28,0.43,11,0,0
58,23,853,280,32,20,0.36,11,0,0
58,24,852,295,21,15,0.27,11,0,0
59,1,428,577,143,94,0.88,4,0,0
59,2,733,339,44,30,0.79,4,0,0
59,3,830,337,48,37,0.78,4,0,0
59,4,594,368,55,36,0.76,4,0,0
59,5,825,308,39,26,0.76,4,0,0
59,6,814,401,60,38,0.72,4,0,0
59,7,958,291,25,18,0.72,4,0,0
59,8,846,283,32,26,0.64,4,0,0
59,9,889,292,33,21,0.62,4,0,0
59,10,930,277,29,20,0.56,4,0,0
59,11,428,577,143,94,0.88,11,0,0
59,12,733,339,44,30,0.79,11,0,0
59,13,830,337,48,37,0.78,11,0,0
59,14,594,368,55,36,0.76,11,0,0
59,15,825,308,39,26,0.76,11,0,0
59,16,814,401,60,38,0.72,11,0,0
59,17,958,291,25,18,0.72,11,0,0
59,18,846,283,32,26,0.64,11,0,0
59,19,889,292,33,21,0.62,11,0,0
59,20,930,277,29,20,0.56,11,0,0
59,21,287,323,25,48,0.51,11,0,0
59,22,688,255,15,28,0.37,11,0,0
60,1,468,559,135,85,0.87,4,0,0
60,2,577,375,56,36,0.83,4,0,0
60,3,719,345,46,30,0.80,4,0,0
60,4,815,312,40,26,0.77,4,0,0
60,5,840,333,47,37,0.77,4,0,0
60,6,823,395,60,38,0.67,4,0,0
60,7,961,289,25,19,0.59,4,0,0
60,8,883,295,34,24,0.57,4,0,0
60,9,926,279,26,20,0.52,4,0,0
60,10,837,284,33,26,0.50,4,0,0
60,11,468,559,135,85,0.87,11,0,0
60,12,577,375,56,36,0.83,11,0,0
60,13,719,345,46,30,0.80,11,0,0
60,14,815,312,40,26,0.77,11,0,0
60,15,840,333,47,37,0.77,11,0,0
60,16,823,395,60,38,0.67,11,0,0
60,17,961,289,25,19,0.59,11,0,0
60,18,883,295,34,24,0.57,11,0,0
60,19,287,323,25,48,0.57,11,0,0
60,20,926,279,26,20,0.52,11,0,0
60,21,837,284,33,26,0.50,11,0,0
60,22,688,255,15,29,0.40,11,0,0
61,1,509,543,123,77,0.87,4,0,0
61,2,703,351,48,31,0.81,4,0,0
61,3,556,382,59,38,0.81,4,0,0
61,4,848,330,46,36,0.79,4,0,0
61,5,805,316,42,25,0.78,4,0,0
61,6,832,388,59,39,0.74,4,0,0
61,7,875,299,35,24,0.68,4,0,0
61,8,919,282,29,19,0.62,4,0,0
61,9,964,288,25,18,0.57,4,0,0
61,10,830,287,34,28,0.53,4,0,0
61,11,509,543,123,77,0.87,11,0,0
61,12,703,351,48,31,0.81,11,0,0
61,13,556,382,59,38,0.81,11,0,0
61,14,848,330,46,36,0.79,11,0,0
61,15,805,316,42,25,0.78,11,0,0
61,16,832,388,59,39,0.74,11,0,0
61,17,875,299,35,24,0.68,11,0,0
61,18,919,282,29,19,0.62,11,0,0
61,19,287,323,25,48,0.60,11,0,0
61,20,964,288,25,18,0.57,11,0,0
61,21,830,287,34,28,0.53,11,0,0
61,22,688,256,16,28,0.46,11,0,0
62,1,544,523,115,74,0.85,4,0,0
62,2,532,391,64,37,0.82,4,0,0
62,3,793,319,44,26,0.81,4,0,0
62,4,688,356,52,34,0.79,4,0,0
62,5,857,327,44,35,0.75,4,0,0
62,6,912,283,32,20,0.71,4,0,0
62,7,866,300,39,26,0.70,4,0,0
62,8,844,383,55,37,0.68,4,0,0
62,9,818,291,35,30,0.67,4,0,0
62,10,968,287,27,18,0.42,4,0,0
62,11,544,523,115,74,0.85,11,0,0
62,12,532,391,64,37,0.82,11,0,0
62,13,793,319,44,26,0.81,11,0,0
62,14,688,356,52,34,0.79,11,0,0
62,15,857,327,44,35,0.75,11,0,0
62,16,912,283,32,20,0.71,11,0,0
62,17,866,300,39,26,0.70,11,0,0
62,18,844,383,55,37,0.68,11,0,0
62,19,818,291,35,30,0.67,11,0,0
62,20,286,323,26,48,0.57,11,0,0
62,21,688,256,16,28,0.44,11,0,0
62,22,968,287,27,18,0.42,11,0,0
63,1,505,398,70,42,0.84,4,0,0
63,2,669,364,53,34,0.84,4,0,0
63,3,781,322,44,29,0.80,4,0,0
63,4,866,325,42,32,0.78,4,0,0
63,5,577,508,106,68,0.72,4,0,0
63,6,859,302,43,28,0.72,4,0,0
63,7,851,375,57,40,0.70,4,0,0
63,8,906,286,33,19,0.67,4,0,0
63,9,808,293,36,31,0.66,4,0,0
63,10,972,285,25,18,0.54,4,0,0
63,11,505,398,70,42,0.84,11,0,0
63,12,669,364,53,34,0.84,11,0,0
63,13,781,322,44,29,0.80,11,0,0
63,14,866,325,42,32,0.78,11,0,0
63,15,577,508,106,68,0.72,11,0,0
63,16,859,302,43,28,0.72,11,0,0
63,17,851,375,57,40,0.70,11,0,0
63,18,906,286,33,19,0.67,11,0,0
63,19,808,293,36,31,0.66,11,0,0
63,20,972,285,25,18,0.54,11,0,0
63,21,287,323,25,48,0.52,11,0,0
63,22,688,256,16,28,0.41,11,0,0
64,1,478,406,73,45,0.84,4,0,0
64,2,768,328,46,28,0.83,4,0,0
64,3,650,371,56,37,0.83,4,0,0
64,4,862,370,52,39,0.75,4,0,0
64,5,798,297,37,32,0.74,4,0,0
64,6,606,494,100,66,0.74,4,0,0
64,7,875,322,40,32,0.71,4,0,0
64,8,850,305,44,26,0.69,4,0,0
64,9,898,287,33,22,0.63,4,0,0
64,10,975,284,24,18,0.48,4,0,0
64,11,478,406,73,45,0.84,11,0,0
64,12,768,328,46,28,0.83,11,0,0
64,13,650,371,56,37,0.83,11,0,0
64,14,862,370,52,39,0.75,11,0,0
64,15,798,297,37,32,0.74,11,0,0
64,16,606,494,100,66,0.74,11,0,0
64,17,875,322,40,32,0.71,11,0,0
64,18,850,305,44,26,0.69,11,0,0
64,19,898,287,33,22,0.63,11,0,0
64,20,287,323,25,48,0.57,11,0,0
64,21,975,284,24,18,0.48,11,0,0
64,22,688,256,16,28,0.43,11,0,0
65,1,462,412,71,45,0.86,4,0,0
65,2,638,375,60,38,0.84,4,0,0
65,3,760,331,47,28,0.82,4,0,0
65,4,618,487,99,65,0.78,4,0,0
65,5,866,369,52,36,0.75,4,0,0
65,6,879,319,39,33,0.73,4,0,0
65,7,846,306,42,26,0.71,4,0,0
65,8,791,298,39,33,0.69,4,0,0
65,9,895,289,33,22,0.54,4,0,0
65,10,977,284,24,17,0.41,4,0,0
65,11,462,412,71,45,0.86,11,0,0
65,12,638,375,60,38,0.84,11,0,0
65,13,760,331,47,28,0.82,11,0,0
65,14,618,487,99,65,0.78,11,0,0
65,15,866,369,52,36,0.75,11,0,0
65,16,879,319,39,33,0.73,11,0,0
65,17,846,306,42,26,0.71,11,0,0
65,18,791,298,39,33,0.69,11,0,0
65,19,895,289,33,22,0.54,11,0,0
65,20,287,323,26,48,0.54,11,0,0
65,21,688,256,16,28,0.42,11,0,0
65,22,977,284,24,17,0.41,11,0,0
66,1,429,422,83,49,0.88,4,0,0
66,2,745,334,50,30,0.82,4,0,0
66,3,643,478,89,59,0.81,4,0,0
66,4,874,366,50,35,0.79,4,0,0
66,5,618,382,60,40,0.77,4,0,0
66,6,836,311,40,24,0.77,4,0,0
66,7,782,300,40,35,0.74,4,0,0
66,8,884,316,39,33,0.70,4,0,0
66,9,890,291,33,21,0.52,4,0,0
66,10,979,283,23,17,0.46,4,0,0
66,11,429,422,83,49,0.88,11,0,0
66,12,745,334,50,30,0.82,11,0,0
66,13,643,478,89,59,0.81,11,0,0
66,14,874,366,50,35,0.79,11,0,0
66,15,618,382,60,40,0.77,11,0,0
66,16,836,311,40,24,0.77,11,0,0
66,17,782,300,40,35,0.74,11,0,0
66,18,884,316,39,33,0.70,11,0,0
66,19,287,323,26,48,0.53,11,0,0
66,20,890,291,33,21,0.52,11,0,0
66,21,979,283,23,17,0.46,11,0,0
66,22,688,256,16,28,0.44,11,0,0
67,1,395,432,85,52,0.86,4,0,0
67,2,593,392,66,40,0.83,4,0,0
67,3,730,340,50,29,0.83,4,0,0
67,4,667,466,85,58,0.82,4,0,0
67,5,827,315,40,24,0.76,4,0,0
67,6,893,314,37,31,0.75,4,0,0
67,7,882,362,49,33,0.74,4,0,0
67,8,768,306,39,36,0.72,4,0,0
67,9,881,294,32,29,0.47,4,0,0
67,10,982,281,24,17,0.41,4,0,0
67,11,395,432,85,52,0.86,11,0,0
67,12,593,392,66,40,0.83,11,0,0
67,13,730,340,50,29,0.83,11,0,0
67,14,667,466,85,58,0.82,11,0,0
67,15,827,315,40,24,0.76,11,0,0
67,16,893,314,37,31,0.75,11,0,0
67,17,882,362,49,33,0.74,11,0,0
67,18,768,306,39,36,0.72,11,0,0
67,19,287,323,26,49,0.59,11,0,0
67,20,881,294,32,29,0.47,11,0,0
67,21,982,281,24,17,0.41,11,0,0
67,22,688,256,16,28,0.32,11,0,0
68,1,360,445,87,54,0.87,4,0,0
68,2,569,400,69,44,0.86,4,0,0
68,3,715,345,52,31,0.84,4,0,0
68,4,816,319,43,26,0.77,4,0,0
68,5,754,309,43,35,0.76,4,0,0
68,6,890,358,47,32,0.75,4,0,0
68,7,900,311,36,30,0.69,4,0,0
68,8,687,455,82,56,0.51,4,0,0
68,9,986,276,22,21,0.48,4,0,0
68,10,874,298,34,25,0.44,4,0,0
68,11,921,267,26,18,0.43,4,0,0
68,12,360,445,87,54,0.87,11,0,0
68,13,569,400,69,44,0.86,11,0,0
68,14,715,345,52,31,0.84,11,0,0
68,15,816,319,43,26,0.77,11,0,0
68,16,754,309,43,35,0.76,11,0,0
68,17,890,358,47,32,0.75,11,0,0
68,18,900,311,36,30,0.69,11,0,0
68,19,287,323,26,49,0.57,11,0,0
68,20,687,455,82,56,0.51,11,0,0
68,21,986,276,22,21,0.48,11,0,0
68,22,874,298,34,25,0.44,11,0,0
68,23,921,267,26,18,0.43,11,0,0
68,24,688,257,16,27,0.34,11,0,0
69,1,317,458,98,59,0.88,4,0,0
69,2,542,410,73,46,0.86,4,0,0
69,3,698,350,54,33,0.83,4,0,0
69,4,745,313,42,35,0.79,4,0,0
69,5,807,322,43,27,0.77,4,0,0
69,6,896,354,47,31,0.77,4,0,0
69,7,706,447,79,51,0.73,4,0,0
69,8,906,308,36,30,0.68,4,0,0
69,9,868,301,32,24,0.51,4,0,0
69,10,989,278,23,17,0.50,4,0,0
69,11,916,269,27,18,0.39,4,0,0
69,12,1004,305,25,16,0.26,4,0,0
69,13,317,458,98,59,0.88,11,0,0
69,14,542,410,73,46,0.86,11,0,0
69,15,698,350,54,33,0.83,11,0,0
69,16,745,313,42,35,0.79,11,0,0
69,17,807,322,43,27,0.77,11,0,0
69,18,896,354,47,31,0.77,11,0,0
69,19,706,447,79,51,0.73,11,0,0
69,20,906,308,36,30,0.68,11,0,0
69,21,868,301,32,24,0.51,11,0,0
69,22,989,278,23,17,0.50,11,0,0
69,23,288,324,26,48,0.48,11,0,0
69,24,916,269,27,18,0.39,11,0,0
69,25,689,257,15,27,0.31,11,0,0
69,26,1004,305,25,16,0.26,11,0,0
70,1,512,421,79,51,0.89,4,0,0
70,2,270,472,106,63,0.89,4,0,0
70,3,683,354,55,36,0.81,4,0,0
70,4,731,317,43,36,0.81,4,0,0
70,5,797,327,43,26,0.80,4,0,0
70,6,905,350,45,32,0.78,4,0,0
70,7,912,306,35,28,0.72,4,0,0
70,8,723,436,78,52,0.58,4,0,0
70,9,857,303,37,29,0.56,4,0,0
70,10,910,270,29,18,0.48,4,0,0
70,11,992,275,22,19,0.45,4,0,0
70,12,953,269,27,18,0.42,4,0,0
70,13,961,250,27,19,0.33,4,0,0
70,14,512,421,79,51,0.89,11,0,0
70,15,270,472,106,63,0.89,11,0,0
70,16,683,354,55,36,0.81,11,0,0
70,17,731,317,43,36,0.81,11,0,0
70,18,797,327,43,26,0.80,11,0,0
70,19,905,350,45,32,0.78,11,0,0
70,20,912,306,35,28,0.72,11,0,0
70,21,723,436,78,52,0.58,11,0,0
70,22,857,303,37,29,0.56,11,0,0
70,23,288,324,26,48,0.49,11,0,0
70,24,910,270,29,18,0.48,11,0,0
70,25,992,275,22,19,0.45,11,0,0
70,26,953,269,27,18,0.42,11,0,0
70,27,689,257,16,27,0.39,11,0,0
70,28,961,250,27,19,0.33,11,0,0
71,1,477,433,84,55,0.89,4,0,0
71,2,215,487,119,68,0.88,4,0,0
71,3,662,363,57,33,0.83,4,0,0
71,4,784,331,47,27,0.78,4,0,0
71,5,717,320,45,39,0.74,4,0,0
71,6,912,347,43,31,0.70,4,0,0
71,7,919,304,33,27,0.67,4,0,0
71,8,847,306,37,28,0.64,4,0,0
71,9,738,429,76,48,0.60,4,0,0
71,10,906,271,30,19,0.51,4,0,0
71,11,995,274,23,18,0.40,4,0,0
71,12,951,269,24,19,0.32,4,0,0
71,13,958,250,25,18,0.28,4,0,0
71,14,477,433,84,55,0.89,11,0,0
71,15,215,487,119,68,0.88,11,0,0
71,16,662,363,57,33,0.83,11,0,0
71,17,784,331,47,27,0.78,11,0,0
71,18,717,320,45,39,0.74,11,0,0
71,19,912,347,43,31,0.70,11,0,0
71,20,919,304,33,27,0.67,11,0,0
71,21,847,306,37,28,0.64,11,0,0
71,22,738,429,76,48,0.60,11,0,0
71,23,906,271,30,19,0.51,11,0,0
71,24,288,324,26,48,0.50,11,0,0
71,25,995,274,23,18,0.40,11,0,0
71,26,951,269,24,19,0.32,11,0,0
71,27,689,257,16,27,0.30,11,0,0
71,28,958,250,25,18,0.28,11,0,0
72,1,161,504,127,75,0.90,4,0,0
72,2,439,447,92,57,0.90,4,0,0
72,3,641,368,62,37,0.83,4,0,0
72,4,702,326,47,39,0.82,4,0,0
72,5,775,334,46,29,0.80,4,0,0
72,6,839,311,40,29,0.74,4,0,0
72,7,925,300,32,27,0.71,4,0,0
72,8,919,343,41,31,0.66,4,0,0
72,9,901,273,27,20,0.50,4,0,0
72,10,997,273,23,17,0.39,4,0,0
72,11,754,422,72,44,0.30,4,0,0
72,12,947,266,29,25,0.27,4,0,0
72,13,161,504,127,75,0.90,11,0,0
72,14,439,447,92,57,0.90,11,0,0
72,15,641,368,62,37,0.83,11,0,0
72,16,702,326,47,39,0.82,11,0,0
72,17,775,334,46,29,0.80,11,0,0
72,18,839,311,40,29,0.74,11,0,0
72,19,925,300,32,27,0.71,11,0,0
72,20,919,343,41,31,0.66,11,0,0
72,21,288,324,27,48,0.53,11,0,0
72,22,901,273,27,20,0.50,11,0,0
72,23,997,273,23,17,0.39,11,0,0
72,24,689,257,16,28,0.30,11,0,0
72,25,754,422,72,44,0.30,11,0,0
72,26,947,266,29,25,0.27,11,0,0
73,1,127,515,128,77,0.90,4,0,0
73,2,418,454,92,60,0.89,4,0,0
73,3,628,372,62,37,0.84,4,0,0
73,4,767,337,47,30,0.82,4,0,0
73,5,692,329,49,40,0.81,4,0,0
73,6,834,313,41,29,0.75,4,0,0
73,7,764,417,69,45,0.71,4,0,0
73,8,923,342,40,30,0.70,4,0,0
73,9,928,299,32,27,0.69,4,0,0
73,10,897,274,27,20,0.56,4,0,0
73,11,999,273,22,17,0.39,4,0,0
73,12,942,270,29,22,0.27,4,0,0
73,13,127,515,128,77,0.90,11,0,0
73,14,418,454,92,60,0.89,11,0,0
73,15,628,372,62,37,0.84,11,0,0
73,16,767,337,47,30,0.82,11,0,0
73,17,692,329,49,40,0.81,11,0,0
73,18,834,313,41,29,0.75,11,0,0
73,19,764,417,69,45,0.71,11,0,0
73,20,923,342,40,30,0.70,11,0,0
73,21,928,299,32,27,0.69,11,0,0
73,22,897,274,27,20,0.56,11,0,0
73,23,288,324,27,48,0.45,11,0,0
73,24,999,273,22,17,0.39,11,0,0
73,25,942,270,29,22,0.27,11,0,0
74,1,63,534,145,85,0.93,4,0,0
74,2,375,467,105,70,0.90,4,0,0
74,3,607,378,68,40,0.82,4,0,0
74,4,756,343,46,29,0.80,4,0,0
74,5,826,316,46,29,0.78,4,0,0
74,6,775,412,68,44,0.77,4,0,0
74,7,676,333,52,41,0.74,4,0,0
74,8,927,339,42,30,0.73,4,0,0
74,9,932,298,32,26,0.72,4,0,0
74,10,893,276,26,20,0.65,4,0,0
74,11,1000,273,26,15,0.30,4,0,0
74,12,943,274,24,17,0.25,4,0,0
74,13,63,534,145,85,0.93,11,0,0
74,14,375,467,105,70,0.90,11,0,0
74,15,607,378,68,40,0.82,11,0,0
74,16,756,343,46,29,0.80,11,0,0
74,17,826,316,46,29,0.78,11,0,0
74,18,775,412,68,44,0.77,11,0,0
74,19,676,333,52,41,0.74,11,0,0
74,20,927,339,42,30,0.73,11,0,0
74,21,932,298,32,26,0.72,11,0,0
74,22,893,276,26,20,0.65,11,0,0
74,23,288,324,27,48,0.42,11,0,0
74,24,1000,273,26,15,0.30,11,0,0
74,25,690,257,16,28,0.28,11,0,0
74,26,943,274,24,17,0.25,11,0,0
75,1,0,557,146,90,0.92,4,0,0
75,2,326,483,114,73,0.89,4,0,0
75,3,585,386,69,41,0.83,4,0,0
75,4,741,348,49,30,0.79,4,0,0
75,5,659,339,52,41,0.74,4,0,0
75,6,931,337,41,29,0.70,4,0,0
75,7,815,320,37,28,0.68,4,0,0
75,8,939,296,30,26,0.66,4,0,0
75,9,787,404,67,45,0.66,4,0,0
75,10,885,280,29,20,0.52,4,0,0
75,11,1003,272,25,16,0.33,4,0,0
75,12,0,557,146,90,0.92,11,0,0
75,13,326,483,114,73,0.89,11,0,0
75,14,585,386,69,41,0.83,11,0,0
75,15,741,348,49,30,0.79,11,0,0
75,16,659,339,52,41,0.74,11,0,0
75,17,931,337,41,29,0.70,11,0,0
75,18,815,320,37,28,0.68,11,0,0
75,19,939,296,30,26,0.66,11,0,0
75,20,787,404,67,45,0.66,11,0,0
75,21,885,280,29,20,0.52,11,0,0
75,22,289,324,27,49,0.38,11,0,0
75,23,1003,272,25,16,0.33,11,0,0
75,24,689,257,17,28,0.26,11,0,0
76,1,272,505,125,75,0.91,4,0,0
76,2,0,583,79,72,0.86,4,0,0
76,3,559,395,73,42,0.86,4,0,0
76,4,726,353,51,32,0.80,4,0,0
76,5,802,325,43,27,0.78,4,0,0
76,6,944,294,29,25,0.74,4,0,0
76,7,938,334,40,28,0.71,4,0,0
76,8,879,282,29,19,0.66,4,0,0
76,9,801,399,62,40,0.58,4,0,0
76,10,642,344,53,45,0.47,4,0,0
76,11,326,266,26,18,0.30,4,0,0
76,12,272,505,125,75,0.91,11,0,0
76,13,0,583,79,72,0.86,11,0,0
76,14,559,395,73,42,0.86,11,0,0
76,15,726,353,51,32,0.80,11,0,0
76,16,802,325,43,27,0.78,11,0,0
76,17,944,294,29,25,0.74,11,0,0
76,18,938,334,40,28,0.71,11,0,0
76,19,879,282,29,19,0.66,11,0,0
76,20,801,399,62,40,0.58,11,0,0
76,21,642,344,53,45,0.47,11,0,0
76,22,289,325,27,48,0.44,11,0,0
76,23,326,266,26,18,0.30,11,0,0
76,24,690,257,16,28,0.29,11,0,0
77,1,210,527,135,82,0.92,4,0,0
77,2,528,402,80,45,0.85,4,0,0
77,3,711,359,54,34,0.83,4,0,0
77,4,791,330,45,27,0.80,4,0,0
77,5,622,350,58,45,0.78,4,0,0
77,6,812,393,61,39,0.73,4,0,0
77,7,873,284,28,21,0.67,4,0,0
77,8,943,332,37,27,0.63,4,0,0
77,9,949,292,28,24,0.62,4,0,0
77,10,1009,269,23,16,0.42,4,0,0
77,11,848,333,17,19,0.32,4,0,0
77,12,210,527,135,82,0.92,11,0,0
77,13,528,402,80,45,0.85,11,0,0
77,14,711,359,54,34,0.83,11,0,0
77,15,791,330,45,27,0.80,11,0,0
77,16,622,350,58,45,0.78,11,0,0
77,17,812,393,61,39,0.73,11,0,0
77,18,873,284,28,21,0.67,11,0,0
77,19,943,332,37,27,0.63,11,0,0
77,20,949,292,28,24,0.62,11,0,0
77,21,1009,269,23,16,0.42,11,0,0
77,22,690,257,16,28,0.39,11,0,0
77,23,289,325,27,48,0.37,11,0,0
77,24,848,333,17,19,0.32,11,0,0
78,1,139,546,154,94,0.91,4,0,0
78,2,501,412,82,47,0.85,4,0,0
78,3,696,367,52,33,0.85,4,0,0
78,4,779,333,48,30,0.79,4,0,0
78,5,823,387,58,38,0.69,4,0,0
78,6,948,330,37,25,0.69,4,0,0
78,7,864,286,33,22,0.68,4,0,0
78,8,603,356,55,50,0.68,4,0,0
78,9,954,291,27,24,0.61,4,0,0
78,10,845,334,18,20,0.31,4,0,0
78,11,1011,269,23,15,0.30,4,0,0
78,12,139,546,154,94,0.91,11,0,0
78,13,501,412,82,47,0.85,11,0,0
78,14,696,367,52,33,0.85,11,0,0
78,15,779,333,48,30,0.79,11,0,0
78,16,823,387,58,38,0.69,11,0,0
78,17,948,330,37,25,0.69,11,0,0
78,18,864,286,33,22,0.68,11,0,0
78,19,603,356,55,50,0.68,11,0,0
78,20,954,291,27,24,0.61,11,0,0
78,21,289,325,28,49,0.33,11,0,0
78,22,845,334,18,20,0.31,11,0,0
78,23,1011,269,23,15,0.30,11,0,0
78,24,690,257,17,28,0.30,11,0,0
79,1,58,573,175,107,0.91,4,0,0
79,2,465,422,88,52,0.88,4,0,0
79,3,674,372,58,37,0.83,4,0,0
79,4,765,339,49,30,0.83,4,0,0
79,5,578,365,62,47,0.78,4,0,0
79,6,833,383,56,37,0.73,4,0,0
79,7,957,288,28,25,0.72,4,0,0
79,8,857,289,32,22,0.71,4,0,0
79,9,954,326,33,26,0.70,4,0,0
79,10,926,284,25,19,0.44,4,0,0
79,11,1015,266,21,17,0.28,4,0,0
79,12,58,573,175,107,0.91,11,0,0
79,13,465,422,88,52,0.88,11,0,0
79,14,674,372,58,37,0.83,11,0,0
79,15,765,339,49,30,0.83,11,0,0
79,16,578,365,62,47,0.78,11,0,0
79,17,833,383,56,37,0.73,11,0,0
79,18,957,288,28,25,0.72,11,0,0
79,19,857,289,32,22,0.71,11,0,0
79,20,954,326,33,26,0.70,11,0,0
79,21,926,284,25,19,0.44,11,0,0
79,22,289,325,28,49,0.34,11,0,0
79,23,1015,266,21,17,0.28,11,0,0
79,24,690,257,17,28,0.28,11,0,0
80,1,0,601,161,111,0.93,4,0,0
80,2,431,434,93,54,0.87,4,0,0
80,3,655,380,61,39,0.83,4,0,0
80,4,754,345,47,31,0.81,4,0,0
80,5,347,670,152,48,0.79,4,0,0
80,6,556,370,66,54,0.78,4,0,0
80,7,850,291,31,23,0.75,4,0,0
80,8,843,377,56,39,0.72,4,0,0
80,9,957,321,36,28,0.67,4,0,0
80,10,961,286,28,25,0.58,4,0,0
80,11,922,284,28,21,0.37,4,0,0
80,12,1017,266,20,16,0.28,4,0,0
80,13,0,601,161,111,0.93,11,0,0
80,14,431,434,93,54,0.87,11,0,0
80,15,655,380,61,39,0.83,11,0,0
80,16,754,345,47,31,0.81,11,0,0
80,17,347,670,152,48,0.79,11,0,0
80,18,556,370,66,54,0.78,11,0,0
80,19,850,291,31,23,0.75,11,0,0
80,20,843,377,56,39,0.72,11,0,0
80,21,957,321,36,28,0.67,11,0,0
80,22,961,286,28,25,0.58,11,0,0
80,23,922,284,28,21,0.37,11,0,0
80,24,289,325,28,49,0.31,11,0,0
80,25,1017,266,20,16,0.28,11,0,0
80,26,691,257,16,28,0.25,11,0,0
81,1,0,618,122,96,0.91,4,0,0
81,2,412,440,96,55,0.87,4,0,0
81,3,644,384,63,40,0.83,4,0,0
81,4,542,374,67,54,0.81,4,0,0
81,5,746,348,48,32,0.80,4,0,0
81,6,358,651,170,68,0.78,4,0,0
81,7,847,373,55,39,0.77,4,0,0
81,8,845,295,32,21,0.71,4,0,0
81,9,960,319,34,29,0.65,4,0,0
81,10,964,285,27,25,0.58,4,0,0
81,11,836,339,18,20,0.38,4,0,0
81,12,918,286,29,20,0.34,4,0,0
81,13,1018,265,20,16,0.27,4,0,0
81,14,0,618,122,96,0.91,11,0,0
81,15,412,440,96,55,0.87,11,0,0
81,16,644,384,63,40,0.83,11,0,0
81,17,542,374,67,54,0.81,11,0,0
81,18,746,348,48,32,0.80,11,0,0
81,19,358,651,170,68,0.78,11,0,0
81,20,847,373,55,39,0.77,11,0,0
81,21,845,295,32,21,0.71,11,0,0
81,22,960,319,34,29,0.65,11,0,0
81,23,964,285,27,25,0.58,11,0,0
81,24,836,339,18,20,0.38,11,0,0
81,25,918,286,29,20,0.34,11,0,0
81,26,290,326,27,48,0.30,11,0,0
81,27,691,257,16,28,0.29,11,0,0
81,28,1018,265,20,16,0.27,11,0,0
82,1,412,621,161,97,0.90,4,0,0
82,2,373,451,104,61,0.88,4,0,0
82,3,622,393,66,41,0.85,4,0,0
82,4,731,354,53,33,0.83,4,0,0
82,5,0,655,40,62,0.81,4,0,0
82,6,856,372,54,36,0.72,4,0,0
82,7,517,382,70,58,0.70,4,0,0
82,8,837,299,32,20,0.70,4,0,0
82,9,968,284,27,24,0.56,4,0,0
82,10,965,320,31,26,0.49,4,0,0
82,11,915,286,28,22,0.48,4,0,0
82,12,412,621,161,97,0.90,11,0,0
82,13,373,451,104,61,0.88,11,0,0
82,14,622,393,66,41,0.85,11,0,0
82,15,731,354,53,33,0.83,11,0,0
82,16,0,655,40,62,0.81,11,0,0
82,17,856,372,54,36,0.72,11,0,0
82,18,517,382,70,58,0.70,11,0,0
82,19,837,299,32,20,0.70,11,0,0
82,20,968,284,27,24,0.56,11,0,0
82,21,965,320,31,26,0.49,11,0,0
82,22,915,286,28,22,0.48,11,0,0
82,23,290,326,27,48,0.33,11,0,0
82,24,691,258,16,28,0.31,11,0,0
83,1,476,592,141,98,0.90,4,0,0
83,2,328,462,114,67,0.88,4,0,0
83,3,599,402,70,44,0.85,4,0,0
83,4,717,359,52,35,0.83,4,0,0
83,5,827,301,34,22,0.77,4,0,0
83,6,864,369,53,33,0.76,4,0,0
83,7,972,282,26,24,0.63,4,0,0
83,8,490,390,72,58,0.53,4,0,0
83,9,912,287,29,22,0.47,4,0,0
83,10,969,317,32,27,0.47,4,0,0
83,11,1021,264,23,15,0.26,4,0,0
83,12,476,592,141,98,0.90,11,0,0
83,13,328,462,114,67,0.88,11,0,0
83,14,599,402,70,44,0.85,11,0,0
83,15,717,359,52,35,0.83,11,0,0
83,16,827,301,34,22,0.77,11,0,0
83,17,864,369,53,33,0.76,11,0,0
83,18,972,282,26,24,0.63,11,0,0
83,19,490,390,72,58,0.53,11,0,0
83,20,912,287,29,22,0.47,11,0,0
83,21,969,317,32,27,0.47,11,0,0
83,22,290,326,27,49,0.27,11,0,0
83,23,1021,264,23,15,0.26,11,0,0
84,1,282,478,119,70,0.91,4,0,0
84,2,524,572,128,85,0.90,4,0,0
84,3,568,411,77,47,0.85,4,0,0
84,4,701,366,56,36,0.83,4,0,0
84,5,816,303,37,24,0.77,4,0,0
84,6,872,365,51,33,0.75,4,0,0
84,7,462,400,78,60,0.64,4,0,0
84,8,975,281,26,24,0.64,4,0,0
84,9,973,316,30,26,0.60,4,0,0
84,10,909,290,27,21,0.56,4,0,0
84,11,900,268,36,23,0.28,4,0,0
84,12,1025,264,20,14,0.27,4,0,0
84,13,282,478,119,70,0.91,11,0,0
84,14,524,572,128,85,0.90,11,0,0
84,15,568,411,77,47,0.85,11,0,0
84,16,701,366,56,36,0.83,11,0,0
84,17,816,303,37,24,0.77,11,0,0
84,18,872,365,51,33,0.75,11,0,0
84,19,462,400,78,60,0.64,11,0,0
84,20,975,281,26,24,0.64,11,0,0
84,21,973,316,30,26,0.60,11,0,0
84,22,909,290,27,21,0.56,11,0,0
84,23,900,268,36,23,0.28,11,0,0
84,24,1025,264,20,14,0.27,11,0,0
85,1,226,495,139,77,0.91,4,0,0
85,2,567,547,118,77,0.88,4,0,0
85,3,541,422,82,50,0.87,4,0,0
85,4,684,372,59,39,0.83,4,0,0
85,5,431,409,82,65,0.76,4,0,0
85,6,809,305,36,27,0.75,4,0,0
85,7,878,361,50,33,0.74,4,0,0
85,8,904,291,30,23,0.47,4,0,0
85,9,979,280,26,24,0.42,4,0,0
85,10,226,495,139,77,0.91,11,0,0
85,11,567,547,118,77,0.88,11,0,0
85,12,541,422,82,50,0.87,11,0,0
85,13,684,372,59,39,0.83,11,0,0
85,14,431,409,82,65,0.76,11,0,0
85,15,809,305,36,27,0.75,11,0,0
85,16,878,361,50,33,0.74,11,0,0
85,17,904,291,30,23,0.47,11,0,0
85,18,979,280,26,24,0.42,11,0,0
85,19,691,259,17,28,0.26,11,0,0
86,1,170,511,145,83,0.91,4,0,0
86,2,606,527,108,74,0.87,4,0,0
86,3,512,434,85,53,0.87,4,0,0
86,4,665,381,62,39,0.82,4,0,0
86,5,399,416,87,70,0.81,4,0,0
86,6,799,310,36,25,0.77,4,0,0
86,7,887,357,48,33,0.75,4,0,0
86,8,899,294,31,23,0.67,4,0,0
86,9,983,279,25,22,0.51,4,0,0
86,10,950,269,25,18,0.42,4,0,0
86,11,886,272,41,25,0.30,4,0,0
86,12,170,511,145,83,0.91,11,0,0
86,13,606,527,108,74,0.87,11,0,0
86,14,512,434,85,53,0.87,11,0,0
86,15,665,381,62,39,0.82,11,0,0
86,16,399,416,87,70,0.81,11,0,0
86,17,799,310,36,25,0.77,11,0,0
86,18,887,357,48,33,0.75,11,0,0
86,19,899,294,31,23,0.67,11,0,0
86,20,983,279,25,22,0.51,11,0,0
86,21,950,269,25,18,0.42,11,0,0
86,22,886,272,41,25,0.30,11,0,0
86,23,691,259,17,28,0.30,11,0,0
87,1,94,533,166,93,0.92,4,0,0
87,2,472,447,95,58,0.89,4,0,0
87,3,642,511,100,65,0.87,4,0,0
87,4,363,427,93,72,0.86,4,0,0
87,5,645,388,65,43,0.83,4,0,0
87,6,788,315,37,25,0.74,4,0,0
87,7,894,354,47,32,0.70,4,0,0
87,8,894,296,32,23,0.69,4,0,0
87,9,944,270,26,18,0.44,4,0,0
87,10,987,277,24,22,0.39,4,0,0
87,11,882,274,38,25,0.38,4,0,0
87,12,94,533,166,93,0.92,11,0,0
87,13,472,447,95,58,0.89,11,0,0
87,14,642,511,100,65,0.87,11,0,0
87,15,363,427,93,72,0.86,11,0,0
87,16,645,388,65,43,0.83,11,0,0
87,17,788,315,37,25,0.74,11,0,0
87,18,894,354,47,32,0.70,11,0,0
87,19,894,296,32,23,0.69,11,0,0
87,20,944,270,26,18,0.44,11,0,0
87,21,987,277,24,22,0.39,11,0,0
87,22,882,274,38,25,0.38,11,0,0
87,23,291,329,27,48,0.26,11,0,0
88,1,27,554,177,100,0.92,4,0,0
88,2,433,460,102,62,0.87,4,0,0
88,3,622,398,70,44,0.85,4,0,0
88,4,671,493,96,62,0.84,4,0,0
88,5,776,319,40,25,0.78,4,0,0
88,6,324,441,101,76,0.75,4,0,0
88,7,898,352,48,31,0.67,4,0,0
88,8,889,300,34,22,0.66,4,0,0
88,9,938,270,29,19,0.40,4,0,0
88,10,989,276,25,22,0.39,4,0,0
88,11,986,309,30,24,0.34,4,0,0
88,12,875,278,26,23,0.25,4,0,0
88,13,27,554,177,100,0.92,11,0,0
88,14,433,460,102,62,0.87,11,0,0
88,15,622,398,70,44,0.85,11,0,0
88,16,671,493,96,62,0.84,11,0,0
88,17,776,319,40,25,0.78,11,0,0
88,18,324,441,101,76,0.75,11,0,0
88,19,898,352,48,31,0.67,11,0,0
88,20,889,300,34,22,0.66,11,0,0
88,21,938,270,29,19,0.40,11,0,0
88,22,989,276,25,22,0.39,11,0,0
88,23,986,309,30,24,0.34,11,0,0
88,24,291,329,26,48,0.30,11,0,0
88,25,875,278,26,23,0.25,11,0,0
89,1,0,568,168,102,0.91,4,0,0
89,2,412,469,102,61,0.89,4,0,0
89,3,688,485,90,59,0.85,4,0,0
89,4,610,404,70,45,0.83,4,0,0
89,5,302,448,104,80,0.75,4,0,0
89,6,769,321,40,27,0.75,4,0,0
89,7,886,302,34,22,0.68,4,0,0
89,8,902,350,47,31,0.67,4,0,0
89,9,988,308,30,24,0.47,4,0,0
89,10,992,275,23,21,0.43,4,0,0
89,11,935,271,29,20,0.43,4,0,0
89,12,870,279,29,25,0.34,4,0,0
89,13,0,568,168,102,0.91,11,0,0
89,14,412,469,102,61,0.89,11,0,0
89,15,688,485,90,59,0.85,11,0,0
89,16,610,404,70,45,0.83,11,0,0
89,17,302,448,104,80,0.75,11,0,0
89,18,769,321,40,27,0.75,11,0,0
89,19,886,302,34,22,0.68,11,0,0
89,20,902,350,47,31,0.67,11,0,0
89,21,988,308,30,24,0.47,11,0,0
89,22,992,275,23,21,0.43,11,0,0
89,23,935,271,29,20,0.43,11,0,0
89,24,291,329,27,49,0.37,11,0,0
89,25,870,279,29,25,0.34,11,0,0
90,1,0,591,107,92,0.92,4,0,0
90,2,367,485,114,67,0.89,4,0,0
90,3,586,413,76,47,0.82,4,0,0
90,4,714,472,84,54,0.82,4,0,0
90,5,759,327,40,25,0.81,4,0,0
90,6,883,302,33,23,0.68,4,0,0
90,7,908,348,45,30,0.67,4,0,0
90,8,258,459,116,84,0.56,4,0,0
90,9,931,273,27,21,0.54,4,0,0
90,10,258,459,116,84,0.35,6,0,0
90,11,989,310,32,21,0.29,4,0,0
90,12,994,274,24,22,0.28,4,0,0
90,13,0,591,107,92,0.92,11,0,0
90,14,367,485,114,67,0.89,11,0,0
90,15,586,413,76,47,0.82,11,0,0
90,16,714,472,84,54,0.82,11,0,0
90,17,759,327,40,25,0.81,11,0,0
90,18,883,302,33,23,0.68,11,0,0
90,19,908,348,45,30,0.67,11,0,0
90,20,258,459,116,84,0.56,11,0,0
90,21,931,273,27,21,0.54,11,0,0
90,22,258,459,116,84,0.35,11,0,0
90,23,989,310,32,21,0.29,11,0,0
90,24,994,274,24,22,0.28,11,0,0
90,25,291,330,27,49,0.27,11,0,0
91,1,212,472,121,90,0.90,4,0,0
91,2,317,503,121,73,0.90,4,0,0
91,3,559,424,80,51,0.84,4,0,0
91,4,745,331,43,26,0.78,4,0,0
91,5,739,461,80,46,0.77,4,0,0
91,6,915,345,43,28,0.71,4,0,0
91,7,877,305,34,23,0.68,4,0,0
91,8,0,623,31,64,0.66,4,0,0
91,9,926,275,26,21,0.49,4,0,0
91,10,858,283,43,26,0.27,4,0,0
91,11,995,310,30,17,0.27,4,0,0
91,12,996,273,24,21,0.27,4,0,0
91,13,212,472,121,90,0.90,11,0,0
91,14,317,503,121,73,0.90,11,0,0
91,15,559,424,80,51,0.84,11,0,0
91,16,745,331,43,26,0.78,11,0,0
91,17,739,461,80,46,0.77,11,0,0
91,18,915,345,43,28,0.71,11,0,0
91,19,877,305,34,23,0.68,11,0,0
91,20,0,623,31,64,0.66,11,0,0
91,21,926,275,26,21,0.49,11,0,0
91,22,858,283,43,26,0.27,11,0,0
91,23,995,310,30,17,0.27,11,0,0
91,24,291,330,27,49,0.27,11,0,0
91,25,996,273,24,21,0.27,11,0,0
92,1,259,523,135,81,0.90,4,0,0
92,2,533,435,84,54,0.86,4,0,0
92,3,732,335,43,28,0.76,4,0,0
92,4,161,488,128,96,0.75,4,0,0
92,5,762,449,75,45,0.71,4,0,0
92,6,921,342,43,27,0.70,4,0,0
92,7,870,307,36,24,0.69,4,0,0
92,8,313,678,144,40,0.65,4,0,0
92,9,917,278,29,22,0.60,4,0,0
92,10,850,286,47,28,0.34,4,0,0
92,11,1000,307,28,18,0.30,4,0,0
92,12,259,523,135,81,0.90,11,0,0
92,13,533,435,84,54,0.86,11,0,0
92,14,732,335,43,28,0.76,11,0,0
92,15,161,488,128,96,0.75,11,0,0
92,16,762,449,75,45,0.71,11,0,0
92,17,921,342,43,27,0.70,11,0,0
92,18,870,307,36,24,0.69,11,0,0
92,19,313,678,144,40,0.65,11,0,0
92,20,917,278,29,22,0.60,11,0,0
92,21,850,286,47,28,0.34,11,0,0
92,22,1000,307,28,18,0.30,11,0,0
92,23,291,331,27,49,0.29,11,0,0
92,24,691,260,17,29,0.27,11,0,0
93,1,193,544,152,89,0.92,4,0,0
93,2,500,448,91,57,0.89,4,0,0
93,3,106,507,136,100,0.88,4,0,0
93,4,335,653,169,66,0.81,4,0,0
93,5,719,339,44,31,0.80,4,0,0
93,6,927,339,40,29,0.75,4,0,0
93,7,863,310,37,25,0.74,4,0,0
93,8,782,434,70,45,0.69,4,0,0
93,9,910,283,31,19,0.61,4,0,0
93,10,841,290,46,26,0.43,4,0,0
93,11,1004,271,21,20,0.36,4,0,0
93,12,968,268,20,16,0.35,4,0,0
93,13,1003,309,27,15,0.28,4,0,0
93,14,193,544,152,89,0.92,11,0,0
93,15,500,448,91,57,0.89,11,0,0
93,16,106,507,136,100,0.88,11,0,0
93,17,335,653,169,66,0.81,11,0,0
93,18,719,339,44,31,0.80,11,0,0
93,19,927,339,40,29,0.75,11,0,0
93,20,863,310,37,25,0.74,11,0,0
93,21,782,434,70,45,0.69,11,0,0
93,22,910,283,31,19,0.61,11,0,0
93,23,841,290,46,26,0.43,11,0,0
93,24,692,260,16,30,0.37,11,0,0
93,25,1004,271,21,20,0.36,11,0,0
93,26,292,332,26,49,0.36,11,0,0
93,27,968,268,20,16,0.35,11,0,0
93,28,1003,309,27,15,0.28,11,0,0
