1,1,575,592,69,122,0.78,4,0,0
1,2,678,608,77,111,0.65,4,0,0
1,3,639,430,63,100,0.63,4,0,0
1,4,564,432,53,97,0.52,4,0,0
1,5,575,592,69,122,0.78,11,0,0
1,6,678,608,77,111,0.65,11,0,0
1,7,639,430,63,100,0.63,11,0,0
1,8,564,432,53,97,0.52,11,0,0
2,1,576,593,69,122,0.76,4,0,0
2,2,678,610,77,109,0.60,4,0,0
2,3,362,184,40,57,0.57,4,0,0
2,4,563,434,55,96,0.56,4,0,0
2,5,639,428,62,103,0.45,4,0,0
2,6,576,593,69,122,0.76,11,0,0
2,7,678,610,77,109,0.60,11,0,0
2,8,362,184,40,57,0.57,11,0,0
2,9,563,434,55,96,0.56,11,0,0
2,10,639,428,62,103,0.45,11,0,0
3,1,576,593,69,122,0.78,4,0,0
3,2,679,611,75,108,0.63,4,0,0
3,3,361,191,41,55,0.61,4,0,0
3,4,639,428,61,101,0.60,4,0,0
3,5,564,434,52,97,0.54,4,0,0
3,6,359,124,42,43,0.30,4,0,0
3,7,576,593,69,122,0.78,11,0,0
3,8,679,611,75,108,0.63,11,0,0
3,9,361,191,41,55,0.61,11,0,0
3,10,639,428,61,101,0.60,11,0,0
3,11,564,434,52,97,0.54,11,0,0
3,12,359,124,42,43,0.30,11,0,0
4,1,576,594,70,122,0.74,4,0,0
4,2,365,196,39,57,0.62,4,0,0
4,3,639,428,62,99,0.56,4,0,0
4,4,563,436,53,96,0.47,4,0,0
4,5,361,126,43,45,0.45,4,0,0
4,6,678,611,77,108,0.35,4,0,0
4,7,576,594,70,122,0.74,11,0,0
4,8,365,196,39,57,0.62,11,0,0
4,9,639,428,62,99,0.56,11,0,0
4,10,563,436,53,96,0.47,11,0,0
4,11,361,126,43,45,0.45,11,0,0
4,12,678,611,77,108,0.35,11,0,0
5,1,576,597,71,120,0.71,4,0,0
5,2,364,205,42,58,0.71,4,0,0
5,3,639,431,62,97,0.53,4,0,0
5,4,365,131,41,48,0.47,4,0,0
5,5,564,439,53,96,0.44,4,0,0
5,6,679,614,77,105,0.37,4,0,0
5,7,576,597,71,120,0.71,11,0,0
5,8,364,205,42,58,0.71,11,0,0
5,9,639,431,62,97,0.53,11,0,0
5,10,365,131,41,48,0.47,11,0,0
5,11,564,439,53,96,0.44,11,0,0
5,12,679,614,77,105,0.37,11,0,0
5,13,767,177,23,23,0.34,11,0,0
6,1,578,600,70,118,0.74,4,0,0
6,2,566,443,53,95,0.68,4,0,0
6,3,640,428,61,99,0.65,4,0,0
6,4,364,215,45,62,0.55,4,0,0
6,5,369,141,40,45,0.52,4,0,0
6,6,681,618,79,101,0.28,4,0,0
6,7,578,600,70,118,0.74,11,0,0
6,8,566,443,53,95,0.68,11,0,0
6,9,640,428,61,99,0.65,11,0,0
6,10,364,215,45,62,0.55,11,0,0
6,11,369,141,40,45,0.52,11,0,0
6,12,681,618,79,101,0.28,11,0,0
7,1,578,604,69,114,0.76,4,0,0
7,2,566,446,55,95,0.68,4,0,0
7,3,374,150,39,46,0.62,4,0,0
7,4,640,429,61,99,0.60,4,0,0
7,5,374,231,37,60,0.47,4,0,0
7,6,682,621,101,98,0.30,4,0,0
7,7,578,604,69,114,0.76,11,0,0
7,8,566,446,55,95,0.68,11,0,0
7,9,374,150,39,46,0.62,11,0,0
7,10,640,429,61,99,0.60,11,0,0
7,11,374,231,37,60,0.47,11,0,0
7,12,682,621,101,98,0.30,11,0,0
8,1,580,606,68,113,0.75,4,0,0
8,2,568,449,52,94,0.70,4,0,0
8,3,639,429,62,100,0.61,4,0,0
8,4,377,157,38,48,0.56,4,0,0
8,5,374,236,39,68,0.46,4,0,0
8,6,235,17,56,24,0.35,4,0,0
8,7,580,606,68,113,0.75,11,0,0
8,8,568,449,52,94,0.70,11,0,0
8,9,639,429,62,100,0.61,11,0,0
8,10,377,157,38,48,0.56,11,0,0
8,11,374,236,39,68,0.46,11,0,0
8,12,235,17,56,24,0.35,11,0,0
9,1,580,608,68,111,0.72,4,0,0
9,2,569,451,53,94,0.69,4,0,0
9,3,379,162,38,48,0.67,4,0,0
9,4,639,430,61,96,0.58,4,0,0
9,5,230,21,57,23,0.54,4,0,0
9,6,377,247,38,66,0.53,4,0,0
9,7,580,608,68,111,0.72,11,0,0
9,8,569,451,53,94,0.69,11,0,0
9,9,379,162,38,48,0.67,11,0,0
9,10,639,430,61,96,0.58,11,0,0
9,11,230,21,57,23,0.54,11,0,0
9,12,377,247,38,66,0.53,11,0,0
10,1,580,609,68,109,0.69,4,0,0
10,2,382,170,36,46,0.62,4,0,0
10,3,380,260,37,66,0.59,4,0,0
10,4,568,452,55,95,0.57,4,0,0
10,5,640,429,58,94,0.48,4,0,0
10,6,580,609,68,109,0.69,11,0,0
10,7,382,170,36,46,0.62,11,0,0
10,8,380,260,37,66,0.59,11,0,0
10,9,568,452,55,95,0.57,11,0,0
10,10,640,429,58,94,0.48,11,0,0
11,1,569,455,54,95,0.58,4,0,0
11,2,580,610,69,108,0.56,4,0,0
11,3,382,273,36,68,0.47,4,0,0
11,4,384,178,36,49,0.45,4,0,0
11,5,640,426,57,94,0.37,4,0,0
11,6,569,455,54,95,0.58,11,0,0
11,7,580,610,69,108,0.56,11,0,0
11,8,382,273,36,68,0.47,11,0,0
11,9,384,178,36,49,0.45,11,0,0
11,10,640,426,57,94,0.37,11,0,0
12,1,581,612,69,106,0.68,4,0,0
12,2,569,457,54,96,0.59,4,0,0
12,3,383,287,37,69,0.54,4,0,0
12,4,640,426,56,93,0.49,4,0,0
12,5,684,633,75,86,0.34,4,0,0
12,6,386,186,36,49,0.29,4,0,0
12,7,581,612,69,106,0.68,11,0,0
12,8,569,457,54,96,0.59,11,0,0
12,9,383,287,37,69,0.54,11,0,0
12,10,640,426,56,93,0.49,11,0,0
12,11,684,633,75,86,0.34,11,0,0
12,12,386,186,36,49,0.29,11,0,0
13,1,385,301,38,71,0.58,4,0,0
13,2,191,37,52,23,0.45,4,0,0
13,3,640,426,57,91,0.42,4,0,0
13,4,389,196,35,49,0.41,4,0,0
13,5,570,460,53,95,0.41,4,0,0
13,6,582,614,68,105,0.36,4,0,0
13,7,385,301,38,71,0.58,11,0,0
13,8,191,37,52,23,0.45,11,0,0
13,9,640,426,57,91,0.42,11,0,0
13,10,389,196,35,49,0.41,11,0,0
13,11,570,460,53,95,0.41,11,0,0
13,12,582,614,68,105,0.36,11,0,0
14,1,392,207,33,50,0.78,4,0,0
14,2,385,319,39,72,0.76,4,0,0
14,3,640,426,57,90,0.71,4,0,0
14,4,570,463,54,96,0.63,4,0,0
14,5,583,616,67,103,0.50,4,0,0
14,6,616,320,41,61,0.35,6,0,0
14,7,181,42,53,24,0.31,4,0,0
14,8,392,207,33,50,0.78,11,0,0
14,9,385,319,39,72,0.76,11,0,0
14,10,640,426,57,90,0.71,11,0,0
14,11,570,463,54,96,0.63,11,0,0
14,12,583,616,67,103,0.50,11,0,0
14,13,616,320,41,61,0.35,11,0,0
14,14,181,42,53,24,0.31,11,0,0
15,1,386,335,38,72,0.77,4,0,0
15,2,570,466,54,96,0.77,4,0,0
15,3,639,425,58,90,0.75,4,0,0
15,4,394,216,33,51,0.67,4,0,0
15,5,583,618,66,100,0.51,4,0,0
15,6,169,46,56,23,0.49,4,0,0
15,7,615,321,42,61,0.30,6,0,0
15,8,616,322,41,60,0.29,4,0,0
15,9,386,335,38,72,0.77,11,0,0
15,10,570,466,54,96,0.77,11,0,0
15,11,639,425,58,90,0.75,11,0,0
15,12,394,216,33,51,0.67,11,0,0
15,13,583,618,66,100,0.51,11,0,0
15,14,169,46,56,23,0.49,11,0,0
15,15,615,321,42,61,0.30,11,0,0
15,16,616,322,41,60,0.29,11,0,0
16,1,385,351,41,76,0.76,4,0,0
16,2,394,227,34,52,0.72,4,0,0
16,3,639,425,55,89,0.71,4,0,0
16,4,570,470,53,95,0.70,4,0,0
16,5,583,621,66,98,0.44,4,0,0
16,6,498,138,39,31,0.26,4,0,0
16,7,385,351,41,76,0.76,11,0,0
16,8,394,227,34,52,0.72,11,0,0
16,9,639,425,55,89,0.71,11,0,0
16,10,570,470,53,95,0.70,11,0,0
16,11,583,621,66,98,0.44,11,0,0
16,12,498,138,39,31,0.26,11,0,0
17,1,385,361,40,78,0.75,4,0,0
17,2,638,426,56,87,0.73,4,0,0
17,3,394,234,35,55,0.69,4,0,0
17,4,570,472,54,95,0.64,4,0,0
17,5,583,623,67,96,0.55,4,0,0
17,6,615,321,42,60,0.33,6,0,0
17,7,687,649,71,70,0.33,4,0,0
17,8,615,321,42,61,0.26,4,0,0
17,9,385,361,40,78,0.75,11,0,0
17,10,638,426,56,87,0.73,11,0,0
17,11,394,234,35,55,0.69,11,0,0
17,12,570,472,54,95,0.64,11,0,0
17,13,583,623,67,96,0.55,11,0,0
17,14,615,321,42,60,0.33,11,0,0
17,15,687,649,71,70,0.33,11,0,0
17,16,615,321,42,61,0.26,11,0,0
18,1,384,380,42,82,0.79,4,0,0
18,2,394,246,34,57,0.77,4,0,0
18,3,638,426,54,88,0.70,4,0,0
18,4,571,477,54,96,0.54,4,0,0
18,5,615,322,40,59,0.48,4,0,0
18,6,583,627,65,92,0.35,4,0,0
18,7,487,137,41,31,0.34,4,0,0
18,8,614,323,41,58,0.31,6,0,0
18,9,384,380,42,82,0.79,11,0,0
18,10,394,246,34,57,0.77,11,0,0
18,11,638,426,54,88,0.70,11,0,0
18,12,571,477,54,96,0.54,11,0,0
18,13,615,322,40,59,0.48,11,0,0
18,14,583,627,65,92,0.35,11,0,0
18,15,487,137,41,31,0.34,11,0,0
18,16,614,323,41,58,0.31,11,0,0
19,1,394,256,34,57,0.73,4,0,0
19,2,384,398,42,87,0.69,4,0,0
19,3,615,323,41,59,0.56,4,0,0
19,4,572,482,54,96,0.55,4,0,0
19,5,638,428,54,87,0.50,4,0,0
19,6,480,135,45,33,0.42,4,0,0
19,7,394,256,34,57,0.73,11,0,0
19,8,384,398,42,87,0.69,11,0,0
19,9,615,323,41,59,0.56,11,0,0
19,10,572,482,54,96,0.55,11,0,0
19,11,638,428,54,87,0.50,11,0,0
19,12,480,135,45,33,0.42,11,0,0
20,1,393,268,36,59,0.76,4,0,0
20,2,572,487,54,98,0.74,4,0,0
20,3,384,422,43,87,0.69,4,0,0
20,4,638,430,54,87,0.64,4,0,0
20,5,615,325,41,58,0.59,4,0,0
20,6,476,135,45,33,0.34,4,0,0
20,7,585,637,65,82,0.30,4,0,0
20,8,393,268,36,59,0.76,11,0,0
20,9,572,487,54,98,0.74,11,0,0
20,10,384,422,43,87,0.69,11,0,0
20,11,638,430,54,87,0.64,11,0,0
20,12,615,325,41,58,0.59,11,0,0
20,13,476,135,45,33,0.34,11,0,0
20,14,585,637,65,82,0.30,11,0,0
21,1,393,283,37,61,0.77,4,0,0
21,2,638,431,55,86,0.70,4,0,0
21,3,574,491,53,99,0.64,4,0,0
21,4,382,446,46,93,0.63,4,0,0
21,5,471,136,43,28,0.54,4,0,0
21,6,586,643,63,77,0.39,4,0,0
21,7,616,326,41,57,0.37,4,0,0
21,8,393,283,37,61,0.77,11,0,0
21,9,638,431,55,86,0.70,11,0,0
21,10,574,491,53,99,0.64,11,0,0
21,11,382,446,46,93,0.63,11,0,0
21,12,471,136,43,28,0.54,11,0,0
21,13,586,643,63,77,0.39,11,0,0
21,14,616,326,41,57,0.37,11,0,0
22,1,378,471,49,96,0.86,4,0,0
22,2,576,498,52,99,0.66,4,0,0
22,3,394,294,35,65,0.66,4,0,0
22,4,638,432,54,87,0.58,4,0,0
22,5,587,649,61,71,0.44,4,0,0
22,6,465,135,46,32,0.43,4,0,0
22,7,617,328,40,56,0.36,4,0,0
22,8,378,471,49,96,0.86,11,0,0
22,9,576,498,52,99,0.66,11,0,0
22,10,394,294,35,65,0.66,11,0,0
22,11,638,432,54,87,0.58,11,0,0
22,12,587,649,61,71,0.44,11,0,0
22,13,465,135,46,32,0.43,11,0,0
22,14,617,328,40,56,0.36,11,0,0
23,1,394,311,37,62,0.81,4,0,0
23,2,377,497,50,100,0.71,4,0,0
23,3,575,503,53,100,0.61,4,0,0
23,4,638,433,53,87,0.55,4,0,0
23,5,617,331,40,54,0.31,4,0,0
23,6,459,134,48,32,0.25,4,0,0
23,7,394,311,37,62,0.81,11,0,0
23,8,377,497,50,100,0.71,11,0,0
23,9,575,503,53,100,0.61,11,0,0
23,10,638,433,53,87,0.55,11,0,0
23,11,617,331,40,54,0.31,11,0,0
23,12,459,134,48,32,0.25,11,0,0
24,1,375,525,49,106,0.60,4,0,0
24,2,574,508,53,101,0.54,4,0,0
24,3,390,325,38,66,0.54,4,0,0
24,4,375,525,49,106,0.60,11,0,0
24,5,574,508,53,101,0.54,11,0,0
24,6,390,325,38,66,0.54,11,0,0
25,1,387,335,37,68,0.80,4,0,0
25,2,372,544,50,109,0.76,4,0,0
25,3,574,512,52,101,0.67,4,0,0
25,4,447,132,43,29,0.34,4,0,0
25,5,636,434,54,88,0.30,4,0,0
25,6,686,674,60,45,0.27,4,0,0
25,7,387,335,37,68,0.80,11,0,0
25,8,372,544,50,109,0.76,11,0,0
25,9,574,512,52,101,0.67,11,0,0
25,10,447,132,43,29,0.34,11,0,0
25,11,636,434,54,88,0.30,11,0,0
25,12,686,674,60,45,0.27,11,0,0
26,1,366,575,53,117,0.79,4,0,0
26,2,573,517,52,102,0.73,4,0,0
26,3,383,350,41,72,0.73,4,0,0
26,4,438,130,44,30,0.39,4,0,0
26,5,366,575,53,117,0.79,11,0,0
26,6,573,517,52,102,0.73,11,0,0
26,7,383,350,41,72,0.73,11,0,0
26,8,438,130,44,30,0.39,11,0,0
27,1,351,606,64,113,0.86,4,0,0
27,2,380,366,41,71,0.71,4,0,0
27,3,430,128,44,29,0.63,4,0,0
27,4,572,521,52,103,0.55,4,0,0
27,5,384,33,25,27,0.44,4,0,0
27,6,613,331,41,55,0.32,6,0,0
27,7,418,41,23,23,0.32,4,0,0
27,8,634,436,52,86,0.32,4,0,0
27,9,351,606,64,113,0.86,11,0,0
27,10,380,366,41,71,0.71,11,0,0
27,11,430,128,44,29,0.63,11,0,0
27,12,572,521,52,103,0.55,11,0,0
27,13,384,33,25,27,0.44,11,0,0
27,14,613,331,41,55,0.32,11,0,0
27,15,418,41,23,23,0.32,11,0,0
27,16,634,436,52,86,0.32,11,0,0
28,1,376,383,43,74,0.76,4,0,0
28,2,421,126,45,30,0.56,4,0,0
28,3,384,34,25,30,0.51,4,0,0
28,4,419,44,23,24,0.44,4,0,0
28,5,514,189,33,33,0.39,4,0,0
28,6,352,642,60,78,0.31,4,0,0
28,7,613,330,41,56,0.26,6,0,0
28,8,376,383,43,74,0.76,11,0,0
28,9,421,126,45,30,0.56,11,0,0
28,10,384,34,25,30,0.51,11,0,0
28,11,419,44,23,24,0.44,11,0,0
28,12,514,189,33,33,0.39,11,0,0
28,13,352,642,60,78,0.31,11,0,0
28,14,613,330,41,56,0.26,11,0,0
29,1,374,402,43,77,0.75,4,0,0
29,2,414,126,44,28,0.66,4,0,0
29,3,422,48,22,25,0.44,4,0,0
29,4,572,530,52,103,0.44,4,0,0
29,5,384,38,26,30,0.37,4,0,0
29,6,613,330,41,56,0.34,6,0,0
29,7,612,330,42,55,0.29,4,0,0
29,8,454,26,23,30,0.28,4,0,0
29,9,374,402,43,77,0.75,11,0,0
29,10,414,126,44,28,0.66,11,0,0
29,11,422,48,22,25,0.44,11,0,0
29,12,572,530,52,103,0.44,11,0,0
29,13,384,38,26,30,0.37,11,0,0
29,14,613,330,41,56,0.34,11,0,0
29,15,612,330,42,55,0.29,11,0,0
29,16,454,26,23,30,0.28,11,0,0
30,1,369,419,48,82,0.84,4,0,0
30,2,407,123,46,29,0.72,4,0,0
30,3,423,50,22,28,0.59,4,0,0
30,4,572,534,52,105,0.54,4,0,0
30,5,633,437,51,84,0.53,4,0,0
30,6,377,51,32,22,0.39,4,0,0
30,7,459,32,21,29,0.38,4,0,0
30,8,613,330,41,55,0.37,6,0,0
30,9,369,419,48,82,0.84,11,0,0
30,10,407,123,46,29,0.72,11,0,0
30,11,423,50,22,28,0.59,11,0,0
30,12,572,534,52,105,0.54,11,0,0
30,13,633,437,51,84,0.53,11,0,0
30,14,377,51,32,22,0.39,11,0,0
30,15,459,32,21,29,0.38,11,0,0
30,16,613,330,41,55,0.37,11,0,0
31,1,367,438,48,84,0.77,4,0,0
31,2,400,121,45,28,0.73,4,0,0
31,3,572,537,53,105,0.61,4,0,0
31,4,378,54,31,22,0.52,4,0,0
31,5,632,437,52,83,0.50,4,0,0
31,6,424,52,22,29,0.38,4,0,0
31,7,461,35,21,30,0.37,4,0,0
31,8,614,329,38,55,0.34,6,0,0
31,9,367,438,48,84,0.77,11,0,0
31,10,400,121,45,28,0.73,11,0,0
31,11,572,537,53,105,0.61,11,0,0
31,12,378,54,31,22,0.52,11,0,0
31,13,632,437,52,83,0.50,11,0,0
31,14,424,52,22,29,0.38,11,0,0
31,15,461,35,21,30,0.37,11,0,0
31,16,614,329,38,55,0.34,11,0,0
32,1,392,121,44,26,0.71,4,0,0
32,2,363,459,48,93,0.61,4,0,0
32,3,378,58,32,23,0.61,4,0,0
32,4,573,542,52,105,0.48,4,0,0
32,5,615,328,37,55,0.43,6,0,0
32,6,492,176,44,32,0.38,4,0,0
32,7,632,437,51,83,0.33,4,0,0
32,8,427,63,21,24,0.31,4,0,0
32,9,392,121,44,26,0.71,11,0,0
32,10,363,459,48,93,0.61,11,0,0
32,11,378,58,32,23,0.61,11,0,0
32,12,573,542,52,105,0.48,11,0,0
32,13,615,328,37,55,0.43,11,0,0
32,14,492,176,44,32,0.38,11,0,0
32,15,632,437,51,83,0.33,11,0,0
32,16,427,63,21,24,0.31,11,0,0
33,1,361,472,49,93,0.81,4,0,0
33,2,386,119,45,28,0.76,4,0,0
33,3,378,60,33,23,0.58,4,0,0
33,4,632,436,52,84,0.42,4,0,0
33,5,572,544,54,106,0.41,4,0,0
33,6,490,175,43,32,0.37,4,0,0
33,7,428,61,21,31,0.36,4,0,0
33,8,615,329,39,54,0.36,6,0,0
33,9,615,328,39,55,0.32,4,0,0
33,10,361,472,49,93,0.81,11,0,0
33,11,386,119,45,28,0.76,11,0,0
33,12,378,60,33,23,0.58,11,0,0
33,13,632,436,52,84,0.42,11,0,0
33,14,572,544,54,106,0.41,11,0,0
33,15,490,175,43,32,0.37,11,0,0
33,16,428,61,21,31,0.36,11,0,0
33,17,615,329,39,54,0.36,11,0,0
33,18,615,328,39,55,0.32,11,0,0
34,1,356,497,51,98,0.81,4,0,0
34,2,379,120,43,26,0.75,4,0,0
34,3,480,172,47,28,0.68,4,0,0
34,4,429,68,22,26,0.53,4,0,0
34,5,375,64,35,24,0.50,4,0,0
34,6,466,49,21,28,0.31,4,0,0
34,7,616,327,38,55,0.30,4,0,0
34,8,632,438,52,82,0.30,4,0,0
34,9,356,497,51,98,0.81,11,0,0
34,10,379,120,43,26,0.75,11,0,0
34,11,480,172,47,28,0.68,11,0,0
34,12,429,68,22,26,0.53,11,0,0
34,13,375,64,35,24,0.50,11,0,0
34,14,466,49,21,28,0.31,11,0,0
34,15,616,327,38,55,0.30,11,0,0
34,16,632,438,52,82,0.30,11,0,0
35,1,369,119,45,27,0.64,4,0,0
35,2,373,68,34,24,0.58,4,0,0
35,3,474,170,45,26,0.48,4,0,0
35,4,432,67,22,33,0.36,4,0,0
35,5,353,521,51,102,0.28,4,0,0
35,6,369,119,45,27,0.64,11,0,0
35,7,373,68,34,24,0.58,11,0,0
35,8,474,170,45,26,0.48,11,0,0
35,9,432,67,22,33,0.36,11,0,0
35,10,353,521,51,102,0.28,11,0,0
36,1,466,168,45,29,0.71,4,0,0
36,2,346,553,53,106,0.70,4,0,0
36,3,360,119,46,27,0.66,4,0,0
36,4,372,72,37,25,0.47,4,0,0
36,5,575,558,52,108,0.46,4,0,0
36,6,434,76,22,31,0.43,4,0,0
36,7,619,328,36,55,0.33,4,0,0
36,8,471,60,23,31,0.29,4,0,0
36,9,1048,272,231,241,0.26,6,0,0
36,10,466,168,45,29,0.71,11,0,0
36,11,346,553,53,106,0.70,11,0,0
36,12,360,119,46,27,0.66,11,0,0
36,13,372,72,37,25,0.47,11,0,0
36,14,575,558,52,108,0.46,11,0,0
36,15,434,76,22,31,0.43,11,0,0
36,16,619,328,36,55,0.33,11,0,0
36,17,471,60,23,31,0.29,11,0,0
36,18,1048,272,231,241,0.26,11,0,0
37,1,459,166,43,26,0.65,4,0,0
37,2,340,585,56,117,0.65,4,0,0
37,3,372,77,37,24,0.63,4,0,0
37,4,352,122,44,24,0.53,4,0,0
37,5,436,80,22,33,0.35,4,0,0
37,6,575,562,52,110,0.32,4,0,0
37,7,619,328,37,55,0.31,6,0,0
37,8,473,63,22,34,0.28,4,0,0
37,9,635,440,50,83,0.27,4,0,0
37,10,459,166,43,26,0.65,11,0,0
37,11,340,585,56,117,0.65,11,0,0
37,12,372,77,37,24,0.63,11,0,0
37,13,352,122,44,24,0.53,11,0,0
37,14,436,80,22,33,0.35,11,0,0
37,15,575,562,52,110,0.32,11,0,0
37,16,619,328,37,55,0.31,11,0,0
37,17,473,63,22,34,0.28,11,0,0
37,18,635,440,50,83,0.27,11,0,0
38,1,449,164,45,29,0.61,4,0,0
38,2,618,330,37,53,0.40,6,0,0
38,3,365,81,41,23,0.40,4,0,0
38,4,335,621,56,98,0.30,4,0,0
38,5,435,86,24,34,0.26,6,0,0
38,6,449,164,45,29,0.61,11,0,0
38,7,618,330,37,53,0.40,11,0,0
38,8,365,81,41,23,0.40,11,0,0
38,9,335,621,56,98,0.30,11,0,0
38,10,435,86,24,34,0.26,11,0,0
39,1,440,164,46,29,0.69,4,0,0
39,2,362,85,41,24,0.63,4,0,0
39,3,436,92,24,34,0.48,4,0,0
39,4,328,126,47,23,0.42,4,0,0
39,5,575,572,53,110,0.38,4,0,0
39,6,619,331,36,53,0.31,6,0,0
39,7,635,442,48,82,0.27,4,0,0
39,8,440,164,46,29,0.69,11,0,0
39,9,362,85,41,24,0.63,11,0,0
39,10,436,92,24,34,0.48,11,0,0
39,11,328,126,47,23,0.42,11,0,0
39,12,575,572,53,110,0.38,11,0,0
39,13,619,331,36,53,0.31,11,0,0
39,14,635,442,48,82,0.27,11,0,0
40,1,431,163,45,29,0.73,4,0,0
40,2,359,90,41,23,0.60,4,0,0
40,3,435,98,25,34,0.57,4,0,0
40,4,314,127,49,24,0.55,4,0,0
40,5,475,85,24,36,0.38,4,0,0
40,6,431,163,45,29,0.73,11,0,0
40,7,359,90,41,23,0.60,11,0,0
40,8,435,98,25,34,0.57,11,0,0
40,9,314,127,49,24,0.55,11,0,0
40,10,475,85,24,36,0.38,11,0,0
41,1,423,162,47,30,0.74,4,0,0
41,2,355,92,44,25,0.64,4,0,0
41,3,306,125,48,27,0.48,4,0,0
41,4,435,99,25,37,0.43,4,0,0
41,5,475,90,24,34,0.33,4,0,0
41,6,619,333,36,53,0.25,4,0,0
41,7,423,162,47,30,0.74,11,0,0
41,8,355,92,44,25,0.64,11,0,0
41,9,306,125,48,27,0.48,11,0,0
41,10,435,99,25,37,0.43,11,0,0
41,11,475,90,24,34,0.33,11,0,0
41,12,619,333,36,53,0.25,11,0,0
42,1,415,161,45,29,0.76,4,0,0
42,2,836,213,404,405,0.62,6,0,0
42,3,291,129,47,24,0.58,4,0,0
42,4,436,106,23,35,0.55,4,0,0
42,5,348,96,46,24,0.51,4,0,0
42,6,477,96,23,34,0.51,4,0,0
42,7,1031,199,223,125,0.28,6,0,0
42,8,415,161,45,29,0.76,11,0,0
42,9,836,213,404,405,0.62,11,0,0
42,10,291,129,47,24,0.58,11,0,0
42,11,436,106,23,35,0.55,11,0,0
42,12,348,96,46,24,0.51,11,0,0
42,13,477,96,23,34,0.51,11,0,0
42,14,1031,199,223,125,0.28,11,0,0
43,1,403,162,46,27,0.77,4,0,0
43,2,277,131,52,23,0.63,4,0,0
43,3,343,100,48,23,0.62,4,0,0
43,4,436,113,24,33,0.54,4,0,0
43,5,836,217,413,408,0.45,6,0,0
43,6,477,102,24,35,0.45,4,0,0
43,7,1041,203,220,127,0.26,6,0,0
43,8,403,162,46,27,0.77,11,0,0
43,9,277,131,52,23,0.63,11,0,0
43,10,343,100,48,23,0.62,11,0,0
43,11,436,113,24,33,0.54,11,0,0
43,12,836,217,413,408,0.45,11,0,0
43,13,477,102,24,35,0.45,11,0,0
43,14,1041,203,220,127,0.26,11,0,0
44,1,393,161,46,27,0.78,4,0,0
44,2,335,104,49,23,0.63,4,0,0
44,3,265,132,48,24,0.60,4,0,0
44,4,436,118,24,34,0.59,4,0,0
44,5,478,108,24,36,0.49,4,0,0
44,6,837,222,426,420,0.48,6,0,0
44,7,393,161,46,27,0.78,11,0,0
44,8,335,104,49,23,0.63,11,0,0
44,9,265,132,48,24,0.60,11,0,0
44,10,436,118,24,34,0.59,11,0,0
44,11,478,108,24,36,0.49,11,0,0
44,12,837,222,426,420,0.48,11,0,0
45,1,383,161,48,27,0.80,4,0,0
45,2,250,136,46,25,0.70,4,0,0
45,3,436,123,26,36,0.65,4,0,0
45,4,330,108,48,23,0.58,4,0,0
45,5,480,116,24,36,0.57,4,0,0
45,6,842,228,426,418,0.57,6,0,0
45,7,635,449,52,82,0.38,4,0,0
45,8,383,161,48,27,0.80,11,0,0
45,9,250,136,46,25,0.70,11,0,0
45,10,436,123,26,36,0.65,11,0,0
45,11,330,108,48,23,0.58,11,0,0
45,12,480,116,24,36,0.57,11,0,0
45,13,842,228,426,418,0.57,11,0,0
45,14,635,449,52,82,0.38,11,0,0
46,1,373,161,48,27,0.66,4,0,0
46,2,234,139,53,21,0.63,4,0,0
46,3,435,130,27,35,0.52,4,0,0
46,4,846,231,425,427,0.49,6,0,0
46,5,321,112,51,23,0.45,4,0,0
46,6,481,123,24,38,0.42,6,0,0
46,7,481,123,24,38,0.36,4,0,0
46,8,736,135,24,15,0.27,4,0,0
46,9,373,161,48,27,0.66,11,0,0
46,10,234,139,53,21,0.63,11,0,0
46,11,435,130,27,35,0.52,11,0,0
46,12,846,231,425,427,0.49,11,0,0
46,13,321,112,51,23,0.45,11,0,0
46,14,481,123,24,38,0.42,11,0,0
46,15,481,123,24,38,0.36,11,0,0
46,16,736,135,24,15,0.27,11,0,0
47,1,223,141,48,20,0.72,4,0,0
47,2,363,159,47,27,0.61,4,0,0
47,3,436,136,26,36,0.58,4,0,0
47,4,323,116,41,22,0.50,4,0,0
47,5,483,131,24,37,0.37,4,0,0
47,6,848,236,430,441,0.32,6,0,0
47,7,483,131,24,37,0.27,6,0,0
47,8,223,141,48,20,0.72,11,0,0
47,9,363,159,47,27,0.61,11,0,0
47,10,436,136,26,36,0.58,11,0,0
47,11,323,116,41,22,0.50,11,0,0
47,12,483,131,24,37,0.37,11,0,0
47,13,848,236,430,441,0.32,11,0,0
47,14,483,131,24,37,0.27,11,0,0
48,1,352,161,47,27,0.73,4,0,0
48,2,306,121,51,23,0.70,4,0,0
48,3,850,241,429,456,0.69,6,0,0
48,4,207,142,49,22,0.68,4,0,0
48,5,434,142,28,36,0.56,4,0,0
48,6,484,140,25,39,0.47,4,0,0
48,7,352,161,47,27,0.73,11,0,0
48,8,306,121,51,23,0.70,11,0,0
48,9,850,241,429,456,0.69,11,0,0
48,10,207,142,49,22,0.68,11,0,0
48,11,434,142,28,36,0.56,11,0,0
48,12,484,140,25,39,0.47,11,0,0
49,1,198,144,50,21,0.76,4,0,0
49,2,347,161,45,26,0.64,4,0,0
49,3,301,123,50,23,0.60,4,0,0
49,4,485,146,26,38,0.55,4,0,0
49,5,436,146,26,35,0.47,4,0,0
49,6,853,244,426,458,0.29,6,0,0
49,7,198,144,50,21,0.76,11,0,0
49,8,347,161,45,26,0.64,11,0,0
49,9,301,123,50,23,0.60,11,0,0
49,10,485,146,26,38,0.55,11,0,0
49,11,436,146,26,35,0.47,11,0,0
49,12,853,244,426,458,0.29,11,0,0
50,1,288,126,56,24,0.66,4,0,0
50,2,331,159,48,28,0.58,4,0,0
50,3,437,151,25,40,0.51,4,0,0
50,4,488,155,27,43,0.41,4,0,0
50,5,855,249,425,455,0.38,6,0,0
50,6,488,155,28,43,0.35,6,0,0
50,7,184,148,45,20,0.27,4,0,0
50,8,288,126,56,24,0.66,11,0,0
50,9,331,159,48,28,0.58,11,0,0
50,10,437,151,25,40,0.51,11,0,0
50,11,488,155,27,43,0.41,11,0,0
50,12,855,249,425,455,0.38,11,0,0
50,13,488,155,28,43,0.35,11,0,0
50,14,184,148,45,20,0.27,11,0,0
51,1,436,159,26,38,0.72,4,0,0
51,2,490,166,26,43,0.58,4,0,0
51,3,282,130,50,23,0.52,4,0,0
51,4,319,160,51,26,0.43,4,0,0
51,5,174,154,42,18,0.34,4,0,0
51,6,442,120,20,22,0.31,4,0,0
51,7,638,452,51,82,0.30,6,0,0
51,8,858,254,421,456,0.30,6,0,0
51,9,637,452,52,82,0.29,4,0,0
51,10,436,159,26,38,0.72,11,0,0
51,11,490,166,26,43,0.58,11,0,0
51,12,282,130,50,23,0.52,11,0,0
51,13,319,160,51,26,0.43,11,0,0
51,14,174,154,42,18,0.34,11,0,0
51,15,442,120,20,22,0.31,11,0,0
51,16,638,452,51,82,0.30,11,0,0
51,17,858,254,421,456,0.30,11,0,0
51,18,637,452,52,82,0.29,11,0,0
52,1,307,163,49,26,0.72,4,0,0
52,2,272,134,51,24,0.71,4,0,0
52,3,436,167,27,38,0.69,4,0,0
52,4,491,177,26,42,0.68,4,0,0
52,5,859,259,421,452,0.37,6,0,0
52,6,638,454,50,83,0.34,4,0,0
52,7,577,598,53,116,0.26,4,0,0
52,8,307,163,49,26,0.72,11,0,0
52,9,272,134,51,24,0.71,11,0,0
52,10,436,167,27,38,0.69,11,0,0
52,11,491,177,26,42,0.68,11,0,0
52,12,859,259,421,452,0.37,11,0,0
52,13,638,454,50,83,0.34,11,0,0
52,14,577,598,53,116,0.26,11,0,0
53,1,435,175,27,38,0.69,4,0,0
53,2,439,130,23,26,0.45,4,0,0
53,3,258,140,54,23,0.44,4,0,0
53,4,491,189,27,42,0.44,4,0,0
53,5,297,163,43,28,0.37,4,0,0
53,6,435,175,27,38,0.69,11,0,0
53,7,439,130,23,26,0.45,11,0,0
53,8,258,140,54,23,0.44,11,0,0
53,9,491,189,27,42,0.44,11,0,0
53,10,297,163,43,28,0.37,11,0,0
54,1,247,144,53,24,0.57,4,0,0
54,2,280,166,49,25,0.52,4,0,0
54,3,434,179,28,43,0.49,4,0,0
54,4,438,136,24,27,0.46,4,0,0
54,5,492,157,27,88,0.31,6,0,0
54,6,247,144,53,24,0.57,11,0,0
54,7,280,166,49,25,0.52,11,0,0
54,8,434,179,28,43,0.49,11,0,0
54,9,438,136,24,27,0.46,11,0,0
54,10,492,157,27,88,0.31,11,0,0
55,1,266,167,47,24,0.62,4,0,0
55,2,236,150,51,21,0.58,4,0,0
55,3,494,210,26,47,0.55,4,0,0
55,4,282,111,33,19,0.46,4,0,0
55,5,433,191,29,39,0.43,4,0,0
55,6,637,457,51,83,0.33,4,0,0
55,7,624,331,33,52,0.31,4,0,0
55,8,870,275,410,437,0.26,6,0,0
55,9,266,167,47,24,0.62,11,0,0
55,10,236,150,51,21,0.58,11,0,0
55,11,494,210,26,47,0.55,11,0,0
55,12,282,111,33,19,0.46,11,0,0
55,13,433,191,29,39,0.43,11,0,0
55,14,637,457,51,83,0.33,11,0,0
55,15,624,331,33,52,0.31,11,0,0
55,16,870,275,410,437,0.26,11,0,0
56,1,252,169,51,24,0.64,4,0,0
56,2,221,153,53,23,0.60,4,0,0
56,3,494,224,30,49,0.58,4,0,0
56,4,871,280,407,432,0.52,6,0,0
56,5,431,149,32,92,0.39,6,0,0
56,6,625,337,32,48,0.37,4,0,0
56,7,281,116,32,18,0.36,4,0,0
56,8,252,169,51,24,0.64,11,0,0
56,9,221,153,53,23,0.60,11,0,0
56,10,494,224,30,49,0.58,11,0,0
56,11,871,280,407,432,0.52,11,0,0
56,12,431,149,32,92,0.39,11,0,0
56,13,625,337,32,48,0.37,11,0,0
56,14,281,116,32,18,0.36,11,0,0
57,1,245,170,50,25,0.73,4,0,0
57,2,211,154,53,26,0.71,4,0,0
57,3,495,232,29,47,0.59,4,0,0
57,4,431,203,30,43,0.41,6,0,0
57,5,873,285,407,427,0.35,6,0,0
57,6,280,120,32,17,0.30,4,0,0
57,7,577,598,53,115,0.30,4,0,0
57,8,638,460,50,82,0.29,4,0,0
57,9,245,170,50,25,0.73,11,0,0
57,10,211,154,53,26,0.71,11,0,0
57,11,495,232,29,47,0.59,11,0,0
57,12,431,203,30,43,0.41,11,0,0
57,13,873,285,407,427,0.35,11,0,0
57,14,280,120,32,17,0.30,11,0,0
57,15,577,598,53,115,0.30,11,0,0
57,16,638,460,50,82,0.29,11,0,0
58,1,228,174,53,23,0.69,4,0,0
58,2,193,161,55,24,0.58,4,0,0
58,3,431,211,29,46,0.53,4,0,0
58,4,495,246,30,50,0.51,4,0,0
58,5,577,597,54,115,0.49,4,0,0
58,6,638,461,49,83,0.33,4,0,0
58,7,278,123,32,20,0.31,4,0,0
58,8,435,160,23,29,0.29,4,0,0
58,9,605,162,22,31,0.27,6,0,0
58,10,228,174,53,23,0.69,11,0,0
58,11,193,161,55,24,0.58,11,0,0
58,12,431,211,29,46,0.53,11,0,0
58,13,495,246,30,50,0.51,11,0,0
58,14,577,597,54,115,0.49,11,0,0
58,15,638,461,49,83,0.33,11,0,0
58,16,278,123,32,20,0.31,11,0,0
58,17,435,160,23,29,0.29,11,0,0
58,18,605,162,22,31,0.27,11,0,0
59,1,183,165,55,24,0.72,4,0,0
59,2,218,176,52,25,0.71,4,0,0
59,3,430,222,31,46,0.57,4,0,0
59,4,880,295,399,417,0.46,6,0,0
59,5,577,597,53,114,0.39,4,0,0
59,6,496,261,30,52,0.37,4,0,0
59,7,496,261,30,53,0.36,6,0,0
59,8,1106,279,173,162,0.25,6,0,0
59,9,183,165,55,24,0.72,11,0,0
59,10,218,176,52,25,0.71,11,0,0
59,11,430,222,31,46,0.57,11,0,0
59,12,880,295,399,417,0.46,11,0,0
59,13,577,597,53,114,0.39,11,0,0
59,14,496,261,30,52,0.37,11,0,0
59,15,496,261,30,53,0.36,11,0,0
59,16,1106,279,173,162,0.25,11,0,0
60,1,204,181,54,24,0.73,4,0,0
60,2,166,169,64,26,0.71,4,0,0
60,3,883,303,396,409,0.45,6,0,0
60,4,429,233,31,47,0.35,4,0,0
60,5,495,277,31,56,0.34,4,0,0
60,6,495,277,31,56,0.31,6,0,0
60,7,429,233,31,47,0.27,6,0,0
60,8,1110,288,169,166,0.26,6,0,0
60,9,204,181,54,24,0.73,11,0,0
60,10,166,169,64,26,0.71,11,0,0
60,11,883,303,396,409,0.45,11,0,0
60,12,429,233,31,47,0.35,11,0,0
60,13,495,277,31,56,0.34,11,0,0
60,14,495,277,31,56,0.31,11,0,0
60,15,429,233,31,47,0.27,11,0,0
60,16,1110,288,169,166,0.26,11,0,0
61,1,889,312,390,399,0.58,6,0,0
61,2,191,186,55,25,0.54,4,0,0
61,3,429,247,31,46,0.50,4,0,0
61,4,151,175,61,23,0.46,4,0,0
61,5,1116,296,163,172,0.25,6,0,0
61,6,889,312,390,399,0.58,11,0,0
61,7,191,186,55,25,0.54,11,0,0
61,8,429,247,31,46,0.50,11,0,0
61,9,151,175,61,23,0.46,11,0,0
61,10,1116,296,163,172,0.25,11,0,0
62,1,896,321,384,391,0.81,6,0,0
62,2,428,258,31,51,0.34,6,0,0
62,3,428,258,31,51,0.31,4,0,0
62,4,1030,2,248,247,0.30,6,0,0
62,5,495,311,34,62,0.29,6,0,0
62,6,271,147,33,22,0.26,4,0,0
62,7,896,321,384,391,0.81,11,0,0
62,8,428,258,31,51,0.34,11,0,0
62,9,428,258,31,51,0.31,11,0,0
62,10,1030,2,248,247,0.30,11,0,0
62,11,495,311,34,62,0.29,11,0,0
62,12,271,147,33,22,0.26,11,0,0
63,1,897,329,383,382,0.71,6,0,0
63,2,427,275,29,49,0.57,6,0,0
63,3,495,333,35,62,0.42,4,0,0
63,4,897,329,383,382,0.71,11,0,0
63,5,427,275,29,49,0.57,11,0,0
63,6,495,333,35,62,0.42,11,0,0
64,1,902,339,377,373,0.53,6,0,0
64,2,423,288,32,55,0.42,6,0,0
64,3,423,289,31,54,0.40,4,0,0
64,4,903,339,376,374,0.27,9,0,0
64,5,902,339,377,373,0.53,11,0,0
64,6,423,288,32,55,0.42,11,0,0
64,7,423,289,31,54,0.40,11,0,0
64,8,903,339,376,374,0.27,11,0,0
65,1,904,344,375,368,0.72,6,0,0
65,2,423,297,32,56,0.55,6,0,0
65,3,1218,514,61,86,0.37,4,0,0
65,4,428,222,25,34,0.36,4,0,0
65,5,139,208,53,24,0.30,4,0,0
65,6,1142,328,137,184,0.28,6,0,0
65,7,904,344,375,368,0.72,11,0,0
65,8,423,297,32,56,0.55,11,0,0
65,9,1218,514,61,86,0.37,11,0,0
65,10,428,222,25,34,0.36,11,0,0
65,11,139,208,53,24,0.30,11,0,0
65,12,1142,328,137,184,0.28,11,0,0
66,1,911,354,367,358,0.63,6,0,0
66,2,491,396,38,74,0.60,4,0,0
66,3,420,313,32,57,0.41,6,0,0
66,4,127,205,49,37,0.25,4,0,0
66,5,911,354,367,358,0.63,11,0,0
66,6,491,396,38,74,0.60,11,0,0
66,7,420,313,32,57,0.41,11,0,0
66,8,127,205,49,37,0.25,11,0,0
67,1,488,420,41,82,0.69,4,0,0
67,2,419,332,33,60,0.60,6,0,0
67,3,418,244,32,38,0.45,4,0,0
67,4,915,364,364,348,0.35,6,0,0
67,5,579,610,53,107,0.35,4,0,0
67,6,570,229,26,38,0.28,6,0,0
67,7,497,159,20,23,0.25,4,0,0
67,8,488,420,41,82,0.69,11,0,0
67,9,419,332,33,60,0.60,11,0,0
67,10,418,244,32,38,0.45,11,0,0
67,11,915,364,364,348,0.35,11,0,0
67,12,579,610,53,107,0.35,11,0,0
67,13,570,229,26,38,0.28,11,0,0
67,14,497,159,20,23,0.25,11,0,0
68,1,484,450,44,87,0.80,4,0,0
68,2,416,257,30,38,0.57,4,0,0
68,3,414,348,36,64,0.55,4,0,0
68,4,495,162,22,28,0.46,4,0,0
68,5,424,147,39,32,0.42,4,0,0
68,6,920,374,358,340,0.42,9,0,0
68,7,580,612,51,106,0.40,4,0,0
68,8,1053,4,225,287,0.35,6,0,0
68,9,920,374,357,339,0.33,6,0,0
68,10,735,151,39,21,0.32,4,0,0
68,11,484,450,44,87,0.80,11,0,0
68,12,416,257,30,38,0.57,11,0,0
68,13,414,348,36,64,0.55,11,0,0
68,14,495,162,22,28,0.46,11,0,0
68,15,424,147,39,32,0.42,11,0,0
68,16,920,374,358,340,0.42,11,0,0
68,17,580,612,51,106,0.40,11,0,0
68,18,1053,4,225,287,0.35,11,0,0
68,19,920,374,357,339,0.33,11,0,0
68,20,735,151,39,21,0.32,11,0,0
69,1,482,483,45,92,0.77,4,0,0
69,2,414,271,30,38,0.53,4,0,0
69,3,927,385,351,328,0.52,6,0,0
69,4,495,171,23,29,0.48,4,0,0
69,5,247,198,39,22,0.35,4,0,0
69,6,493,246,25,43,0.32,6,0,0
69,7,493,246,25,43,0.30,4,0,0
69,8,572,229,25,39,0.26,6,0,0
69,9,424,156,36,31,0.26,4,0,0
69,10,482,483,45,92,0.77,11,0,0
69,11,414,271,30,38,0.53,11,0,0
69,12,927,385,351,328,0.52,11,0,0
69,13,495,171,23,29,0.48,11,0,0
69,14,247,198,39,22,0.35,11,0,0
69,15,493,246,25,43,0.32,11,0,0
69,16,493,246,25,43,0.30,11,0,0
69,17,572,229,25,39,0.26,11,0,0
69,18,424,156,36,31,0.26,11,0,0
70,1,475,515,48,107,0.72,4,0,0
70,2,412,282,28,42,0.41,4,0,0
70,3,493,263,26,47,0.41,4,0,0
70,4,494,178,23,33,0.32,4,0,0
70,5,475,515,48,107,0.72,11,0,0
70,6,412,282,28,42,0.41,11,0,0
70,7,493,263,26,47,0.41,11,0,0
70,8,494,178,23,33,0.32,11,0,0
71,1,493,278,25,45,0.59,4,0,0
71,2,406,297,32,44,0.45,4,0,0
71,3,403,181,35,24,0.44,4,0,0
71,4,473,559,47,110,0.38,4,0,0
71,5,397,412,47,73,0.35,4,0,0
71,6,495,190,21,32,0.30,6,0,0
71,7,239,214,33,22,0.29,4,0,0
71,8,493,278,25,45,0.59,11,0,0
71,9,406,297,32,44,0.45,11,0,0
71,10,403,181,35,24,0.44,11,0,0
71,11,473,559,47,110,0.38,11,0,0
71,12,397,412,47,73,0.35,11,0,0
71,13,495,190,21,32,0.30,11,0,0
71,14,239,214,33,22,0.29,11,0,0
72,1,467,601,51,119,0.51,4,0,0
72,2,492,294,28,47,0.50,4,0,0
72,3,395,187,44,28,0.48,4,0,0
72,4,948,420,331,293,0.40,6,0,0
72,5,1074,9,205,305,0.39,6,0,0
72,6,401,303,35,56,0.37,4,0,0
72,7,394,436,44,82,0.36,4,0,0
72,8,232,223,36,24,0.32,4,0,0
72,9,494,201,22,32,0.28,4,0,0
72,10,467,601,51,119,0.51,11,0,0
72,11,492,294,28,47,0.50,11,0,0
72,12,395,187,44,28,0.48,11,0,0
72,13,948,420,331,293,0.40,11,0,0
72,14,1074,9,205,305,0.39,11,0,0
72,15,401,303,35,56,0.37,11,0,0
72,16,394,436,44,82,0.36,11,0,0
72,17,232,223,36,24,0.32,11,0,0
72,18,494,201,22,32,0.28,11,0,0
73,1,491,305,28,48,0.65,4,0,0
73,2,399,322,33,47,0.53,4,0,0
73,3,494,208,22,33,0.52,4,0,0
73,4,952,427,327,286,0.39,6,0,0
73,5,393,190,41,30,0.33,4,0,0
73,6,1219,412,60,91,0.30,6,0,0
73,7,227,228,40,26,0.29,4,0,0
73,8,751,187,41,23,0.26,4,0,0
73,9,491,305,28,48,0.65,11,0,0
73,10,399,322,33,47,0.53,11,0,0
73,11,494,208,22,33,0.52,11,0,0
73,12,952,427,327,286,0.39,11,0,0
73,13,393,190,41,30,0.33,11,0,0
73,14,1219,412,60,91,0.30,11,0,0
73,15,227,228,40,26,0.29,11,0,0
73,16,751,187,41,23,0.26,11,0,0
74,1,386,481,47,99,0.44,4,0,0
74,2,396,337,34,49,0.37,6,0,0
74,3,493,216,23,38,0.36,6,0,0
74,4,492,322,27,49,0.35,6,0,0
74,5,959,438,321,276,0.34,6,0,0
74,6,386,481,47,99,0.31,6,0,0
74,7,396,337,33,49,0.30,4,0,0
74,8,378,199,43,30,0.29,4,0,0
74,9,493,217,22,36,0.29,4,0,0
74,10,577,226,25,33,0.28,6,0,0
74,11,386,481,47,99,0.44,11,0,0
74,12,396,337,34,49,0.37,11,0,0
74,13,493,216,23,38,0.36,11,0,0
74,14,492,322,27,49,0.35,11,0,0
74,15,959,438,321,276,0.34,11,0,0
74,16,386,481,47,99,0.31,11,0,0
74,17,396,337,33,49,0.30,11,0,0
74,18,378,199,43,30,0.29,11,0,0
74,19,493,217,22,36,0.29,11,0,0
74,20,577,226,25,33,0.28,11,0,0
75,1,379,524,48,94,0.55,4,0,0
75,2,623,336,31,44,0.49,6,0,0
75,3,491,227,23,37,0.42,4,0,0
75,4,492,340,28,53,0.41,6,0,0
75,5,390,333,34,70,0.37,6,0,0
75,6,368,207,42,31,0.35,4,0,0
75,7,965,449,314,266,0.31,6,0,0
75,8,379,524,48,94,0.55,11,0,0
75,9,623,336,31,44,0.49,11,0,0
75,10,491,227,23,37,0.42,11,0,0
75,11,492,340,28,53,0.41,11,0,0
75,12,390,333,34,70,0.37,11,0,0
75,13,368,207,42,31,0.35,11,0,0
75,14,965,449,314,266,0.31,11,0,0
76,1,489,241,25,38,0.67,4,0,0
76,2,371,557,52,132,0.59,4,0,0
76,3,623,336,31,44,0.57,6,0,0
76,4,970,463,310,252,0.51,6,0,0
76,5,382,370,38,57,0.48,6,0,0
76,6,382,370,38,57,0.44,4,0,0
76,7,206,255,40,28,0.41,4,0,0
76,8,478,199,18,14,0.41,4,0,0
76,9,356,211,47,36,0.40,4,0,0
76,10,490,359,29,59,0.32,6,0,0
76,11,490,359,29,59,0.30,4,0,0
76,12,578,226,26,34,0.26,6,0,0
76,13,489,241,25,38,0.67,11,0,0
76,14,371,557,52,132,0.59,11,0,0
76,15,623,336,31,44,0.57,11,0,0
76,16,970,463,310,252,0.51,11,0,0
76,17,382,370,38,57,0.48,11,0,0
76,18,382,370,38,57,0.44,11,0,0
76,19,206,255,40,28,0.41,11,0,0
76,20,478,199,18,14,0.41,11,0,0
76,21,356,211,47,36,0.40,11,0,0
76,22,490,359,29,59,0.32,11,0,0
76,23,490,359,29,59,0.30,11,0,0
76,24,578,226,26,34,0.26,11,0,0
77,1,359,585,61,127,0.82,4,0,0
77,2,623,336,31,45,0.63,6,0,0
77,3,982,478,298,237,0.61,6,0,0
77,4,344,223,47,32,0.58,4,0,0
77,5,486,254,28,40,0.54,4,0,0
77,6,378,392,39,52,0.49,4,0,0
77,7,490,383,30,56,0.43,6,0,0
77,8,579,226,26,33,0.38,6,0,0
77,9,765,221,46,22,0.34,4,0,0
77,10,477,195,20,28,0.34,4,0,0
77,11,646,530,49,91,0.28,4,0,0
77,12,359,585,61,127,0.82,11,0,0
77,13,623,336,31,45,0.63,11,0,0
77,14,982,478,298,237,0.61,11,0,0
77,15,344,223,47,32,0.58,11,0,0
77,16,486,254,28,40,0.54,11,0,0
77,17,378,392,39,52,0.49,11,0,0
77,18,490,383,30,56,0.43,11,0,0
77,19,579,226,26,33,0.38,11,0,0
77,20,765,221,46,22,0.34,11,0,0
77,21,477,195,20,28,0.34,11,0,0
77,22,646,530,49,91,0.28,11,0,0
78,1,328,231,50,36,0.55,4,0,0
78,2,486,266,28,43,0.54,4,0,0
78,3,473,212,23,22,0.42,4,0,0
78,4,623,336,32,44,0.39,6,0,0
78,5,369,409,41,54,0.32,4,0,0
78,6,990,492,289,223,0.31,6,0,0
78,7,191,276,39,27,0.27,4,0,0
78,8,768,227,41,26,0.27,4,0,0
78,9,328,231,50,36,0.55,11,0,0
78,10,486,266,28,43,0.54,11,0,0
78,11,473,212,23,22,0.42,11,0,0
78,12,623,336,32,44,0.39,11,0,0
78,13,369,409,41,54,0.32,11,0,0
78,14,990,492,289,223,0.31,11,0,0
78,15,191,276,39,27,0.27,11,0,0
78,16,768,227,41,26,0.27,11,0,0
79,1,316,242,41,34,0.51,4,0,0
79,2,185,289,41,27,0.44,4,0,0
79,3,473,221,23,25,0.43,4,0,0
79,4,486,284,26,42,0.42,4,0,0
79,5,487,284,25,42,0.41,6,0,0
79,6,623,336,32,44,0.39,6,0,0
79,7,1000,509,279,207,0.36,6,0,0
79,8,361,432,45,68,0.25,4,0,0
79,9,316,242,41,34,0.51,11,0,0
79,10,185,289,41,27,0.44,11,0,0
79,11,473,221,23,25,0.43,11,0,0
79,12,486,284,26,42,0.42,11,0,0
79,13,487,284,25,42,0.41,11,0,0
79,14,623,336,32,44,0.39,11,0,0
79,15,1000,509,279,207,0.36,11,0,0
79,16,361,432,45,68,0.25,11,0,0
80,1,301,250,54,36,0.57,4,0,0
80,2,354,459,47,71,0.53,4,0,0
80,3,485,299,27,45,0.51,4,0,0
80,4,623,336,32,44,0.50,6,0,0
80,5,174,300,51,29,0.46,4,0,0
80,6,779,248,48,26,0.43,4,0,0
80,7,1007,525,273,191,0.36,6,0,0
80,8,472,238,23,20,0.32,4,0,0
80,9,583,226,24,34,0.31,6,0,0
80,10,493,75,18,17,0.27,4,0,0
80,11,174,300,35,27,0.25,4,0,0
80,12,301,250,54,36,0.57,11,0,0
80,13,354,459,47,71,0.53,11,0,0
80,14,485,299,27,45,0.51,11,0,0
80,15,623,336,32,44,0.50,11,0,0
80,16,174,300,51,29,0.46,11,0,0
80,17,779,248,48,26,0.43,11,0,0
80,18,1007,525,273,191,0.36,11,0,0
80,19,472,238,23,20,0.32,11,0,0
80,20,583,226,24,34,0.31,11,0,0
80,21,493,75,18,17,0.27,11,0,0
80,22,174,300,35,27,0.25,11,0,0
81,1,287,255,59,37,0.55,4,0,0
81,2,1013,533,266,184,0.53,6,0,0
81,3,471,236,24,30,0.52,4,0,0
81,4,623,336,33,45,0.52,6,0,0
81,5,483,307,30,50,0.50,4,0,0
81,6,483,306,30,51,0.43,6,0,0
81,7,780,253,49,27,0.25,4,0,0
81,8,287,255,59,37,0.55,11,0,0
81,9,1013,533,266,184,0.53,11,0,0
81,10,471,236,24,30,0.52,11,0,0
81,11,623,336,33,45,0.52,11,0,0
81,12,483,307,30,50,0.50,11,0,0
81,13,483,306,30,51,0.43,11,0,0
81,14,780,253,49,27,0.25,11,0,0
82,1,481,326,31,49,0.55,4,0,0
82,2,270,265,55,38,0.54,4,0,0
82,3,1025,551,254,165,0.47,6,0,0
82,4,623,337,32,44,0.44,6,0,0
82,5,463,242,32,36,0.40,4,0,0
82,6,481,326,31,49,0.55,11,0,0
82,7,270,265,55,38,0.54,11,0,0
82,8,1025,551,254,165,0.47,11,0,0
82,9,623,337,32,44,0.44,11,0,0
82,10,463,242,32,36,0.40,11,0,0
83,1,481,343,32,51,0.77,4,0,0
83,2,464,257,27,35,0.54,4,0,0
83,3,254,272,57,40,0.48,6,0,0
83,4,254,272,57,40,0.47,4,0,0
83,5,792,275,46,27,0.44,4,0,0
83,6,623,339,32,43,0.34,6,0,0
83,7,1036,569,243,149,0.33,6,0,0
83,8,481,343,32,51,0.77,11,0,0
83,9,464,257,27,35,0.54,11,0,0
83,10,254,272,57,40,0.48,11,0,0
83,11,254,272,57,40,0.47,11,0,0
83,12,792,275,46,27,0.44,11,0,0
83,13,623,339,32,43,0.34,11,0,0
83,14,1036,569,243,149,0.33,11,0,0
84,1,478,364,33,55,0.73,4,0,0
84,2,461,270,26,38,0.50,4,0,0
84,3,623,340,31,44,0.45,6,0,0
84,4,234,284,60,39,0.43,4,0,0
84,5,234,284,60,39,0.38,6,0,0
84,6,1045,589,234,130,0.37,6,0,0
84,7,491,100,18,22,0.34,4,0,0
84,8,646,548,57,94,0.26,4,0,0
84,9,478,364,33,55,0.73,11,0,0
84,10,461,270,26,38,0.50,11,0,0
84,11,623,340,31,44,0.45,11,0,0
84,12,234,284,60,39,0.43,11,0,0
84,13,234,284,60,39,0.38,11,0,0
84,14,1045,589,234,130,0.37,11,0,0
84,15,491,100,18,22,0.34,11,0,0
84,16,646,548,57,94,0.26,11,0,0
85,1,476,387,35,60,0.53,4,0,0
85,2,214,293,62,40,0.44,6,0,0
85,3,456,285,29,40,0.44,6,0,0
85,4,116,369,53,32,0.44,4,0,0
85,5,645,550,59,102,0.42,4,0,0
85,6,214,292,61,41,0.41,4,0,0
85,7,456,285,29,40,0.40,4,0,0
85,8,623,342,32,43,0.37,6,0,0
85,9,1058,611,221,109,0.36,6,0,0
85,10,490,107,19,22,0.29,4,0,0
85,11,476,387,35,60,0.53,11,0,0
85,12,214,293,62,40,0.44,11,0,0
85,13,456,285,29,40,0.44,11,0,0
85,14,116,369,53,32,0.44,11,0,0
85,15,645,550,59,102,0.42,11,0,0
85,16,214,292,61,41,0.41,11,0,0
85,17,456,285,29,40,0.40,11,0,0
85,18,623,342,32,43,0.37,11,0,0
85,19,1058,611,221,109,0.36,11,0,0
85,20,490,107,19,22,0.29,11,0,0
86,1,451,304,29,41,0.60,4,0,0
86,2,191,304,66,42,0.54,4,0,0
86,3,475,412,37,64,0.51,4,0,0
86,4,451,304,29,41,0.60,11,0,0
86,5,191,304,66,42,0.54,11,0,0
86,6,475,412,37,64,0.51,11,0,0
86,7,242,528,608,183,0.25,11,0,0
87,1,474,434,37,71,0.79,4,0,0
87,2,168,316,67,44,0.75,4,0,0
87,3,446,322,32,43,0.69,4,0,0
87,4,483,120,22,26,0.48,4,0,0
87,5,397,254,37,27,0.47,4,0,0
87,6,624,344,32,43,0.33,6,0,0
87,7,535,464,52,80,0.33,4,0,0
87,8,817,329,55,32,0.33,4,0,0
87,9,223,542,646,170,0.84,11,0,0
87,10,474,434,37,71,0.79,11,0,0
87,11,168,316,67,44,0.75,11,0,0
87,12,446,322,32,43,0.69,11,0,0
87,13,483,120,22,26,0.48,11,0,0
87,14,397,254,37,27,0.47,11,0,0
87,15,624,344,32,43,0.33,11,0,0
87,16,535,464,52,80,0.33,11,0,0
87,17,817,329,55,32,0.33,11,0,0
88,1,471,463,40,73,0.80,4,0,0
88,2,387,261,42,34,0.60,4,0,0
88,3,440,339,32,48,0.58,4,0,0
88,4,143,326,71,44,0.51,6,0,0
88,5,624,346,32,41,0.46,6,0,0
88,6,479,128,24,25,0.46,4,0,0
88,7,532,467,50,78,0.30,4,0,0
88,8,471,463,40,73,0.80,11,0,0
88,9,387,261,42,34,0.60,11,0,0
88,10,440,339,32,48,0.58,11,0,0
88,11,143,326,71,44,0.51,11,0,0
88,12,624,346,32,41,0.46,11,0,0
88,13,479,128,24,25,0.46,11,0,0
88,14,532,467,50,78,0.30,11,0,0
89,1,469,477,42,82,0.76,4,0,0
89,2,129,333,72,43,0.56,4,0,0
89,3,436,353,34,47,0.54,4,0,0
89,4,129,333,72,43,0.52,6,0,0
89,5,478,131,23,27,0.50,4,0,0
89,6,623,347,33,42,0.38,6,0,0
89,7,381,267,46,35,0.27,4,0,0
89,8,381,278,33,24,0.26,4,0,0
89,9,469,477,42,82,0.76,11,0,0
89,10,129,333,72,43,0.56,11,0,0
89,11,436,353,34,47,0.54,11,0,0
89,12,129,333,72,43,0.52,11,0,0
89,13,478,131,23,27,0.50,11,0,0
89,14,623,347,33,42,0.38,11,0,0
89,15,381,267,46,35,0.27,11,0,0
89,16,381,278,33,24,0.26,11,0,0
90,1,468,511,42,86,0.79,4,0,0
90,2,102,342,81,43,0.63,4,0,0
90,3,430,371,34,52,0.62,4,0,0
90,4,476,137,23,28,0.37,4,0,0
90,5,646,566,55,93,0.34,4,0,0
90,6,366,293,30,25,0.29,4,0,0
90,7,1202,144,77,271,0.28,6,0,0
90,8,468,511,42,86,0.79,11,0,0
90,9,102,342,81,43,0.63,11,0,0
90,10,430,371,34,52,0.62,11,0,0
90,11,476,137,23,28,0.37,11,0,0
90,12,646,566,55,93,0.34,11,0,0
90,13,366,293,30,25,0.29,11,0,0
90,14,1202,144,77,271,0.28,11,0,0
91,1,466,542,47,97,0.73,4,0,0
91,2,77,352,80,46,0.47,4,0,0
91,3,423,393,33,58,0.46,4,0,0
91,4,422,394,35,57,0.45,6,0,0
91,5,842,387,65,34,0.36,4,0,0
91,6,349,307,36,25,0.35,4,0,0
91,7,473,145,24,29,0.34,4,0,0
91,8,624,349,33,43,0.34,6,0,0
91,9,646,565,57,95,0.33,4,0,0
91,10,504,82,22,23,0.31,4,0,0
91,11,466,542,47,97,0.73,11,0,0
91,12,77,352,80,46,0.47,11,0,0
91,13,423,393,33,58,0.46,11,0,0
91,14,422,394,35,57,0.45,11,0,0
91,15,842,387,65,34,0.36,11,0,0
91,16,349,307,36,25,0.35,11,0,0
91,17,473,145,24,29,0.34,11,0,0
91,18,624,349,33,43,0.34,11,0,0
91,19,646,565,57,95,0.33,11,0,0
91,20,504,82,22,23,0.31,11,0,0
92,1,462,582,49,105,0.79,4,0,0
92,2,47,363,84,49,0.58,4,0,0
92,3,414,419,39,61,0.54,4,0,0
92,4,335,302,52,41,0.48,4,0,0
92,5,470,151,25,32,0.42,4,0,0
92,6,1005,322,68,75,0.40,6,0,0
92,7,458,150,17,20,0.34,4,0,0
92,8,625,351,32,42,0.31,6,0,0
92,9,629,283,27,37,0.31,6,0,0
92,10,503,88,22,24,0.27,4,0,0
92,11,649,567,54,97,0.27,4,0,0
92,12,462,582,49,105,0.79,11,0,0
92,13,47,363,84,49,0.58,11,0,0
92,14,414,419,39,61,0.54,11,0,0
92,15,335,302,52,41,0.48,11,0,0
92,16,470,151,25,32,0.42,11,0,0
92,17,1005,322,68,75,0.40,11,0,0
92,18,458,150,17,20,0.34,11,0,0
92,19,625,351,32,42,0.31,11,0,0
92,20,629,283,27,37,0.31,11,0,0
92,21,503,88,22,24,0.27,11,0,0
92,22,649,567,54,97,0.27,11,0,0
93,1,402,451,46,65,0.74,4,0,0
93,2,456,626,53,93,0.66,4,0,0
93,3,19,374,84,48,0.61,4,0,0
93,4,629,285,27,37,0.36,4,0,0
93,5,465,160,28,33,0.29,4,0,0
93,6,0,549,38,46,0.27,4,0,0
93,7,649,567,56,101,0.26,4,0,0
93,8,503,102,22,19,0.26,4,0,0
93,9,402,451,46,65,0.74,11,0,0
93,10,456,626,53,93,0.66,11,0,0
93,11,19,374,84,48,0.61,11,0,0
93,12,629,285,27,37,0.36,11,0,0
93,13,465,160,28,33,0.29,11,0,0
93,14,0,549,38,46,0.27,11,0,0
93,15,649,567,56,101,0.26,11,0,0
93,16,503,102,22,19,0.26,11,0,0
