1,1,230,511,140,100,0.91,4,0,0
1,2,694,411,178,161,0.90,6,0,0
1,3,734,351,48,32,0.84,4,0,0
1,4,322,648,179,71,0.83,4,0,0
1,5,660,343,46,35,0.83,4,0,0
1,6,815,341,49,33,0.79,4,0,0
1,7,915,299,33,24,0.76,4,0,0
1,8,810,394,56,31,0.74,4,0,0
1,9,920,328,33,25,0.73,4,0,0
1,10,899,347,43,39,0.71,4,0,0
1,11,960,310,32,19,0.63,4,0,0
1,12,959,282,26,18,0.59,4,0,0
1,13,981,291,27,18,0.53,4,0,0
1,14,1007,281,24,16,0.42,4,0,0
1,15,1066,249,23,13,0.37,4,0,0
1,16,901,263,28,24,0.25,4,0,0
1,17,230,511,140,100,0.91,11,0,0
1,18,694,411,178,161,0.90,11,0,0
1,19,734,351,48,32,0.84,11,0,0
1,20,322,648,179,71,0.83,11,0,0
1,21,660,343,46,35,0.83,11,0,0
1,22,815,341,49,33,0.79,11,0,0
1,23,915,299,33,24,0.76,11,0,0
1,24,810,394,56,31,0.74,11,0,0
1,25,920,328,33,25,0.73,11,0,0
1,26,899,347,43,39,0.71,11,0,0
1,27,960,310,32,19,0.63,11,0,0
1,28,959,282,26,18,0.59,11,0,0
1,29,981,291,27,18,0.53,11,0,0
1,30,1007,281,24,16,0.42,11,0,0
1,31,1066,249,23,13,0.37,11,0,0
1,32,901,263,28,24,0.25,11,0,0
2,1,182,527,158,102,0.91,4,0,0
2,2,704,407,175,157,0.88,6,0,0
2,3,340,639,174,79,0.87,4,0,0
2,4,646,346,52,36,0.83,4,0,0
2,5,725,354,50,33,0.81,4,0,0
2,6,902,345,42,39,0.79,4,0,0
2,7,818,340,49,33,0.78,4,0,0
2,8,916,298,33,24,0.76,4,0,0
2,9,923,326,33,25,0.71,4,0,0
2,10,961,309,33,20,0.68,4,0,0
2,11,961,280,27,19,0.64,4,0,0
2,12,897,260,33,29,0.57,4,0,0
2,13,983,290,27,18,0.52,4,0,0
2,14,815,394,53,27,0.50,4,0,0
2,15,1066,248,25,14,0.45,4,0,0
2,16,1010,280,23,17,0.42,4,0,0
2,17,988,245,21,12,0.27,4,0,0
2,18,947,254,24,29,0.27,4,0,0
2,19,182,527,158,102,0.91,11,0,0
2,20,704,407,175,157,0.88,11,0,0
2,21,340,639,174,79,0.87,11,0,0
2,22,646,346,52,36,0.83,11,0,0
2,23,725,354,50,33,0.81,11,0,0
2,24,902,345,42,39,0.79,11,0,0
2,25,818,340,49,33,0.78,11,0,0
2,26,916,298,33,24,0.76,11,0,0
2,27,923,326,33,25,0.71,11,0,0
2,28,961,309,33,20,0.68,11,0,0
2,29,961,280,27,19,0.64,11,0,0
2,30,897,260,33,29,0.57,11,0,0
2,31,983,290,27,18,0.52,11,0,0
2,32,815,394,53,27,0.50,11,0,0
2,33,1066,248,25,14,0.45,11,0,0
2,34,1010,280,23,17,0.42,11,0,0
2,35,988,245,21,12,0.27,11,0,0
2,36,947,254,24,29,0.27,11,0,0
3,1,137,542,169,109,0.90,4,0,0
3,2,358,630,171,87,0.90,4,0,0
3,3,717,400,169,158,0.88,6,0,0
3,4,635,352,52,35,0.83,4,0,0
3,5,718,358,51,34,0.83,4,0,0
3,6,904,343,43,41,0.77,4,0,0
3,7,925,325,32,27,0.75,4,0,0
3,8,918,298,32,23,0.73,4,0,0
3,9,822,338,48,33,0.72,4,0,0
3,10,964,307,31,21,0.67,4,0,0
3,11,964,280,25,17,0.54,4,0,0
3,12,985,289,26,18,0.52,4,0,0
3,13,1067,248,24,14,0.38,4,0,0
3,14,895,263,33,27,0.35,4,0,0
3,15,1010,279,24,18,0.33,4,0,0
3,16,986,245,20,13,0.31,4,0,0
3,17,824,392,48,24,0.26,4,0,0
3,18,137,542,169,109,0.90,11,0,0
3,19,358,630,171,87,0.90,11,0,0
3,20,717,400,169,158,0.88,11,0,0
3,21,635,352,52,35,0.83,11,0,0
3,22,718,358,51,34,0.83,11,0,0
3,23,904,343,43,41,0.77,11,0,0
3,24,925,325,32,27,0.75,11,0,0
3,25,918,298,32,23,0.73,11,0,0
3,26,822,338,48,33,0.72,11,0,0
3,27,964,307,31,21,0.67,11,0,0
3,28,964,280,25,17,0.54,11,0,0
3,29,985,289,26,18,0.52,11,0,0
3,30,1067,248,24,14,0.38,11,0,0
3,31,895,263,33,27,0.35,11,0,0
3,32,1010,279,24,18,0.33,11,0,0
3,33,986,245,20,13,0.31,11,0,0
3,34,824,392,48,24,0.26,11,0,0
4,1,87,557,178,121,0.91,4,0,0
4,2,380,621,164,97,0.89,4,0,0
4,3,727,397,166,151,0.89,6,0,0
4,4,622,355,52,39,0.84,4,0,0
4,5,706,361,54,35,0.82,4,0,0
4,6,827,336,48,33,0.77,4,0,0
4,7,929,324,31,26,0.75,4,0,0
4,8,907,341,41,40,0.73,4,0,0
4,9,919,297,33,23,0.71,4,0,0
4,10,966,307,32,21,0.58,4,0,0
4,11,986,289,27,17,0.49,4,0,0
4,12,966,280,26,17,0.42,4,0,0
4,13,1069,247,22,15,0.36,4,0,0
4,14,828,390,51,21,0.35,4,0,0
4,15,1011,278,24,18,0.27,4,0,0
4,16,941,260,24,27,0.27,4,0,0
4,17,891,262,34,29,0.27,6,0,0
4,18,87,557,178,121,0.91,11,0,0
4,19,380,621,164,97,0.89,11,0,0
4,20,727,397,166,151,0.89,11,0,0
4,21,622,355,52,39,0.84,11,0,0
4,22,706,361,54,35,0.82,11,0,0
4,23,827,336,48,33,0.77,11,0,0
4,24,929,324,31,26,0.75,11,0,0
4,25,907,341,41,40,0.73,11,0,0
4,26,919,297,33,23,0.71,11,0,0
4,27,966,307,32,21,0.58,11,0,0
4,28,986,289,27,17,0.49,11,0,0
4,29,966,280,26,17,0.42,11,0,0
4,30,1069,247,22,15,0.36,11,0,0
4,31,828,390,51,21,0.35,11,0,0
4,32,1011,278,24,18,0.27,11,0,0
4,33,941,260,24,27,0.27,11,0,0
4,34,891,262,34,29,0.27,11,0,0
5,1,748,387,157,147,0.89,6,0,0
5,2,414,601,159,103,0.89,4,0,0
5,3,0,596,181,122,0.88,4,0,0
5,4,596,364,59,40,0.83,4,0,0
5,5,686,370,57,35,0.80,4,0,0
5,6,833,333,47,33,0.79,4,0,0
5,7,911,341,42,36,0.72,4,0,0
5,8,923,296,31,22,0.70,4,0,0
5,9,930,323,33,25,0.69,4,0,0
5,10,969,306,31,20,0.62,4,0,0
5,11,991,288,23,17,0.58,4,0,0
5,12,969,278,27,18,0.48,4,0,0
5,13,742,408,46,35,0.44,4,0,0
5,14,982,248,18,12,0.40,4,0,0
5,15,885,264,35,31,0.40,6,0,0
5,16,1009,235,16,12,0.32,4,0,0
5,17,936,260,25,28,0.32,4,0,0
5,18,1069,247,23,14,0.27,4,0,0
5,19,1014,276,22,20,0.25,4,0,0
5,20,748,387,157,147,0.89,11,0,0
5,21,414,601,159,103,0.89,11,0,0
5,22,0,596,181,122,0.88,11,0,0
5,23,596,364,59,40,0.83,11,0,0
5,24,686,370,57,35,0.80,11,0,0
5,25,833,333,47,33,0.79,11,0,0
5,26,911,341,42,36,0.72,11,0,0
5,27,923,296,31,22,0.70,11,0,0
5,28,930,323,33,25,0.69,11,0,0
5,29,969,306,31,20,0.62,11,0,0
5,30,991,288,23,17,0.58,11,0,0
5,31,969,278,27,18,0.48,11,0,0
5,32,742,408,46,35,0.44,11,0,0
5,33,982,248,18,12,0.40,11,0,0
5,34,885,264,35,31,0.40,11,0,0
5,35,1009,235,16,12,0.32,11,0,0
5,36,936,260,25,28,0.32,11,0,0
5,37,1069,247,23,14,0.27,11,0,0
5,38,1014,276,22,20,0.25,11,0,0
6,1,451,590,148,94,0.90,4,0,0
6,2,766,383,150,138,0.88,6,0,0
6,3,565,373,62,44,0.85,4,0,0
6,4,662,377,66,37,0.82,4,0,0
6,5,839,330,46,31,0.80,4,0,0
6,6,925,294,32,22,0.76,4,0,0
6,7,0,643,69,76,0.75,4,0,0
6,8,972,304,32,20,0.70,4,0,0
6,9,932,322,33,22,0.69,4,0,0
6,10,916,337,45,38,0.67,4,0,0
6,11,753,403,41,36,0.50,4,0,0
6,12,992,285,24,18,0.46,4,0,0
6,13,972,282,25,13,0.44,4,0,0
6,14,979,249,19,13,0.37,4,0,0
6,15,1071,246,22,14,0.36,4,0,0
6,16,878,265,37,32,0.35,6,0,0
6,17,1008,235,16,13,0.34,4,0,0
6,18,1014,277,22,17,0.26,4,0,0
6,19,931,260,26,29,0.25,4,0,0
6,20,451,590,148,94,0.90,11,0,0
6,21,766,383,150,138,0.88,11,0,0
6,22,565,373,62,44,0.85,11,0,0
6,23,662,377,66,37,0.82,11,0,0
6,24,839,330,46,31,0.80,11,0,0
6,25,925,294,32,22,0.76,11,0,0
6,26,0,643,69,76,0.75,11,0,0
6,27,972,304,32,20,0.70,11,0,0
6,28,932,322,33,22,0.69,11,0,0
6,29,916,337,45,38,0.67,11,0,0
6,30,753,403,41,36,0.50,11,0,0
6,31,992,285,24,18,0.46,11,0,0
6,32,972,282,25,13,0.44,11,0,0
6,33,979,249,19,13,0.37,11,0,0
6,34,1071,246,22,14,0.36,11,0,0
6,35,878,265,37,32,0.35,11,0,0
6,36,1008,235,16,13,0.34,11,0,0
6,37,1014,277,22,17,0.26,11,0,0
6,38,931,260,26,29,0.25,11,0,0
7,1,481,571,138,93,0.90,4,0,0
7,2,784,377,139,131,0.87,6,0,0
7,3,533,384,69,45,0.85,4,0,0
7,4,639,383,65,41,0.82,4,0,0
7,5,846,327,43,31,0.80,4,0,0
7,6,974,303,30,19,0.71,4,0,0
7,7,919,334,43,38,0.70,4,0,0
7,8,938,318,30,24,0.69,4,0,0
7,9,927,293,32,21,0.68,4,0,0
7,10,995,284,24,18,0.51,4,0,0
7,11,766,399,35,35,0.45,4,0,0
7,12,870,267,39,32,0.45,4,0,0
7,13,976,249,20,13,0.38,4,0,0
7,14,976,281,22,11,0.38,4,0,0
7,15,1072,246,21,13,0.35,4,0,0
7,16,1005,236,17,13,0.34,4,0,0
7,17,871,267,38,32,0.25,6,0,0
7,18,927,271,26,23,0.25,4,0,0
7,19,481,571,138,93,0.90,11,0,0
7,20,784,377,139,131,0.87,11,0,0
7,21,533,384,69,45,0.85,11,0,0
7,22,639,383,65,41,0.82,11,0,0
7,23,846,327,43,31,0.80,11,0,0
7,24,974,303,30,19,0.71,11,0,0
7,25,919,334,43,38,0.70,11,0,0
7,26,938,318,30,24,0.69,11,0,0
7,27,927,293,32,21,0.68,11,0,0
7,28,995,284,24,18,0.51,11,0,0
7,29,766,399,35,35,0.45,11,0,0
7,30,870,267,39,32,0.45,11,0,0
7,31,976,249,20,13,0.38,11,0,0
7,32,976,281,22,11,0.38,11,0,0
7,33,1072,246,21,13,0.35,11,0,0
7,34,1005,236,17,13,0.34,11,0,0
7,35,871,267,38,32,0.25,11,0,0
7,36,927,271,26,23,0.25,11,0,0
8,1,509,558,131,87,0.90,4,0,0
8,2,501,393,70,48,0.86,4,0,0
8,3,615,394,67,42,0.86,4,0,0
8,4,801,371,132,126,0.84,6,0,0
8,5,852,324,43,31,0.77,4,0,0
8,6,924,332,40,37,0.73,4,0,0
8,7,976,300,30,20,0.69,4,0,0
8,8,930,291,31,22,0.66,4,0,0
8,9,940,316,32,26,0.66,4,0,0
8,10,778,394,37,33,0.65,4,0,0
8,11,864,269,40,33,0.46,6,0,0
8,12,973,250,19,13,0.40,4,0,0
8,13,999,283,22,17,0.39,4,0,0
8,14,1003,236,17,14,0.32,4,0,0
8,15,924,265,25,28,0.29,4,0,0
8,16,1072,245,21,13,0.29,4,0,0
8,17,864,269,39,33,0.28,4,0,0
8,18,978,273,23,18,0.26,4,0,0
8,19,509,558,131,87,0.90,11,0,0
8,20,501,393,70,48,0.86,11,0,0
8,21,615,394,67,42,0.86,11,0,0
8,22,801,371,132,126,0.84,11,0,0
8,23,852,324,43,31,0.77,11,0,0
8,24,924,332,40,37,0.73,11,0,0
8,25,976,300,30,20,0.69,11,0,0
8,26,930,291,31,22,0.66,11,0,0
8,27,940,316,32,26,0.66,11,0,0
8,28,778,394,37,33,0.65,11,0,0
8,29,864,269,40,33,0.46,11,0,0
8,30,973,250,19,13,0.40,11,0,0
8,31,999,283,22,17,0.39,11,0,0
8,32,1003,236,17,14,0.32,11,0,0
8,33,924,265,25,28,0.29,11,0,0
8,34,1072,245,21,13,0.29,11,0,0
8,35,864,269,39,33,0.28,11,0,0
8,36,978,273,23,18,0.26,11,0,0
9,1,524,551,125,84,0.89,4,0,0
9,2,596,401,73,43,0.85,4,0,0
9,3,479,397,71,53,0.85,4,0,0
9,4,855,322,44,32,0.76,4,0,0
9,5,927,332,39,35,0.74,4,0,0
9,6,978,299,31,20,0.71,4,0,0
9,7,932,291,32,21,0.71,4,0,0
9,8,812,367,126,122,0.69,6,0,0
9,9,943,315,30,26,0.66,4,0,0
9,10,784,393,37,33,0.61,4,0,0
9,11,980,270,23,19,0.46,4,0,0
9,12,859,271,41,33,0.46,4,0,0
9,13,971,250,19,14,0.45,4,0,0
9,14,1000,282,22,18,0.40,4,0,0
9,15,1000,236,18,14,0.40,4,0,0
9,16,919,265,26,30,0.31,4,0,0
9,17,859,270,41,34,0.29,6,0,0
9,18,1072,245,21,13,0.28,4,0,0
9,19,524,551,125,84,0.89,11,0,0
9,20,596,401,73,43,0.85,11,0,0
9,21,479,397,71,53,0.85,11,0,0
9,22,855,322,44,32,0.76,11,0,0
9,23,927,332,39,35,0.74,11,0,0
9,24,978,299,31,20,0.71,11,0,0
9,25,932,291,32,21,0.71,11,0,0
9,26,812,367,126,122,0.69,11,0,0
9,27,943,315,30,26,0.66,11,0,0
9,28,784,393,37,33,0.61,11,0,0
9,29,980,270,23,19,0.46,11,0,0
9,30,859,271,41,33,0.46,11,0,0
9,31,971,250,19,14,0.45,11,0,0
9,32,1000,282,22,18,0.40,11,0,0
9,33,1000,236,18,14,0.40,11,0,0
9,34,919,265,26,30,0.31,11,0,0
9,35,859,270,41,34,0.29,11,0,0
9,36,1072,245,21,13,0.28,11,0,0
9,37,986,150,26,49,0.27,11,0,0
10,1,547,542,121,75,0.87,4,0,0
10,2,437,410,79,57,0.86,4,0,0
10,3,566,411,78,48,0.85,4,0,0
10,4,822,363,125,117,0.81,6,0,0
10,5,860,321,43,31,0.74,4,0,0
10,6,934,288,32,23,0.70,4,0,0
10,7,982,298,28,20,0.67,4,0,0
10,8,794,388,39,33,0.51,4,0,0
10,9,967,250,20,15,0.49,4,0,0
10,10,949,315,26,22,0.46,4,0,0
10,11,930,330,40,35,0.44,4,0,0
10,12,982,269,25,19,0.43,4,0,0
10,13,851,271,42,36,0.41,6,0,0
10,14,913,280,27,19,0.37,4,0,0
10,15,999,237,18,14,0.36,4,0,0
10,16,1002,282,22,17,0.36,4,0,0
10,17,547,542,121,75,0.87,11,0,0
10,18,437,410,79,57,0.86,11,0,0
10,19,566,411,78,48,0.85,11,0,0
10,20,822,363,125,117,0.81,11,0,0
10,21,860,321,43,31,0.74,11,0,0
10,22,934,288,32,23,0.70,11,0,0
10,23,982,298,28,20,0.67,11,0,0
10,24,794,388,39,33,0.51,11,0,0
10,25,967,250,20,15,0.49,11,0,0
10,26,949,315,26,22,0.46,11,0,0
10,27,930,330,40,35,0.44,11,0,0
10,28,982,269,25,19,0.43,11,0,0
10,29,851,271,42,36,0.41,11,0,0
10,30,913,280,27,19,0.37,11,0,0
10,31,999,237,18,14,0.36,11,0,0
10,32,1002,282,22,17,0.36,11,0,0
10,33,986,150,26,49,0.34,11,0,0
11,1,389,424,86,59,0.88,4,0,0
11,2,571,529,113,73,0.88,4,0,0
11,3,529,423,85,51,0.84,4,0,0
11,4,835,358,120,113,0.81,6,0,0
11,5,867,320,41,28,0.73,4,0,0
11,6,938,287,30,23,0.69,4,0,0
11,7,984,296,28,20,0.66,4,0,0
11,8,802,383,42,34,0.65,4,0,0
11,9,908,284,27,18,0.63,4,0,0
11,10,130,648,310,71,0.61,4,0,0
11,11,843,273,43,37,0.60,6,0,0
11,12,911,266,26,19,0.48,4,0,0
11,13,950,312,28,24,0.42,4,0,0
11,14,935,325,41,38,0.41,4,0,0
11,15,1004,280,21,16,0.37,4,0,0
11,16,130,648,310,71,0.34,6,0,0
11,17,983,268,26,19,0.29,4,0,0
11,18,996,237,18,15,0.28,4,0,0
11,19,964,251,19,14,0.25,4,0,0
11,20,389,424,86,59,0.88,11,0,0
11,21,571,529,113,73,0.88,11,0,0
11,22,529,423,85,51,0.84,11,0,0
11,23,835,358,120,113,0.81,11,0,0
11,24,867,320,41,28,0.73,11,0,0
11,25,938,287,30,23,0.69,11,0,0
11,26,984,296,28,20,0.66,11,0,0
11,27,802,383,42,34,0.65,11,0,0
11,28,908,284,27,18,0.63,11,0,0
11,29,130,648,310,71,0.61,11,0,0
11,30,843,273,43,37,0.60,11,0,0
11,31,911,266,26,19,0.48,11,0,0
11,32,950,312,28,24,0.42,11,0,0
11,33,935,325,41,38,0.41,11,0,0
11,34,1004,280,21,16,0.37,11,0,0
11,35,130,648,310,71,0.34,11,0,0
11,36,983,268,26,19,0.29,11,0,0
11,37,996,237,18,15,0.28,11,0,0
11,38,964,251,19,14,0.25,11,0,0
12,1,337,440,94,63,0.90,4,0,0
12,2,849,351,114,111,0.89,6,0,0
12,3,592,516,111,72,0.88,4,0,0
12,4,493,437,90,54,0.87,4,0,0
12,5,873,316,39,29,0.77,4,0,0
12,6,988,295,25,19,0.70,4,0,0
12,7,811,380,43,33,0.70,4,0,0
12,8,942,286,31,22,0.63,4,0,0
12,9,901,284,30,22,0.62,4,0,0
12,10,198,613,309,104,0.57,4,0,0
12,11,835,274,45,38,0.55,6,0,0
12,12,905,267,27,19,0.49,4,0,0
12,13,939,326,41,34,0.43,4,0,0
12,14,950,310,32,25,0.43,4,0,0
12,15,987,268,25,17,0.39,4,0,0
12,16,1007,278,22,17,0.38,4,0,0
12,17,962,253,19,14,0.37,4,0,0
12,18,994,237,18,15,0.33,4,0,0
12,19,337,440,94,63,0.90,11,0,0
12,20,849,351,114,111,0.89,11,0,0
12,21,592,516,111,72,0.88,11,0,0
12,22,493,437,90,54,0.87,11,0,0
12,23,873,316,39,29,0.77,11,0,0
12,24,988,295,25,19,0.70,11,0,0
12,25,811,380,43,33,0.70,11,0,0
12,26,942,286,31,22,0.63,11,0,0
12,27,901,284,30,22,0.62,11,0,0
12,28,198,613,309,104,0.57,11,0,0
12,29,835,274,45,38,0.55,11,0,0
12,30,905,267,27,19,0.49,11,0,0
12,31,939,326,41,34,0.43,11,0,0
12,32,950,310,32,25,0.43,11,0,0
12,33,987,268,25,17,0.39,11,0,0
12,34,1007,278,22,17,0.38,11,0,0
12,35,962,253,19,14,0.37,11,0,0
12,36,994,237,18,15,0.33,11,0,0
12,37,987,150,25,49,0.27,11,0,0
13,1,281,456,104,68,0.91,4,0,0
13,2,612,504,105,70,0.88,4,0,0
13,3,278,584,157,89,0.87,4,0,0
13,4,450,450,100,61,0.86,4,0,0
13,5,861,347,102,107,0.83,6,0,0
13,6,878,314,40,28,0.81,4,0,0
13,7,991,294,26,19,0.69,4,0,0
13,8,944,284,30,22,0.67,4,0,0
13,9,818,376,47,32,0.61,4,0,0
13,10,895,287,30,22,0.58,4,0,0
13,11,899,269,28,19,0.49,4,0,0
13,12,953,308,31,25,0.46,4,0,0
13,13,279,618,265,100,0.41,6,0,0
13,14,826,275,47,41,0.41,6,0,0
13,15,942,324,38,32,0.40,4,0,0
13,16,1011,279,18,15,0.39,4,0,0
13,17,958,254,20,14,0.39,4,0,0
13,18,992,238,19,15,0.35,4,0,0
13,19,826,275,47,41,0.31,9,0,0
13,20,989,267,25,16,0.29,4,0,0
13,21,281,456,104,68,0.91,11,0,0
13,22,612,504,105,70,0.88,11,0,0
13,23,278,584,157,89,0.87,11,0,0
13,24,450,450,100,61,0.86,11,0,0
13,25,861,347,102,107,0.83,11,0,0
13,26,878,314,40,28,0.81,11,0,0
13,27,991,294,26,19,0.69,11,0,0
13,28,944,284,30,22,0.67,11,0,0
13,29,818,376,47,32,0.61,11,0,0
13,30,895,287,30,22,0.58,11,0,0
13,31,899,269,28,19,0.49,11,0,0
13,32,953,308,31,25,0.46,11,0,0
13,33,279,618,265,100,0.41,11,0,0
13,34,826,275,47,41,0.41,11,0,0
13,35,942,324,38,32,0.40,11,0,0
13,36,1011,279,18,15,0.39,11,0,0
13,37,958,254,20,14,0.39,11,0,0
13,38,992,238,19,15,0.35,11,0,0
13,39,826,275,47,41,0.31,11,0,0
13,40,989,267,25,16,0.29,11,0,0
14,1,400,469,107,68,0.89,4,0,0
14,2,212,477,113,76,0.89,4,0,0
14,3,631,494,102,68,0.87,4,0,0
14,4,341,559,144,82,0.85,4,0,0
14,5,872,340,100,108,0.78,6,0,0
14,6,883,311,38,28,0.77,4,0,0
14,7,947,283,31,22,0.72,4,0,0
14,8,827,371,47,32,0.70,4,0,0
14,9,992,292,29,19,0.70,4,0,0
14,10,338,594,244,124,0.63,6,0,0
14,11,889,290,31,20,0.49,4,0,0
14,12,955,254,22,15,0.49,4,0,0
14,13,894,272,28,23,0.41,4,0,0
14,14,817,277,48,42,0.38,6,0,0
14,15,992,267,26,15,0.36,4,0,0
14,16,946,310,38,27,0.31,4,0,0
14,17,990,239,19,15,0.30,4,0,0
14,18,945,322,28,17,0.26,4,0,0
14,19,400,469,107,68,0.89,11,0,0
14,20,212,477,113,76,0.89,11,0,0
14,21,631,494,102,68,0.87,11,0,0
14,22,341,559,144,82,0.85,11,0,0
14,23,872,340,100,108,0.78,11,0,0
14,24,883,311,38,28,0.77,11,0,0
14,25,947,283,31,22,0.72,11,0,0
14,26,827,371,47,32,0.70,11,0,0
14,27,992,292,29,19,0.70,11,0,0
14,28,338,594,244,124,0.63,11,0,0
14,29,889,290,31,20,0.49,11,0,0
14,30,955,254,22,15,0.49,11,0,0
14,31,894,272,28,23,0.41,11,0,0
14,32,817,277,48,42,0.38,11,0,0
14,33,992,267,26,15,0.36,11,0,0
14,34,946,310,38,27,0.31,11,0,0
14,35,990,239,19,15,0.30,11,0,0
14,36,945,322,28,17,0.26,11,0,0
15,1,124,500,138,86,0.91,4,0,0
15,2,339,489,123,72,0.90,4,0,0
15,3,394,539,134,74,0.88,4,0,0
15,4,649,486,96,62,0.87,4,0,0
15,5,888,309,39,27,0.79,4,0,0
15,6,834,369,49,29,0.77,4,0,0
15,7,880,335,101,103,0.75,6,0,0
15,8,996,291,25,19,0.73,4,0,0
15,9,391,575,227,142,0.71,6,0,0
15,10,950,282,31,21,0.70,4,0,0
15,11,808,278,49,44,0.59,6,0,0
15,12,880,292,35,24,0.58,4,0,0
15,13,949,307,37,27,0.41,4,0,0
15,14,888,274,28,18,0.40,4,0,0
15,15,996,265,24,16,0.36,4,0,0
15,16,1016,273,20,17,0.34,4,0,0
15,17,951,255,21,16,0.29,4,0,0
15,18,124,500,138,86,0.91,11,0,0
15,19,339,489,123,72,0.90,11,0,0
15,20,394,539,134,74,0.88,11,0,0
15,21,649,486,96,62,0.87,11,0,0
15,22,888,309,39,27,0.79,11,0,0
15,23,834,369,49,29,0.77,11,0,0
15,24,880,335,101,103,0.75,11,0,0
15,25,996,291,25,19,0.73,11,0,0
15,26,391,575,227,142,0.71,11,0,0
15,27,950,282,31,21,0.70,11,0,0
15,28,808,278,49,44,0.59,11,0,0
15,29,880,292,35,24,0.58,11,0,0
15,30,949,307,37,27,0.41,11,0,0
15,31,888,274,28,18,0.40,11,0,0
15,32,996,265,24,16,0.36,11,0,0
15,33,1016,273,20,17,0.34,11,0,0
15,34,951,255,21,16,0.29,11,0,0
16,1,32,528,149,95,0.92,4,0,0
16,2,276,510,134,79,0.90,4,0,0
16,3,444,516,121,72,0.90,4,0,0
16,4,666,476,93,60,0.85,4,0,0
16,5,437,556,210,160,0.81,6,0,0
16,6,892,306,39,28,0.76,4,0,0
16,7,841,365,50,31,0.74,4,0,0
16,8,890,331,95,99,0.72,6,0,0
16,9,954,280,30,22,0.65,4,0,0
16,10,999,290,23,18,0.65,4,0,0
16,11,873,294,34,24,0.64,4,0,0
16,12,797,283,52,44,0.55,6,0,0
16,13,953,306,38,26,0.52,4,0,0
16,14,999,265,23,15,0.49,4,0,0
16,15,948,256,20,17,0.43,4,0,0
16,16,880,277,29,19,0.42,4,0,0
16,17,983,241,20,16,0.26,4,0,0
16,18,32,528,149,95,0.92,11,0,0
16,19,276,510,134,79,0.90,11,0,0
16,20,444,516,121,72,0.90,11,0,0
16,21,666,476,93,60,0.85,11,0,0
16,22,437,556,210,160,0.81,11,0,0
16,23,892,306,39,28,0.76,11,0,0
16,24,841,365,50,31,0.74,11,0,0
16,25,890,331,95,99,0.72,11,0,0
16,26,954,280,30,22,0.65,11,0,0
16,27,999,290,23,18,0.65,11,0,0
16,28,873,294,34,24,0.64,11,0,0
16,29,797,283,52,44,0.55,11,0,0
16,30,953,306,38,26,0.52,11,0,0
16,31,999,265,23,15,0.49,11,0,0
16,32,948,256,20,17,0.43,11,0,0
16,33,880,277,29,19,0.42,11,0,0
16,34,983,241,20,16,0.26,11,0,0
17,1,0,544,136,96,0.92,4,0,0
17,2,239,523,143,84,0.91,4,0,0
17,3,465,506,118,72,0.87,4,0,0
17,4,676,471,91,60,0.87,4,0,0
17,5,461,548,205,161,0.85,6,0,0
17,6,895,305,39,27,0.78,4,0,0
17,7,895,330,91,97,0.78,6,0,0
17,8,845,363,50,29,0.75,4,0,0
17,9,868,296,36,24,0.73,4,0,0
17,10,1000,289,24,18,0.66,4,0,0
17,11,956,306,38,24,0.64,4,0,0
17,12,956,279,29,21,0.63,4,0,0
17,13,878,279,27,18,0.58,4,0,0
17,14,946,257,20,16,0.57,4,0,0
17,15,791,281,52,48,0.57,6,0,0
17,16,1000,264,23,16,0.49,4,0,0
17,17,982,242,20,16,0.31,4,0,0
17,18,1018,274,20,16,0.30,4,0,0
17,19,0,544,136,96,0.92,11,0,0
17,20,239,523,143,84,0.91,11,0,0
17,21,465,506,118,72,0.87,11,0,0
17,22,676,471,91,60,0.87,11,0,0
17,23,461,548,205,161,0.85,11,0,0
17,24,895,305,39,27,0.78,11,0,0
17,25,895,330,91,97,0.78,11,0,0
17,26,845,363,50,29,0.75,11,0,0
17,27,868,296,36,24,0.73,11,0,0
17,28,1000,289,24,18,0.66,11,0,0
17,29,956,306,38,24,0.64,11,0,0
17,30,956,279,29,21,0.63,11,0,0
17,31,878,279,27,18,0.58,11,0,0
17,32,946,257,20,16,0.57,11,0,0
17,33,791,281,52,48,0.57,11,0,0
17,34,1000,264,23,16,0.49,11,0,0
17,35,982,242,20,16,0.31,11,0,0
17,36,1018,274,20,16,0.30,11,0,0
18,1,161,547,155,98,0.91,4,0,0
18,2,509,490,109,60,0.88,4,0,0
18,3,688,464,91,55,0.84,4,0,0
18,4,502,531,188,157,0.81,6,0,0
18,5,0,578,40,67,0.80,4,0,0
18,6,852,360,48,31,0.79,4,0,0
18,7,900,303,37,27,0.77,4,0,0
18,8,959,302,37,24,0.74,4,0,0
18,9,861,299,33,24,0.73,4,0,0
18,10,781,288,53,44,0.71,6,0,0
18,11,1002,288,25,18,0.66,4,0,0
18,12,870,281,30,19,0.63,4,0,0
18,13,959,278,28,21,0.61,4,0,0
18,14,942,259,22,16,0.57,4,0,0
18,15,905,325,82,95,0.56,6,0,0
18,16,1002,264,25,15,0.48,4,0,0
18,17,980,244,19,15,0.45,4,0,0
18,18,161,547,155,98,0.91,11,0,0
18,19,509,490,109,60,0.88,11,0,0
18,20,688,464,91,55,0.84,11,0,0
18,21,502,531,188,157,0.81,11,0,0
18,22,0,578,40,67,0.80,11,0,0
18,23,852,360,48,31,0.79,11,0,0
18,24,900,303,37,27,0.77,11,0,0
18,25,959,302,37,24,0.74,11,0,0
18,26,861,299,33,24,0.73,11,0,0
18,27,781,288,53,44,0.71,11,0,0
18,28,1002,288,25,18,0.66,11,0,0
18,29,870,281,30,19,0.63,11,0,0
18,30,959,278,28,21,0.61,11,0,0
18,31,942,259,22,16,0.57,11,0,0
18,32,905,325,82,95,0.56,11,0,0
18,33,1002,264,25,15,0.48,11,0,0
18,34,980,244,19,15,0.45,11,0,0
19,1,61,580,186,113,0.91,4,0,0
19,2,541,518,175,144,0.89,6,0,0
19,3,546,472,99,58,0.89,4,0,0
19,4,708,457,82,53,0.84,4,0,0
19,5,859,358,47,30,0.80,4,0,0
19,6,905,303,36,25,0.76,4,0,0
19,7,964,300,34,24,0.73,4,0,0
19,8,854,302,35,24,0.67,4,0,0
19,9,964,277,26,21,0.64,4,0,0
19,10,769,290,55,47,0.64,6,0,0
19,11,937,261,22,15,0.63,4,0,0
19,12,1004,286,26,19,0.62,4,0,0
19,13,913,326,75,88,0.54,6,0,0
19,14,977,246,19,14,0.46,4,0,0
19,15,862,282,30,22,0.43,4,0,0
19,16,1006,265,23,12,0.42,4,0,0
19,17,61,580,186,113,0.91,11,0,0
19,18,541,518,175,144,0.89,11,0,0
19,19,546,472,99,58,0.89,11,0,0
19,20,708,457,82,53,0.84,11,0,0
19,21,859,358,47,30,0.80,11,0,0
19,22,905,303,36,25,0.76,11,0,0
19,23,964,300,34,24,0.73,11,0,0
19,24,854,302,35,24,0.67,11,0,0
19,25,964,277,26,21,0.64,11,0,0
19,26,769,290,55,47,0.64,11,0,0
19,27,937,261,22,15,0.63,11,0,0
19,28,1004,286,26,19,0.62,11,0,0
19,29,913,326,75,88,0.54,11,0,0
19,30,977,246,19,14,0.46,11,0,0
19,31,862,282,30,22,0.43,11,0,0
19,32,1006,265,23,12,0.42,11,0,0
20,1,0,614,160,104,0.92,4,0,0
20,2,574,502,163,141,0.87,6,0,0
20,3,582,458,89,53,0.87,4,0,0
20,4,722,450,80,51,0.79,4,0,0
20,5,864,356,46,29,0.76,4,0,0
20,6,909,302,36,24,0.74,4,0,0
20,7,755,294,58,48,0.71,6,0,0
20,8,844,306,36,24,0.70,4,0,0
20,9,853,287,32,21,0.65,4,0,0
20,10,933,262,22,16,0.62,4,0,0
20,11,969,299,31,23,0.61,4,0,0
20,12,966,276,27,21,0.58,4,0,0
20,13,1007,286,25,17,0.57,4,0,0
20,14,973,247,20,15,0.44,4,0,0
20,15,1008,263,22,14,0.37,4,0,0
20,16,0,614,160,104,0.92,11,0,0
20,17,574,502,163,141,0.87,11,0,0
20,18,582,458,89,53,0.87,11,0,0
20,19,722,450,80,51,0.79,11,0,0
20,20,864,356,46,29,0.76,11,0,0
20,21,909,302,36,24,0.74,11,0,0
20,22,755,294,58,48,0.71,11,0,0
20,23,844,306,36,24,0.70,11,0,0
20,24,853,287,32,21,0.65,11,0,0
20,25,933,262,22,16,0.62,11,0,0
20,26,969,299,31,23,0.61,11,0,0
20,27,966,276,27,21,0.58,11,0,0
20,28,1007,286,25,17,0.57,11,0,0
20,29,973,247,20,15,0.44,11,0,0
20,30,1008,263,22,14,0.37,11,0,0
21,1,610,446,83,49,0.87,4,0,0
21,2,604,492,154,130,0.83,6,0,0
21,3,735,444,78,50,0.81,4,0,0
21,4,870,353,46,29,0.79,4,0,0
21,5,836,311,37,24,0.78,4,0,0
21,6,914,301,35,23,0.75,4,0,0
21,7,744,294,59,52,0.73,6,0,0
21,8,845,289,31,23,0.70,4,0,0
21,9,971,298,33,23,0.67,4,0,0
21,10,929,264,22,15,0.63,4,0,0
21,11,970,249,21,14,0.59,4,0,0
21,12,1009,284,26,19,0.58,4,0,0
21,13,969,276,27,20,0.56,4,0,0
21,14,0,667,63,51,0.52,4,0,0
21,15,1012,262,20,14,0.29,4,0,0
21,16,918,339,16,24,0.26,4,0,0
21,17,610,446,83,49,0.87,11,0,0
21,18,604,492,154,130,0.83,11,0,0
21,19,735,444,78,50,0.81,11,0,0
21,20,870,353,46,29,0.79,11,0,0
21,21,836,311,37,24,0.78,11,0,0
21,22,914,301,35,23,0.75,11,0,0
21,23,744,294,59,52,0.73,11,0,0
21,24,845,289,31,23,0.70,11,0,0
21,25,971,298,33,23,0.67,11,0,0
21,26,929,264,22,15,0.63,11,0,0
21,27,970,249,21,14,0.59,11,0,0
21,28,1009,284,26,19,0.58,11,0,0
21,29,969,276,27,20,0.56,11,0,0
21,30,0,667,63,51,0.52,11,0,0
21,31,1012,262,20,14,0.29,11,0,0
21,32,918,339,16,24,0.26,11,0,0
22,1,635,481,150,126,0.87,6,0,0
22,2,638,434,77,49,0.87,4,0,0
22,3,875,351,47,28,0.80,4,0,0
22,4,828,313,37,25,0.80,4,0,0
22,5,747,437,76,47,0.80,4,0,0
22,6,917,298,35,24,0.76,4,0,0
22,7,834,292,33,23,0.72,4,0,0
22,8,1012,282,23,19,0.70,4,0,0
22,9,967,250,21,16,0.68,4,0,0
22,10,974,296,31,21,0.68,4,0,0
22,11,925,265,23,16,0.65,4,0,0
22,12,972,275,27,19,0.63,4,0,0
22,13,730,300,62,53,0.63,6,0,0
22,14,923,333,18,28,0.54,4,0,0
22,15,1014,260,22,15,0.37,4,0,0
22,16,1000,236,20,20,0.27,4,0,0
22,17,635,481,150,126,0.87,11,0,0
22,18,638,434,77,49,0.87,11,0,0
22,19,875,351,47,28,0.80,11,0,0
22,20,828,313,37,25,0.80,11,0,0
22,21,747,437,76,47,0.80,11,0,0
22,22,917,298,35,24,0.76,11,0,0
22,23,834,292,33,23,0.72,11,0,0
22,24,1012,282,23,19,0.70,11,0,0
22,25,967,250,21,16,0.68,11,0,0
22,26,974,296,31,21,0.68,11,0,0
22,27,925,265,23,16,0.65,11,0,0
22,28,972,275,27,19,0.63,11,0,0
22,29,730,300,62,53,0.63,11,0,0
22,30,923,333,18,28,0.54,11,0,0
22,31,1014,260,22,15,0.37,11,0,0
22,32,1000,236,20,20,0.27,11,0,0
23,1,663,469,135,119,0.85,6,0,0
23,2,661,424,73,46,0.85,4,0,0
23,3,756,431,76,46,0.81,4,0,0
23,4,881,349,44,27,0.77,4,0,0
23,5,921,297,35,24,0.75,4,0,0
23,6,818,316,40,27,0.74,4,0,0
23,7,920,266,23,17,0.70,4,0,0
23,8,714,304,66,54,0.65,6,0,0
23,9,823,295,36,23,0.64,4,0,0
23,10,1015,281,23,18,0.63,4,0,0
23,11,983,295,26,20,0.63,4,0,0
23,12,975,272,26,21,0.54,4,0,0
23,13,963,251,21,15,0.49,4,0,0
23,14,928,336,19,23,0.39,4,0,0
23,15,663,469,135,119,0.85,11,0,0
23,16,661,424,73,46,0.85,11,0,0
23,17,756,431,76,46,0.81,11,0,0
23,18,881,349,44,27,0.77,11,0,0
23,19,921,297,35,24,0.75,11,0,0
23,20,818,316,40,27,0.74,11,0,0
23,21,920,266,23,17,0.70,11,0,0
23,22,714,304,66,54,0.65,11,0,0
23,23,823,295,36,23,0.64,11,0,0
23,24,1015,281,23,18,0.63,11,0,0
23,25,983,295,26,20,0.63,11,0,0
23,26,975,272,26,21,0.54,11,0,0
23,27,963,251,21,15,0.49,11,0,0
23,28,928,336,19,23,0.39,11,0,0
24,1,681,414,70,45,0.85,4,0,0
24,2,685,460,129,113,0.85,6,0,0
24,3,772,424,69,45,0.80,4,0,0
24,4,887,346,44,28,0.79,4,0,0
24,5,700,309,67,53,0.76,6,0,0
24,6,926,295,33,24,0.75,4,0,0
24,7,810,321,39,27,0.74,4,0,0
24,8,915,269,23,16,0.71,4,0,0
24,9,814,299,34,24,0.59,4,0,0
24,10,1017,281,22,17,0.57,4,0,0
24,11,986,294,26,19,0.52,4,0,0
24,12,978,272,26,20,0.48,4,0,0
24,13,960,253,21,16,0.46,4,0,0
24,14,932,333,22,22,0.45,4,0,0
24,15,681,414,70,45,0.85,11,0,0
24,16,685,460,129,113,0.85,11,0,0
24,17,772,424,69,45,0.80,11,0,0
24,18,887,346,44,28,0.79,11,0,0
24,19,700,309,67,53,0.76,11,0,0
24,20,926,295,33,24,0.75,11,0,0
24,21,810,321,39,27,0.74,11,0,0
24,22,915,269,23,16,0.71,11,0,0
24,23,814,299,34,24,0.59,11,0,0
24,24,1017,281,22,17,0.57,11,0,0
24,25,986,294,26,19,0.52,11,0,0
24,26,978,272,26,20,0.48,11,0,0
24,27,960,253,21,16,0.46,11,0,0
24,28,932,333,22,22,0.45,11,0,0
25,1,691,411,69,43,0.84,4,0,0
25,2,890,345,44,28,0.81,4,0,0
25,3,698,457,126,109,0.79,6,0,0
25,4,804,324,40,26,0.75,4,0,0
25,5,777,421,70,44,0.74,4,0,0
25,6,928,295,33,23,0.72,4,0,0
25,7,808,301,35,26,0.72,4,0,0
25,8,691,311,68,54,0.65,6,0,0
25,9,1018,280,22,18,0.59,4,0,0
25,10,912,270,24,16,0.59,4,0,0
25,11,980,271,26,20,0.51,4,0,0
25,12,988,294,26,17,0.44,4,0,0
25,13,957,253,21,17,0.42,4,0,0
25,14,935,332,21,22,0.41,4,0,0
25,15,691,411,69,43,0.84,11,0,0
25,16,890,345,44,28,0.81,11,0,0
25,17,698,457,126,109,0.79,11,0,0
25,18,804,324,40,26,0.75,11,0,0
25,19,777,421,70,44,0.74,11,0,0
25,20,928,295,33,23,0.72,11,0,0
25,21,808,301,35,26,0.72,11,0,0
25,22,691,311,68,54,0.65,11,0,0
25,23,1018,280,22,18,0.59,11,0,0
25,24,912,270,24,16,0.59,11,0,0
25,25,980,271,26,20,0.51,11,0,0
25,26,988,294,26,17,0.44,11,0,0
25,27,957,253,21,17,0.42,11,0,0
25,28,935,332,21,22,0.41,11,0,0
26,1,707,403,66,40,0.83,4,0,0
26,2,717,447,120,107,0.82,6,0,0
26,3,787,414,69,43,0.80,4,0,0
26,4,894,343,43,27,0.77,4,0,0
26,5,794,327,42,29,0.74,4,0,0
26,6,908,271,23,17,0.73,4,0,0
26,7,796,303,38,26,0.71,4,0,0
26,8,931,294,33,22,0.70,4,0,0
26,9,675,315,71,57,0.63,6,0,0
26,10,939,323,25,29,0.53,4,0,0
26,11,1020,279,22,18,0.53,4,0,0
26,12,984,271,25,19,0.52,4,0,0
26,13,953,254,21,17,0.38,4,0,0
26,14,707,403,66,40,0.83,11,0,0
26,15,717,447,120,107,0.82,11,0,0
26,16,787,414,69,43,0.80,11,0,0
26,17,894,343,43,27,0.77,11,0,0
26,18,794,327,42,29,0.74,11,0,0
26,19,908,271,23,17,0.73,11,0,0
26,20,796,303,38,26,0.71,11,0,0
26,21,931,294,33,22,0.70,11,0,0
26,22,675,315,71,57,0.63,11,0,0
26,23,939,323,25,29,0.53,11,0,0
26,24,1020,279,22,18,0.53,11,0,0
26,25,984,271,25,19,0.52,11,0,0
26,26,953,254,21,17,0.38,11,0,0
27,1,723,394,65,40,0.85,4,0,0
27,2,781,333,45,28,0.80,4,0,0
27,3,735,441,116,102,0.77,6,0,0
27,4,800,409,64,38,0.76,4,0,0
27,5,899,342,42,26,0.74,4,0,0
27,6,782,308,41,25,0.72,4,0,0
27,7,935,293,32,22,0.67,4,0,0
27,8,902,273,24,18,0.67,4,0,0
27,9,656,320,74,58,0.61,6,0,0
27,10,943,322,25,28,0.53,4,0,0
27,11,987,270,25,19,0.50,4,0,0
27,12,1023,278,22,18,0.28,4,0,0
27,13,723,394,65,40,0.85,11,0,0
27,14,781,333,45,28,0.80,11,0,0
27,15,735,441,116,102,0.77,11,0,0
27,16,800,409,64,38,0.76,11,0,0
27,17,899,342,42,26,0.74,11,0,0
27,18,782,308,41,25,0.72,11,0,0
27,19,935,293,32,22,0.67,11,0,0
27,20,902,273,24,18,0.67,11,0,0
27,21,656,320,74,58,0.61,11,0,0
27,22,943,322,25,28,0.53,11,0,0
27,23,987,270,25,19,0.50,11,0,0
27,24,1023,278,22,18,0.28,11,0,0
28,1,742,387,59,38,0.83,4,0,0
28,2,812,404,61,35,0.80,4,0,0
28,3,904,339,42,26,0.78,4,0,0
28,4,771,312,42,27,0.78,4,0,0
28,5,754,430,112,102,0.78,6,0,0
28,6,770,337,46,29,0.75,4,0,0
28,7,939,290,31,23,0.70,4,0,0
28,8,639,325,76,62,0.70,6,0,0
28,9,896,274,25,18,0.69,4,0,0
28,10,944,258,22,16,0.63,4,0,0
28,11,988,269,26,18,0.53,4,0,0
28,12,946,322,26,26,0.39,4,0,0
28,13,638,325,77,61,0.34,9,0,0
28,14,985,240,23,27,0.28,4,0,0
28,15,1026,277,20,16,0.27,4,0,0
28,16,742,387,59,38,0.83,11,0,0
28,17,812,404,61,35,0.80,11,0,0
28,18,904,339,42,26,0.78,11,0,0
28,19,771,312,42,27,0.78,11,0,0
28,20,754,430,112,102,0.78,11,0,0
28,21,770,337,46,29,0.75,11,0,0
28,22,939,290,31,23,0.70,11,0,0
28,23,639,325,76,62,0.70,11,0,0
28,24,896,274,25,18,0.69,11,0,0
28,25,944,258,22,16,0.63,11,0,0
28,26,988,269,26,18,0.53,11,0,0
28,27,946,322,26,26,0.39,11,0,0
28,28,638,325,77,61,0.34,11,0,0
28,29,985,240,23,27,0.28,11,0,0
28,30,1026,277,20,16,0.27,11,0,0
29,1,774,424,106,96,0.82,6,0,0
29,2,758,381,57,37,0.80,4,0,0
29,3,757,342,49,31,0.79,4,0,0
29,4,908,337,41,26,0.78,4,0,0
29,5,619,330,81,64,0.77,6,0,0
29,6,759,316,43,30,0.74,4,0,0
29,7,891,277,26,17,0.70,4,0,0
29,8,820,397,60,34,0.68,4,0,0
29,9,941,258,22,17,0.62,4,0,0
29,10,943,288,31,23,0.61,4,0,0
29,11,991,267,27,20,0.48,4,0,0
29,12,0,666,203,52,0.40,4,0,0
29,13,951,323,25,23,0.39,4,0,0
29,14,1027,276,20,16,0.37,4,0,0
29,15,982,244,22,24,0.37,4,0,0
29,16,1008,246,20,14,0.30,4,0,0
29,17,758,323,46,35,0.26,4,0,0
29,18,774,424,106,96,0.82,11,0,0
29,19,758,381,57,37,0.80,11,0,0
29,20,757,342,49,31,0.79,11,0,0
29,21,908,337,41,26,0.78,11,0,0
29,22,619,330,81,64,0.77,11,0,0
29,23,759,316,43,30,0.74,11,0,0
29,24,891,277,26,17,0.70,11,0,0
29,25,820,397,60,34,0.68,11,0,0
29,26,941,258,22,17,0.62,11,0,0
29,27,943,288,31,23,0.61,11,0,0
29,28,991,267,27,20,0.48,11,0,0
29,29,0,666,203,52,0.40,11,0,0
29,30,951,323,25,23,0.39,11,0,0
29,31,1027,276,20,16,0.37,11,0,0
29,32,982,244,22,24,0.37,11,0,0
29,33,1008,246,20,14,0.30,11,0,0
29,34,758,323,46,35,0.26,11,0,0
30,1,596,337,84,66,0.85,6,0,0
30,2,768,371,63,37,0.81,4,0,0
30,3,788,416,110,92,0.80,6,0,0
30,4,914,335,40,25,0.79,4,0,0
30,5,744,346,47,35,0.78,4,0,0
30,6,834,392,57,31,0.77,4,0,0
30,7,71,632,198,86,0.76,4,0,0
30,8,884,278,26,19,0.72,4,0,0
30,9,743,320,44,30,0.71,4,0,0
30,10,947,288,30,22,0.68,4,0,0
30,11,935,260,23,18,0.62,4,0,0
30,12,955,319,24,24,0.56,4,0,0
30,13,995,266,25,19,0.56,4,0,0
30,14,1031,274,20,17,0.42,4,0,0
30,15,596,337,84,66,0.85,11,0,0
30,16,768,371,63,37,0.81,11,0,0
30,17,788,416,110,92,0.80,11,0,0
30,18,914,335,40,25,0.79,11,0,0
30,19,744,346,47,35,0.78,11,0,0
30,20,834,392,57,31,0.77,11,0,0
30,21,71,632,198,86,0.76,11,0,0
30,22,884,278,26,19,0.72,11,0,0
30,23,743,320,44,30,0.71,11,0,0
30,24,947,288,30,22,0.68,11,0,0
30,25,935,260,23,18,0.62,11,0,0
30,26,955,319,24,24,0.56,11,0,0
30,27,995,266,25,19,0.56,11,0,0
30,28,1031,274,20,17,0.42,11,0,0
31,1,154,601,180,116,0.87,4,0,0
31,2,784,368,56,32,0.85,4,0,0
31,3,806,387,96,111,0.85,6,0,0
31,4,727,352,52,34,0.77,4,0,0
31,5,918,333,39,25,0.77,4,0,0
31,6,729,324,45,31,0.77,4,0,0
31,7,878,280,27,19,0.75,4,0,0
31,8,949,286,32,22,0.73,4,0,0
31,9,931,262,23,17,0.67,4,0,0
31,10,571,344,91,66,0.60,6,0,0
31,11,957,318,27,22,0.47,4,0,0
31,12,998,265,24,19,0.46,4,0,0
31,13,1033,273,19,16,0.33,4,0,0
31,14,974,244,24,28,0.31,4,0,0
31,15,154,601,180,116,0.87,11,0,0
31,16,784,368,56,32,0.85,11,0,0
31,17,806,387,96,111,0.85,11,0,0
31,18,727,352,52,34,0.77,11,0,0
31,19,918,333,39,25,0.77,11,0,0
31,20,729,324,45,31,0.77,11,0,0
31,21,878,280,27,19,0.75,11,0,0
31,22,949,286,32,22,0.73,11,0,0
31,23,931,262,23,17,0.67,11,0,0
31,24,571,344,91,66,0.60,11,0,0
31,25,957,318,27,22,0.47,11,0,0
31,26,998,265,24,19,0.46,11,0,0
31,27,1033,273,19,16,0.33,11,0,0
31,28,974,244,24,28,0.31,11,0,0
32,1,223,575,157,110,0.88,4,0,0
32,2,797,362,53,32,0.84,4,0,0
32,3,817,383,95,103,0.82,6,0,0
32,4,546,350,94,71,0.82,6,0,0
32,5,713,330,47,31,0.82,4,0,0
32,6,712,359,55,34,0.81,4,0,0
32,7,923,331,39,25,0.79,4,0,0
32,8,872,281,28,20,0.77,4,0,0
32,9,953,284,30,23,0.72,4,0,0
32,10,926,264,23,17,0.70,4,0,0
32,11,1000,265,24,19,0.43,4,0,0
32,12,961,317,27,21,0.36,4,0,0
32,13,970,255,25,18,0.34,4,0,0
32,14,1035,271,19,16,0.31,4,0,0
32,15,223,575,157,110,0.88,11,0,0
32,16,797,362,53,32,0.84,11,0,0
32,17,817,383,95,103,0.82,11,0,0
32,18,546,350,94,71,0.82,11,0,0
32,19,713,330,47,31,0.82,11,0,0
32,20,712,359,55,34,0.81,11,0,0
32,21,923,331,39,25,0.79,11,0,0
32,22,872,281,28,20,0.77,11,0,0
32,23,953,284,30,23,0.72,11,0,0
32,24,926,264,23,17,0.70,11,0,0
32,25,1000,265,24,19,0.43,11,0,0
32,26,961,317,27,21,0.36,11,0,0
32,27,970,255,25,18,0.34,11,0,0
32,28,1035,271,19,16,0.31,11,0,0
33,1,248,565,154,106,0.85,4,0,0
33,2,803,360,53,32,0.82,4,0,0
33,3,702,363,55,34,0.80,4,0,0
33,4,530,352,99,74,0.79,6,0,0
33,5,704,332,48,33,0.78,4,0,0
33,6,925,331,39,24,0.77,4,0,0
33,7,868,282,28,21,0.77,4,0,0
33,8,953,284,32,21,0.75,4,0,0
33,9,924,265,22,17,0.70,4,0,0
33,10,824,386,95,97,0.60,6,0,0
33,11,1000,264,25,17,0.53,4,0,0
33,12,967,255,24,19,0.48,4,0,0
33,13,963,314,28,22,0.42,4,0,0
33,14,1035,271,20,16,0.39,4,0,0
33,15,855,381,55,25,0.27,4,0,0
33,16,1035,248,20,17,0.26,4,0,0
33,17,248,565,154,106,0.85,11,0,0
33,18,803,360,53,32,0.82,11,0,0
33,19,702,363,55,34,0.80,11,0,0
33,20,530,352,99,74,0.79,11,0,0
33,21,704,332,48,33,0.78,11,0,0
33,22,925,331,39,24,0.77,11,0,0
33,23,868,282,28,21,0.77,11,0,0
33,24,953,284,32,21,0.75,11,0,0
33,25,924,265,22,17,0.70,11,0,0
33,26,824,386,95,97,0.60,11,0,0
33,27,1000,264,25,17,0.53,11,0,0
33,28,967,255,24,19,0.48,11,0,0
33,29,963,314,28,22,0.42,11,0,0
33,30,1035,271,20,16,0.39,11,0,0
33,31,855,381,55,25,0.27,11,0,0
33,32,1035,248,20,17,0.26,11,0,0
34,1,305,543,140,96,0.89,4,0,0
34,2,500,363,107,75,0.84,6,0,0
34,3,688,368,57,37,0.80,4,0,0
34,4,814,353,49,33,0.80,4,0,0
34,5,686,337,51,35,0.77,4,0,0
34,6,862,284,27,21,0.76,4,0,0
34,7,952,282,35,22,0.76,4,0,0
34,8,928,328,38,25,0.75,4,0,0
34,9,837,380,93,91,0.72,6,0,0
34,10,918,266,24,17,0.67,4,0,0
34,11,1003,264,25,16,0.56,4,0,0
34,12,965,312,29,22,0.47,4,0,0
34,13,965,257,23,19,0.31,4,0,0
34,14,1037,269,21,15,0.30,4,0,0
34,15,305,543,140,96,0.89,11,0,0
34,16,500,363,107,75,0.84,11,0,0
34,17,688,368,57,37,0.80,11,0,0
34,18,814,353,49,33,0.80,11,0,0
34,19,686,337,51,35,0.77,11,0,0
34,20,862,284,27,21,0.76,11,0,0
34,21,952,282,35,22,0.76,11,0,0
34,22,928,328,38,25,0.75,11,0,0
34,23,837,380,93,91,0.72,11,0,0
34,24,918,266,24,17,0.67,11,0,0
34,25,1003,264,25,16,0.56,11,0,0
34,26,965,312,29,22,0.47,11,0,0
34,27,965,257,23,19,0.31,11,0,0
34,28,1037,269,21,15,0.30,11,0,0
35,1,358,522,132,89,0.90,4,0,0
35,2,471,369,109,80,0.85,6,0,0
35,3,670,374,58,39,0.82,4,0,0
35,4,823,349,48,31,0.80,4,0,0
35,5,668,343,52,35,0.78,4,0,0
35,6,849,387,86,77,0.78,6,0,0
35,7,854,286,29,21,0.75,4,0,0
35,8,933,326,36,24,0.73,4,0,0
35,9,913,268,24,18,0.72,4,0,0
35,10,960,282,29,20,0.68,4,0,0
35,11,1006,263,23,17,0.59,4,0,0
35,12,866,370,55,23,0.59,4,0,0
35,13,960,261,25,18,0.42,4,0,0
35,14,993,252,19,13,0.35,4,0,0
35,15,966,247,22,17,0.34,4,0,0
35,16,969,312,30,21,0.32,4,0,0
35,17,1010,243,21,18,0.31,4,0,0
35,18,1039,270,20,13,0.26,4,0,0
35,19,358,522,132,89,0.90,11,0,0
35,20,471,369,109,80,0.85,11,0,0
35,21,670,374,58,39,0.82,11,0,0
35,22,823,349,48,31,0.80,11,0,0
35,23,668,343,52,35,0.78,11,0,0
35,24,849,387,86,77,0.78,11,0,0
35,25,854,286,29,21,0.75,11,0,0
35,26,933,326,36,24,0.73,11,0,0
35,27,913,268,24,18,0.72,11,0,0
35,28,960,282,29,20,0.68,11,0,0
35,29,1006,263,23,17,0.59,11,0,0
35,30,866,370,55,23,0.59,11,0,0
35,31,960,261,25,18,0.42,11,0,0
35,32,993,252,19,13,0.35,11,0,0
35,33,966,247,22,17,0.34,11,0,0
35,34,969,312,30,21,0.32,11,0,0
35,35,1010,243,21,18,0.31,11,0,0
35,36,1039,270,20,13,0.26,11,0,0
36,1,404,505,119,85,0.87,4,0,0
36,2,650,382,63,40,0.85,4,0,0
36,3,435,378,117,86,0.84,6,0,0
36,4,834,345,45,30,0.79,4,0,0
36,5,650,350,54,36,0.79,4,0,0
36,6,847,288,29,21,0.77,4,0,0
36,7,937,324,36,24,0.75,4,0,0
36,8,861,380,83,78,0.72,6,0,0
36,9,908,270,26,17,0.71,4,0,0
36,10,964,282,29,19,0.67,4,0,0
36,11,957,262,24,17,0.43,4,0,0
36,12,1008,262,24,17,0.40,4,0,0
36,13,990,253,22,13,0.40,4,0,0
36,14,971,313,29,19,0.37,4,0,0
36,15,874,368,54,23,0.29,4,0,0
36,16,1040,269,20,13,0.25,4,0,0
36,17,404,505,119,85,0.87,11,0,0
36,18,650,382,63,40,0.85,11,0,0
36,19,435,378,117,86,0.84,11,0,0
36,20,834,345,45,30,0.79,11,0,0
36,21,650,350,54,36,0.79,11,0,0
36,22,847,288,29,21,0.77,11,0,0
36,23,937,324,36,24,0.75,11,0,0
36,24,861,380,83,78,0.72,11,0,0
36,25,908,270,26,17,0.71,11,0,0
36,26,964,282,29,19,0.67,11,0,0
36,27,957,262,24,17,0.43,11,0,0
36,28,1008,262,24,17,0.40,11,0,0
36,29,990,253,22,13,0.40,11,0,0
36,30,971,313,29,19,0.37,11,0,0
36,31,874,368,54,23,0.29,11,0,0
36,32,1040,269,20,13,0.25,11,0,0
37,1,444,489,110,82,0.90,4,0,0
37,2,631,390,64,42,0.82,4,0,0
37,3,843,342,45,29,0.81,4,0,0
37,4,631,356,55,36,0.81,4,0,0
37,5,871,375,80,76,0.78,6,0,0
37,6,331,672,146,46,0.76,4,0,0
37,7,397,382,125,92,0.75,6,0,0
37,8,840,292,30,20,0.74,4,0,0
37,9,940,322,35,24,0.73,4,0,0
37,10,903,271,26,19,0.71,4,0,0
37,11,966,280,29,20,0.60,4,0,0
37,12,954,265,22,15,0.56,4,0,0
37,13,880,364,48,24,0.47,4,0,0
37,14,986,254,24,13,0.41,4,0,0
37,15,1009,260,24,17,0.41,4,0,0
37,16,941,286,16,17,0.40,4,0,0
37,17,975,312,23,17,0.40,4,0,0
37,18,1043,267,19,13,0.31,4,0,0
37,19,444,489,110,82,0.90,11,0,0
37,20,631,390,64,42,0.82,11,0,0
37,21,843,342,45,29,0.81,11,0,0
37,22,631,356,55,36,0.81,11,0,0
37,23,871,375,80,76,0.78,11,0,0
37,24,331,672,146,46,0.76,11,0,0
37,25,397,382,125,92,0.75,11,0,0
37,26,840,292,30,20,0.74,11,0,0
37,27,940,322,35,24,0.73,11,0,0
37,28,903,271,26,19,0.71,11,0,0
37,29,966,280,29,20,0.60,11,0,0
37,30,954,265,22,15,0.56,11,0,0
37,31,880,364,48,24,0.47,11,0,0
37,32,986,254,24,13,0.41,11,0,0
37,33,1009,260,24,17,0.41,11,0,0
37,34,941,286,16,17,0.40,11,0,0
37,35,975,312,23,17,0.40,11,0,0
37,36,1043,267,19,13,0.31,11,0,0
38,1,479,474,106,79,0.89,4,0,0
38,2,351,397,137,95,0.87,6,0,0
38,3,607,398,70,45,0.82,4,0,0
38,4,344,648,172,71,0.81,4,0,0
38,5,851,337,44,28,0.78,4,0,0
38,6,611,363,58,41,0.78,4,0,0
38,7,832,293,32,21,0.77,4,0,0
38,8,881,371,74,72,0.76,6,0,0
38,9,944,321,34,23,0.73,4,0,0
38,10,897,272,29,20,0.71,4,0,0
38,11,969,280,29,18,0.62,4,0,0
38,12,887,362,46,25,0.58,4,0,0
38,13,952,265,22,18,0.48,4,0,0
38,14,956,250,21,16,0.47,4,0,0
38,15,978,310,22,16,0.44,4,0,0
38,16,983,254,23,15,0.36,4,0,0
38,17,1014,259,22,17,0.35,4,0,0
38,18,941,286,15,17,0.25,4,0,0
38,19,479,474,106,79,0.89,11,0,0
38,20,351,397,137,95,0.87,11,0,0
38,21,607,398,70,45,0.82,11,0,0
38,22,344,648,172,71,0.81,11,0,0
38,23,851,337,44,28,0.78,11,0,0
38,24,611,363,58,41,0.78,11,0,0
38,25,832,293,32,21,0.77,11,0,0
38,26,881,371,74,72,0.76,11,0,0
38,27,944,321,34,23,0.73,11,0,0
38,28,897,272,29,20,0.71,11,0,0
38,29,969,280,29,18,0.62,11,0,0
38,30,887,362,46,25,0.58,11,0,0
38,31,952,265,22,18,0.48,11,0,0
38,32,956,250,21,16,0.47,11,0,0
38,33,978,310,22,16,0.44,11,0,0
38,34,983,254,23,15,0.36,11,0,0
38,35,1014,259,22,17,0.35,11,0,0
38,36,941,286,15,17,0.25,11,0,0
39,1,304,407,150,106,0.90,6,0,0
39,2,397,622,155,96,0.90,4,0,0
39,3,515,460,97,73,0.89,4,0,0
39,4,583,369,64,40,0.83,4,0,0
39,5,585,406,72,48,0.81,4,0,0
39,6,891,365,74,72,0.80,6,0,0
39,7,860,334,43,27,0.79,4,0,0
39,8,824,295,32,22,0.74,4,0,0
39,9,893,274,27,20,0.73,4,0,0
39,10,947,319,36,23,0.67,4,0,0
39,11,974,279,28,18,0.65,4,0,0
39,12,980,307,27,17,0.49,4,0,0
39,13,1017,258,21,17,0.45,4,0,0
39,14,952,251,22,18,0.43,4,0,0
39,15,945,268,24,18,0.39,4,0,0
39,16,893,357,40,26,0.31,4,0,0
39,17,1002,248,22,15,0.28,4,0,0
39,18,304,407,150,106,0.90,11,0,0
39,19,397,622,155,96,0.90,11,0,0
39,20,515,460,97,73,0.89,11,0,0
39,21,583,369,64,40,0.83,11,0,0
39,22,585,406,72,48,0.81,11,0,0
39,23,891,365,74,72,0.80,11,0,0
39,24,860,334,43,27,0.79,11,0,0
39,25,824,295,32,22,0.74,11,0,0
39,26,893,274,27,20,0.73,11,0,0
39,27,947,319,36,23,0.67,11,0,0
39,28,974,279,28,18,0.65,11,0,0
39,29,980,307,27,17,0.49,11,0,0
39,30,1017,258,21,17,0.45,11,0,0
39,31,952,251,22,18,0.43,11,0,0
39,32,945,268,24,18,0.39,11,0,0
39,33,893,357,40,26,0.31,11,0,0
39,34,1002,248,22,15,0.28,11,0,0
40,1,438,600,144,95,0.91,4,0,0
40,2,543,449,91,67,0.87,4,0,0
40,3,255,418,161,115,0.86,6,0,0
40,4,560,377,65,43,0.81,4,0,0
40,5,817,298,32,22,0.79,4,0,0
40,6,899,361,68,69,0.78,6,0,0
40,7,867,331,42,26,0.76,4,0,0
40,8,559,416,76,42,0.76,4,0,0
40,9,951,317,36,23,0.74,4,0,0
40,10,887,276,28,21,0.72,4,0,0
40,11,983,304,27,19,0.53,4,0,0
40,12,975,276,27,20,0.48,4,0,0
40,13,998,249,25,16,0.40,4,0,0
40,14,975,258,26,16,0.39,4,0,0
40,15,941,270,26,17,0.38,4,0,0
40,16,899,355,36,26,0.35,4,0,0
40,17,947,251,23,21,0.33,4,0,0
40,18,1018,257,22,17,0.32,4,0,0
40,19,438,600,144,95,0.91,11,0,0
40,20,543,449,91,67,0.87,11,0,0
40,21,255,418,161,115,0.86,11,0,0
40,22,560,377,65,43,0.81,11,0,0
40,23,817,298,32,22,0.79,11,0,0
40,24,899,361,68,69,0.78,11,0,0
40,25,867,331,42,26,0.76,11,0,0
40,26,559,416,76,42,0.76,11,0,0
40,27,951,317,36,23,0.74,11,0,0
40,28,887,276,28,21,0.72,11,0,0
40,29,983,304,27,19,0.53,11,0,0
40,30,975,276,27,20,0.48,11,0,0
40,31,998,249,25,16,0.40,11,0,0
40,32,975,258,26,16,0.39,11,0,0
40,33,941,270,26,17,0.38,11,0,0
40,34,899,355,36,26,0.35,11,0,0
40,35,947,251,23,21,0.33,11,0,0
40,36,1018,257,22,17,0.32,11,0,0
41,1,460,592,137,90,0.89,4,0,0
41,2,225,425,172,120,0.80,6,0,0
41,3,544,382,67,44,0.79,4,0,0
41,4,873,328,41,27,0.79,4,0,0
41,5,811,300,34,22,0.79,4,0,0
41,6,556,445,89,62,0.73,4,0,0
41,7,904,358,65,69,0.71,6,0,0
41,8,954,316,35,23,0.70,4,0,0
41,9,883,278,28,20,0.70,4,0,0
41,10,548,421,78,46,0.60,4,0,0
41,11,974,258,23,16,0.45,4,0,0
41,12,975,276,30,19,0.43,4,0,0
41,13,997,249,25,16,0.38,4,0,0
41,14,984,305,28,16,0.37,4,0,0
41,15,939,271,24,17,0.34,4,0,0
41,16,1019,254,23,18,0.26,4,0,0
41,17,460,592,137,90,0.89,11,0,0
41,18,225,425,172,120,0.80,11,0,0
41,19,544,382,67,44,0.79,11,0,0
41,20,873,328,41,27,0.79,11,0,0
41,21,811,300,34,22,0.79,11,0,0
41,22,556,445,89,62,0.73,11,0,0
41,23,904,358,65,69,0.71,11,0,0
41,24,954,316,35,23,0.70,11,0,0
41,25,883,278,28,20,0.70,11,0,0
41,26,548,421,78,46,0.60,11,0,0
41,27,974,258,23,16,0.45,11,0,0
41,28,975,276,30,19,0.43,11,0,0
41,29,997,249,25,16,0.38,11,0,0
41,30,984,305,28,16,0.37,11,0,0
41,31,939,271,24,17,0.34,11,0,0
41,32,1019,254,23,18,0.26,11,0,0
42,1,494,569,129,86,0.89,4,0,0
42,2,160,440,190,128,0.88,6,0,0
42,3,587,434,82,60,0.85,4,0,0
42,4,520,391,69,47,0.79,4,0,0
42,5,880,325,39,26,0.78,4,0,0
42,6,803,302,34,23,0.77,4,0,0
42,7,878,280,28,20,0.74,4,0,0
42,8,518,431,82,54,0.73,4,0,0
42,9,914,355,60,64,0.65,6,0,0
42,10,957,315,34,22,0.62,4,0,0
42,11,970,260,24,16,0.46,4,0,0
42,12,981,276,27,17,0.42,4,0,0
42,13,1022,254,21,18,0.31,4,0,0
42,14,985,303,29,16,0.30,4,0,0
42,15,935,271,26,18,0.30,4,0,0
42,16,995,250,23,15,0.27,4,0,0
42,17,494,569,129,86,0.89,11,0,0
42,18,160,440,190,128,0.88,11,0,0
42,19,587,434,82,60,0.85,11,0,0
42,20,520,391,69,47,0.79,11,0,0
42,21,880,325,39,26,0.78,11,0,0
42,22,803,302,34,23,0.77,11,0,0
42,23,878,280,28,20,0.74,11,0,0
42,24,518,431,82,54,0.73,11,0,0
42,25,914,355,60,64,0.65,11,0,0
42,26,957,315,34,22,0.62,11,0,0
42,27,970,260,24,16,0.46,11,0,0
42,28,981,276,27,17,0.42,11,0,0
42,29,1022,254,21,18,0.31,11,0,0
42,30,985,303,29,16,0.30,11,0,0
42,31,935,271,26,18,0.30,11,0,0
42,32,995,250,23,15,0.27,11,0,0
43,1,487,398,78,50,0.88,4,0,0
43,2,526,554,123,82,0.87,4,0,0
43,3,94,449,207,147,0.86,6,0,0
43,4,488,438,95,60,0.86,4,0,0
43,5,609,423,79,60,0.85,4,0,0
43,6,795,304,34,24,0.77,4,0,0
43,7,885,322,39,26,0.74,4,0,0
43,8,872,283,29,21,0.73,4,0,0
43,9,960,313,33,23,0.66,4,0,0
43,10,967,261,22,17,0.45,4,0,0
43,11,922,350,62,63,0.43,6,0,0
43,12,983,274,26,18,0.43,4,0,0
43,13,1023,254,22,17,0.30,4,0,0
43,14,987,301,29,16,0.29,4,0,0
43,15,487,398,78,50,0.88,11,0,0
43,16,526,554,123,82,0.87,11,0,0
43,17,94,449,207,147,0.86,11,0,0
43,18,488,438,95,60,0.86,11,0,0
43,19,609,423,79,60,0.85,11,0,0
43,20,795,304,34,24,0.77,11,0,0
43,21,885,322,39,26,0.74,11,0,0
43,22,872,283,29,21,0.73,11,0,0
43,23,960,313,33,23,0.66,11,0,0
43,24,967,261,22,17,0.45,11,0,0
43,25,922,350,62,63,0.43,11,0,0
43,26,983,274,26,18,0.43,11,0,0
43,27,1023,254,22,17,0.30,11,0,0
43,28,987,301,29,16,0.29,11,0,0
44,1,13,466,228,160,0.89,6,0,0
44,2,558,539,114,74,0.89,4,0,0
44,3,456,451,101,63,0.88,4,0,0
44,4,454,407,80,53,0.85,4,0,0
44,5,629,415,75,57,0.85,4,0,0
44,6,891,319,38,26,0.79,4,0,0
44,7,785,308,35,24,0.74,4,0,0
44,8,865,284,31,23,0.72,4,0,0
44,9,964,310,33,25,0.70,4,0,0
44,10,963,263,23,16,0.49,4,0,0
44,11,985,272,27,19,0.46,4,0,0
44,12,990,301,30,15,0.41,4,0,0
44,13,932,257,23,19,0.34,4,0,0
44,14,1024,253,22,17,0.32,4,0,0
44,15,930,348,54,62,0.32,6,0,0
44,16,926,276,25,17,0.26,4,0,0
44,17,13,466,228,160,0.89,11,0,0
44,18,558,539,114,74,0.89,11,0,0
44,19,456,451,101,63,0.88,11,0,0
44,20,454,407,80,53,0.85,11,0,0
44,21,629,415,75,57,0.85,11,0,0
44,22,891,319,38,26,0.79,11,0,0
44,23,785,308,35,24,0.74,11,0,0
44,24,865,284,31,23,0.72,11,0,0
44,25,964,310,33,25,0.70,11,0,0
44,26,963,263,23,16,0.49,11,0,0
44,27,985,272,27,19,0.46,11,0,0
44,28,990,301,30,15,0.41,11,0,0
44,29,932,257,23,19,0.34,11,0,0
44,30,1024,253,22,17,0.32,11,0,0
44,31,930,348,54,62,0.32,11,0,0
44,32,926,276,25,17,0.26,11,0,0
45,1,583,524,109,71,0.87,4,0,0
45,2,423,467,103,63,0.86,4,0,0
45,3,420,417,84,57,0.84,4,0,0
45,4,649,407,71,58,0.84,4,0,0
45,5,776,311,37,25,0.80,4,0,0
45,6,897,317,37,25,0.78,4,0,0
45,7,859,287,31,22,0.75,4,0,0
45,8,968,309,33,26,0.65,4,0,0
45,9,959,265,24,16,0.54,4,0,0
45,10,934,343,57,61,0.44,6,0,0
45,11,919,277,27,23,0.37,4,0,0
45,12,928,257,24,22,0.32,4,0,0
45,13,986,270,28,21,0.31,4,0,0
45,14,995,301,27,15,0.28,4,0,0
45,15,1003,238,17,15,0.26,4,0,0
45,16,583,524,109,71,0.87,11,0,0
45,17,423,467,103,63,0.86,11,0,0
45,18,420,417,84,57,0.84,11,0,0
45,19,649,407,71,58,0.84,11,0,0
45,20,776,311,37,25,0.80,11,0,0
45,21,897,317,37,25,0.78,11,0,0
45,22,859,287,31,22,0.75,11,0,0
45,23,968,309,33,26,0.65,11,0,0
45,24,959,265,24,16,0.54,11,0,0
45,25,934,343,57,61,0.44,11,0,0
45,26,919,277,27,23,0.37,11,0,0
45,27,928,257,24,22,0.32,11,0,0
45,28,986,270,28,21,0.31,11,0,0
45,29,995,301,27,15,0.28,11,0,0
45,30,1003,238,17,15,0.26,11,0,0
46,1,380,427,92,64,0.89,4,0,0
46,2,382,478,112,72,0.87,4,0,0
46,3,607,512,106,65,0.85,4,0,0
46,4,668,400,70,53,0.84,4,0,0
46,5,766,314,36,26,0.80,4,0,0
46,6,903,315,37,24,0.74,4,0,0
46,7,852,289,32,24,0.74,4,0,0
46,8,953,266,26,17,0.55,4,0,0
46,9,928,339,29,26,0.50,4,0,0
46,10,970,308,33,24,0.48,4,0,0
46,11,0,512,100,132,0.47,6,0,0
46,12,988,271,28,18,0.39,4,0,0
46,13,943,341,47,58,0.36,6,0,0
46,14,914,280,28,18,0.32,4,0,0
46,15,1029,252,22,17,0.30,4,0,0
46,16,923,260,22,19,0.26,4,0,0
46,17,996,299,28,16,0.26,4,0,0
46,18,380,427,92,64,0.89,11,0,0
46,19,382,478,112,72,0.87,11,0,0
46,20,607,512,106,65,0.85,11,0,0
46,21,668,400,70,53,0.84,11,0,0
46,22,766,314,36,26,0.80,11,0,0
46,23,903,315,37,24,0.74,11,0,0
46,24,852,289,32,24,0.74,11,0,0
46,25,953,266,26,17,0.55,11,0,0
46,26,928,339,29,26,0.50,11,0,0
46,27,970,308,33,24,0.48,11,0,0
46,28,0,512,100,132,0.47,11,0,0
46,29,988,271,28,18,0.39,11,0,0
46,30,943,341,47,58,0.36,11,0,0
46,31,914,280,28,18,0.32,11,0,0
46,32,1029,252,22,17,0.30,11,0,0
46,33,923,260,22,19,0.26,11,0,0
46,34,996,299,28,16,0.26,11,0,0
47,1,330,442,107,66,0.88,4,0,0
47,2,337,494,122,77,0.88,4,0,0
47,3,639,494,91,66,0.87,4,0,0
47,4,687,393,65,50,0.82,4,0,0
47,5,754,318,39,25,0.80,4,0,0
47,6,846,293,32,23,0.78,4,0,0
47,7,909,311,35,26,0.75,4,0,0
47,8,979,258,20,17,0.57,4,0,0
47,9,949,269,25,17,0.54,4,0,0
47,10,909,281,28,19,0.53,4,0,0
47,11,933,337,30,26,0.50,4,0,0
47,12,992,270,26,18,0.46,4,0,0
47,13,974,307,32,22,0.44,4,0,0
47,14,918,262,23,20,0.37,4,0,0
47,15,1031,251,22,16,0.32,4,0,0
47,16,330,442,107,66,0.88,11,0,0
47,17,337,494,122,77,0.88,11,0,0
47,18,639,494,91,66,0.87,11,0,0
47,19,687,393,65,50,0.82,11,0,0
47,20,754,318,39,25,0.80,11,0,0
47,21,846,293,32,23,0.78,11,0,0
47,22,909,311,35,26,0.75,11,0,0
47,23,979,258,20,17,0.57,11,0,0
47,24,949,269,25,17,0.54,11,0,0
47,25,909,281,28,19,0.53,11,0,0
47,26,933,337,30,26,0.50,11,0,0
47,27,992,270,26,18,0.46,11,0,0
47,28,974,307,32,22,0.44,11,0,0
47,29,918,262,23,20,0.37,11,0,0
47,30,1031,251,22,16,0.32,11,0,0
48,1,289,456,107,69,0.90,4,0,0
48,2,295,507,130,83,0.90,4,0,0
48,3,657,484,92,61,0.87,4,0,0
48,4,743,321,40,27,0.80,4,0,0
48,5,838,297,33,23,0.77,4,0,0
48,6,704,386,61,50,0.76,4,0,0
48,7,916,308,33,26,0.75,4,0,0
48,8,902,283,31,21,0.71,4,0,0
48,9,975,260,22,16,0.53,4,0,0
48,10,994,269,26,18,0.52,4,0,0
48,11,914,263,23,22,0.48,4,0,0
48,12,978,306,29,22,0.47,4,0,0
48,13,1032,252,23,15,0.45,4,0,0
48,14,937,336,25,25,0.39,4,0,0
48,15,945,270,25,17,0.31,4,0,0
48,16,1001,298,24,12,0.31,4,0,0
48,17,289,456,107,69,0.90,11,0,0
48,18,295,507,130,83,0.90,11,0,0
48,19,657,484,92,61,0.87,11,0,0
48,20,743,321,40,27,0.80,11,0,0
48,21,838,297,33,23,0.77,11,0,0
48,22,704,386,61,50,0.76,11,0,0
48,23,916,308,33,26,0.75,11,0,0
48,24,902,283,31,21,0.71,11,0,0
48,25,975,260,22,16,0.53,11,0,0
48,26,994,269,26,18,0.52,11,0,0
48,27,914,263,23,22,0.48,11,0,0
48,28,978,306,29,22,0.47,11,0,0
48,29,1032,252,23,15,0.45,11,0,0
48,30,937,336,25,25,0.39,11,0,0
48,31,945,270,25,17,0.31,11,0,0
48,32,1001,298,24,12,0.31,11,0,0
49,1,262,465,112,72,0.91,4,0,0
49,2,271,518,132,84,0.89,4,0,0
49,3,672,479,84,58,0.86,4,0,0
49,4,736,323,41,28,0.81,4,0,0
49,5,834,298,33,24,0.78,4,0,0
49,6,711,382,63,51,0.77,4,0,0
49,7,917,308,35,24,0.70,4,0,0
49,8,899,284,33,21,0.65,4,0,0
49,9,972,261,24,16,0.61,4,0,0
49,10,995,269,26,17,0.53,4,0,0
49,11,911,264,24,22,0.51,4,0,0
49,12,1033,251,22,15,0.47,4,0,0
49,13,942,273,26,16,0.46,4,0,0
49,14,980,308,29,19,0.43,4,0,0
49,15,940,334,25,25,0.37,4,0,0
49,16,992,241,19,16,0.27,4,0,0
49,17,1032,272,18,15,0.26,4,0,0
49,18,262,465,112,72,0.91,11,0,0
49,19,271,518,132,84,0.89,11,0,0
49,20,672,479,84,58,0.86,11,0,0
49,21,736,323,41,28,0.81,11,0,0
49,22,834,298,33,24,0.78,11,0,0
49,23,711,382,63,51,0.77,11,0,0
49,24,917,308,35,24,0.70,11,0,0
49,25,899,284,33,21,0.65,11,0,0
49,26,972,261,24,16,0.61,11,0,0
49,27,995,269,26,17,0.53,11,0,0
49,28,911,264,24,22,0.51,11,0,0
49,29,1033,251,22,15,0.47,11,0,0
49,30,942,273,26,16,0.46,11,0,0
49,31,980,308,29,19,0.43,11,0,0
49,32,940,334,25,25,0.37,11,0,0
49,33,992,241,19,16,0.27,11,0,0
49,34,1032,272,18,15,0.26,11,0,0
50,1,207,477,123,82,0.89,4,0,0
50,2,223,534,141,88,0.89,4,0,0
50,3,687,468,85,55,0.84,4,0,0
50,4,826,302,34,24,0.81,4,0,0
50,5,726,328,40,27,0.77,4,0,0
50,6,924,307,32,22,0.74,4,0,0
50,7,724,377,61,48,0.71,4,0,0
50,8,943,333,25,24,0.62,4,0,0
50,9,937,273,28,19,0.59,4,0,0
50,10,969,262,23,16,0.59,4,0,0
50,11,894,286,30,21,0.57,4,0,0
50,12,996,268,27,16,0.52,4,0,0
50,13,1035,250,21,15,0.45,4,0,0
50,14,902,266,27,22,0.39,4,0,0
50,15,982,305,31,20,0.36,4,0,0
50,16,207,477,123,82,0.89,11,0,0
50,17,223,534,141,88,0.89,11,0,0
50,18,687,468,85,55,0.84,11,0,0
50,19,826,302,34,24,0.81,11,0,0
50,20,726,328,40,27,0.77,11,0,0
50,21,924,307,32,22,0.74,11,0,0
50,22,724,377,61,48,0.71,11,0,0
50,23,943,333,25,24,0.62,11,0,0
50,24,937,273,28,19,0.59,11,0,0
50,25,969,262,23,16,0.59,11,0,0
50,26,894,286,30,21,0.57,11,0,0
50,27,996,268,27,16,0.52,11,0,0
50,28,1035,250,21,15,0.45,11,0,0
50,29,902,266,27,22,0.39,11,0,0
50,30,982,305,31,20,0.36,11,0,0
51,1,142,496,137,83,0.90,4,0,0
51,2,163,553,157,99,0.89,4,0,0
51,3,706,459,80,52,0.83,4,0,0
51,4,738,370,60,48,0.83,4,0,0
51,5,713,331,40,28,0.78,4,0,0
51,6,817,306,35,24,0.77,4,0,0
51,7,927,304,33,22,0.75,4,0,0
51,8,886,288,31,22,0.65,4,0,0
51,9,948,332,26,23,0.59,4,0,0
51,10,931,275,30,19,0.58,4,0,0
51,11,965,265,23,16,0.56,4,0,0
51,12,1000,266,24,18,0.43,4,0,0
51,13,985,304,34,19,0.42,4,0,0
51,14,1038,250,21,15,0.39,4,0,0
51,15,898,267,26,23,0.39,4,0,0
51,16,986,245,21,15,0.34,4,0,0
51,17,142,496,137,83,0.90,11,0,0
51,18,163,553,157,99,0.89,11,0,0
51,19,706,459,80,52,0.83,11,0,0
51,20,738,370,60,48,0.83,11,0,0
51,21,713,331,40,28,0.78,11,0,0
51,22,817,306,35,24,0.77,11,0,0
51,23,927,304,33,22,0.75,11,0,0
51,24,886,288,31,22,0.65,11,0,0
51,25,948,332,26,23,0.59,11,0,0
51,26,931,275,30,19,0.58,11,0,0
51,27,965,265,23,16,0.56,11,0,0
51,28,1000,266,24,18,0.43,11,0,0
51,29,985,304,34,19,0.42,11,0,0
51,30,1038,250,21,15,0.39,11,0,0
51,31,898,267,26,23,0.39,11,0,0
51,32,986,245,21,15,0.34,11,0,0
52,1,75,517,146,91,0.89,4,0,0
52,2,99,576,174,105,0.88,4,0,0
52,3,721,451,77,50,0.85,4,0,0
52,4,700,335,43,29,0.81,4,0,0
52,5,808,309,37,26,0.76,4,0,0
52,6,752,366,56,45,0.76,4,0,0
52,7,931,302,33,22,0.70,4,0,0
52,8,880,290,31,22,0.62,4,0,0
52,9,961,266,25,16,0.62,4,0,0
52,10,927,277,28,19,0.50,4,0,0
52,11,950,328,30,25,0.47,4,0,0
52,12,984,246,19,15,0.42,4,0,0
52,13,1002,264,22,19,0.41,4,0,0
52,14,1040,249,20,15,0.36,4,0,0
52,15,892,269,27,24,0.32,4,0,0
52,16,1015,234,21,18,0.27,4,0,0
52,17,75,517,146,91,0.89,11,0,0
52,18,99,576,174,105,0.88,11,0,0
52,19,721,451,77,50,0.85,11,0,0
52,20,700,335,43,29,0.81,11,0,0
52,21,808,309,37,26,0.76,11,0,0
52,22,752,366,56,45,0.76,11,0,0
52,23,931,302,33,22,0.70,11,0,0
52,24,880,290,31,22,0.62,11,0,0
52,25,961,266,25,16,0.62,11,0,0
52,26,927,277,28,19,0.50,11,0,0
52,27,950,328,30,25,0.47,11,0,0
52,28,984,246,19,15,0.42,11,0,0
52,29,1002,264,22,19,0.41,11,0,0
52,30,1040,249,20,15,0.36,11,0,0
52,31,892,269,27,24,0.32,11,0,0
52,32,1015,234,21,18,0.27,11,0,0
53,1,0,536,158,100,0.92,4,0,0
53,2,27,597,193,113,0.89,4,0,0
53,3,740,442,72,49,0.83,4,0,0
53,4,686,339,46,31,0.81,4,0,0
53,5,799,313,38,26,0.80,4,0,0
53,6,766,361,55,43,0.75,4,0,0
53,7,933,300,35,23,0.74,4,0,0
53,8,873,294,31,22,0.70,4,0,0
53,9,956,326,28,24,0.69,4,0,0
53,10,957,268,25,17,0.63,4,0,0
53,11,922,281,29,17,0.56,4,0,0
53,12,1004,265,24,17,0.39,4,0,0
53,13,1042,249,20,14,0.33,4,0,0
53,14,886,273,29,21,0.31,4,0,0
53,15,981,247,19,14,0.28,4,0,0
53,16,0,536,158,100,0.92,11,0,0
53,17,27,597,193,113,0.89,11,0,0
53,18,740,442,72,49,0.83,11,0,0
53,19,686,339,46,31,0.81,11,0,0
53,20,799,313,38,26,0.80,11,0,0
53,21,766,361,55,43,0.75,11,0,0
53,22,933,300,35,23,0.74,11,0,0
53,23,873,294,31,22,0.70,11,0,0
53,24,956,326,28,24,0.69,11,0,0
53,25,957,268,25,17,0.63,11,0,0
53,26,922,281,29,17,0.56,11,0,0
53,27,1004,265,24,17,0.39,11,0,0
53,28,1042,249,20,14,0.33,11,0,0
53,29,886,273,29,21,0.31,11,0,0
53,30,981,247,19,14,0.28,11,0,0
54,1,0,615,162,103,0.82,4,0,0
54,2,756,434,69,45,0.82,4,0,0
54,3,671,343,49,32,0.82,4,0,0
54,4,779,356,53,43,0.81,4,0,0
54,5,0,562,86,80,0.79,4,0,0
54,6,865,295,34,23,0.79,4,0,0
54,7,787,317,41,28,0.75,4,0,0
54,8,940,300,32,21,0.71,4,0,0
54,9,952,269,27,17,0.65,4,0,0
54,10,916,281,30,20,0.62,4,0,0
54,11,959,323,30,25,0.57,4,0,0
54,12,879,274,29,25,0.54,4,0,0
54,13,1007,263,23,16,0.50,4,0,0
54,14,978,249,19,13,0.50,4,0,0
54,15,0,615,162,103,0.82,11,0,0
54,16,756,434,69,45,0.82,11,0,0
54,17,671,343,49,32,0.82,11,0,0
54,18,779,356,53,43,0.81,11,0,0
54,19,0,562,86,80,0.79,11,0,0
54,20,865,295,34,23,0.79,11,0,0
54,21,787,317,41,28,0.75,11,0,0
54,22,940,300,32,21,0.71,11,0,0
54,23,952,269,27,17,0.65,11,0,0
54,24,916,281,30,20,0.62,11,0,0
54,25,959,323,30,25,0.57,11,0,0
54,26,879,274,29,25,0.54,11,0,0
54,27,1007,263,23,16,0.50,11,0,0
54,28,978,249,19,13,0.50,11,0,0
55,1,771,423,67,46,0.83,4,0,0
55,2,657,348,49,33,0.81,4,0,0
55,3,0,647,103,72,0.81,4,0,0
55,4,791,351,52,42,0.80,4,0,0
55,5,777,321,41,28,0.79,4,0,0
55,6,857,298,36,23,0.78,4,0,0
55,7,255,666,169,53,0.73,4,0,0
55,8,943,298,32,21,0.70,4,0,0
55,9,872,275,30,25,0.64,4,0,0
55,10,949,271,25,16,0.60,4,0,0
55,11,963,322,28,25,0.59,4,0,0
55,12,911,283,30,20,0.58,4,0,0
55,13,975,248,19,15,0.58,4,0,0
55,14,1010,262,21,16,0.56,4,0,0
55,15,1007,235,24,18,0.40,4,0,0
55,16,999,301,31,14,0.28,4,0,0
55,17,1043,269,20,16,0.28,4,0,0
55,18,1045,247,20,15,0.26,4,0,0
55,19,771,423,67,46,0.83,11,0,0
55,20,657,348,49,33,0.81,11,0,0
55,21,0,647,103,72,0.81,11,0,0
55,22,791,351,52,42,0.80,11,0,0
55,23,777,321,41,28,0.79,11,0,0
55,24,857,298,36,23,0.78,11,0,0
55,25,255,666,169,53,0.73,11,0,0
55,26,943,298,32,21,0.70,11,0,0
55,27,872,275,30,25,0.64,11,0,0
55,28,949,271,25,16,0.60,11,0,0
55,29,963,322,28,25,0.59,11,0,0
55,30,911,283,30,20,0.58,11,0,0
55,31,975,248,19,15,0.58,11,0,0
55,32,1010,262,21,16,0.56,11,0,0
55,33,1007,235,24,18,0.40,11,0,0
55,34,999,301,31,14,0.28,11,0,0
55,35,1043,269,20,16,0.28,11,0,0
55,36,1045,247,20,15,0.26,11,0,0
56,1,292,634,179,85,0.85,4,0,0
56,2,782,418,66,43,0.84,4,0,0
56,3,641,354,52,34,0.84,4,0,0
56,4,768,325,42,29,0.81,4,0,0
56,5,803,347,50,40,0.81,4,0,0
56,6,848,301,38,23,0.76,4,0,0
56,7,947,296,31,21,0.67,4,0,0
56,8,866,277,29,26,0.67,4,0,0
56,9,970,250,21,14,0.58,4,0,0
56,10,944,272,26,18,0.53,4,0,0
56,11,906,286,30,20,0.53,4,0,0
56,12,1011,261,22,17,0.43,4,0,0
56,13,966,322,27,23,0.41,4,0,0
56,14,1005,236,23,19,0.34,4,0,0
56,15,994,253,18,15,0.25,4,0,0
56,16,292,634,179,85,0.85,11,0,0
56,17,782,418,66,43,0.84,11,0,0
56,18,641,354,52,34,0.84,11,0,0
56,19,768,325,42,29,0.81,11,0,0
56,20,803,347,50,40,0.81,11,0,0
56,21,848,301,38,23,0.76,11,0,0
56,22,947,296,31,21,0.67,11,0,0
56,23,866,277,29,26,0.67,11,0,0
56,24,970,250,21,14,0.58,11,0,0
56,25,944,272,26,18,0.53,11,0,0
56,26,906,286,30,20,0.53,11,0,0
56,27,1011,261,22,17,0.43,11,0,0
56,28,966,322,27,23,0.41,11,0,0
56,29,1005,236,23,19,0.34,11,0,0
56,30,994,253,18,15,0.25,11,0,0
57,1,317,625,174,93,0.85,4,0,0
57,2,787,414,68,42,0.84,4,0,0
57,3,630,357,54,33,0.83,4,0,0
57,4,808,345,51,40,0.82,4,0,0
57,5,759,328,45,30,0.79,4,0,0
57,6,844,302,37,25,0.69,4,0,0
57,7,949,293,30,23,0.65,4,0,0
57,8,968,249,21,16,0.62,4,0,0
57,9,941,273,26,18,0.62,4,0,0
57,10,860,278,32,28,0.57,4,0,0
57,11,1012,260,23,17,0.52,4,0,0
57,12,902,287,31,20,0.52,4,0,0
57,13,1003,236,23,19,0.47,4,0,0
57,14,968,321,27,23,0.43,4,0,0
57,15,992,253,20,16,0.35,4,0,0
57,16,1045,265,21,20,0.32,4,0,0
57,17,317,625,174,93,0.85,11,0,0
57,18,787,414,68,42,0.84,11,0,0
57,19,630,357,54,33,0.83,11,0,0
57,20,808,345,51,40,0.82,11,0,0
57,21,759,328,45,30,0.79,11,0,0
57,22,844,302,37,25,0.69,11,0,0
57,23,949,293,30,23,0.65,11,0,0
57,24,968,249,21,16,0.62,11,0,0
57,25,941,273,26,18,0.62,11,0,0
57,26,860,278,32,28,0.57,11,0,0
57,27,1012,260,23,17,0.52,11,0,0
57,28,902,287,31,20,0.52,11,0,0
57,29,1003,236,23,19,0.47,11,0,0
57,30,968,321,27,23,0.43,11,0,0
57,31,992,253,20,16,0.35,11,0,0
57,32,1045,265,21,20,0.32,11,0,0
58,1,376,600,159,103,0.87,4,0,0
58,2,612,362,57,36,0.83,4,0,0
58,3,799,408,65,41,0.82,4,0,0
58,4,746,332,46,31,0.82,4,0,0
58,5,817,343,50,36,0.79,4,0,0
58,6,834,305,38,26,0.75,4,0,0
58,7,953,292,30,21,0.67,4,0,0
58,8,853,280,32,29,0.59,4,0,0
58,9,936,275,27,19,0.53,4,0,0
58,10,1000,237,23,19,0.52,4,0,0
58,11,965,251,21,17,0.50,4,0,0
58,12,1015,260,21,16,0.46,4,0,0
58,13,989,254,22,16,0.42,4,0,0
58,14,895,289,34,23,0.41,4,0,0
58,15,972,318,25,22,0.40,4,0,0
58,16,1046,264,21,18,0.37,4,0,0
58,17,1048,244,20,16,0.26,4,0,0
58,18,376,600,159,103,0.87,11,0,0
58,19,612,362,57,36,0.83,11,0,0
58,20,799,408,65,41,0.82,11,0,0
58,21,746,332,46,31,0.82,11,0,0
58,22,817,343,50,36,0.79,11,0,0
58,23,834,305,38,26,0.75,11,0,0
58,24,953,292,30,21,0.67,11,0,0
58,25,853,280,32,29,0.59,11,0,0
58,26,936,275,27,19,0.53,11,0,0
58,27,1000,237,23,19,0.52,11,0,0
58,28,965,251,21,17,0.50,11,0,0
58,29,1015,260,21,16,0.46,11,0,0
58,30,989,254,22,16,0.42,11,0,0
58,31,895,289,34,23,0.41,11,0,0
58,32,972,318,25,22,0.40,11,0,0
58,33,1046,264,21,18,0.37,11,0,0
58,34,1048,244,20,16,0.26,11,0,0
59,1,429,577,142,94,0.88,4,0,0
59,2,593,370,58,36,0.82,4,0,0
59,3,813,401,62,40,0.82,4,0,0
59,4,829,338,48,36,0.81,4,0,0
59,5,731,338,48,32,0.78,4,0,0
59,6,824,307,41,28,0.75,4,0,0
59,7,958,290,28,21,0.71,4,0,0
59,8,845,283,33,28,0.61,4,0,0
59,9,931,277,27,20,0.59,4,0,0
59,10,888,292,33,27,0.49,4,0,0
59,11,998,238,25,18,0.42,4,0,0
59,12,961,254,21,15,0.42,4,0,0
59,13,1017,259,22,16,0.40,4,0,0
59,14,974,316,25,21,0.35,4,0,0
59,15,988,254,22,18,0.34,4,0,0
59,16,1050,264,18,19,0.32,4,0,0
59,17,429,577,142,94,0.88,11,0,0
59,18,593,370,58,36,0.82,11,0,0
59,19,813,401,62,40,0.82,11,0,0
59,20,829,338,48,36,0.81,11,0,0
59,21,731,338,48,32,0.78,11,0,0
59,22,824,307,41,28,0.75,11,0,0
59,23,958,290,28,21,0.71,11,0,0
59,24,845,283,33,28,0.61,11,0,0
59,25,931,277,27,20,0.59,11,0,0
59,26,888,292,33,27,0.49,11,0,0
59,27,998,238,25,18,0.42,11,0,0
59,28,961,254,21,15,0.42,11,0,0
59,29,1017,259,22,16,0.40,11,0,0
59,30,974,316,25,21,0.35,11,0,0
59,31,988,254,22,18,0.34,11,0,0
59,32,1050,264,18,19,0.32,11,0,0
60,1,472,559,130,87,0.88,4,0,0
60,2,824,395,59,39,0.83,4,0,0
60,3,576,376,59,37,0.82,4,0,0
60,4,719,345,47,32,0.80,4,0,0
60,5,840,332,46,38,0.79,4,0,0
60,6,816,311,42,27,0.71,4,0,0
60,7,960,288,31,22,0.67,4,0,0
60,8,837,286,34,28,0.65,4,0,0
60,9,925,280,28,18,0.54,4,0,0
60,10,983,257,22,17,0.48,4,0,0
60,11,1019,258,21,16,0.39,4,0,0
60,12,881,294,35,25,0.38,4,0,0
60,13,977,314,32,21,0.31,4,0,0
60,14,1052,263,17,17,0.29,4,0,0
60,15,472,559,130,87,0.88,11,0,0
60,16,824,395,59,39,0.83,11,0,0
60,17,576,376,59,37,0.82,11,0,0
60,18,719,345,47,32,0.80,11,0,0
60,19,840,332,46,38,0.79,11,0,0
60,20,816,311,42,27,0.71,11,0,0
60,21,960,288,31,22,0.67,11,0,0
60,22,837,286,34,28,0.65,11,0,0
60,23,925,280,28,18,0.54,11,0,0
60,24,983,257,22,17,0.48,11,0,0
60,25,1019,258,21,16,0.39,11,0,0
60,26,881,294,35,25,0.38,11,0,0
60,27,977,314,32,21,0.31,11,0,0
60,28,1052,263,17,17,0.29,11,0,0
61,1,506,540,125,82,0.86,4,0,0
61,2,702,351,50,32,0.83,4,0,0
61,3,555,383,59,39,0.83,4,0,0
61,4,835,390,57,37,0.81,4,0,0
61,5,849,330,43,35,0.80,4,0,0
61,6,807,314,42,27,0.75,4,0,0
61,7,919,282,30,19,0.68,4,0,0
61,8,964,288,28,20,0.68,4,0,0
61,9,830,289,33,28,0.60,4,0,0
61,10,874,298,36,22,0.58,4,0,0
61,11,979,258,24,16,0.49,4,0,0
61,12,979,312,31,22,0.38,4,0,0
61,13,1053,263,17,17,0.36,4,0,0
61,14,506,540,125,82,0.86,11,0,0
61,15,702,351,50,32,0.83,11,0,0
61,16,555,383,59,39,0.83,11,0,0
61,17,835,390,57,37,0.81,11,0,0
61,18,849,330,43,35,0.80,11,0,0
61,19,807,314,42,27,0.75,11,0,0
61,20,919,282,30,19,0.68,11,0,0
61,21,964,288,28,20,0.68,11,0,0
61,22,830,289,33,28,0.60,11,0,0
61,23,874,298,36,22,0.58,11,0,0
61,24,979,258,24,16,0.49,11,0,0
61,25,979,312,31,22,0.38,11,0,0
61,26,1053,263,17,17,0.36,11,0,0
62,1,541,522,118,77,0.88,4,0,0
62,2,531,392,64,39,0.82,4,0,0
62,3,686,356,52,36,0.81,4,0,0
62,4,845,385,55,36,0.80,4,0,0
62,5,794,319,42,27,0.76,4,0,0
62,6,858,327,44,34,0.75,4,0,0
62,7,911,284,33,20,0.75,4,0,0
62,8,866,299,40,32,0.71,4,0,0
62,9,968,287,29,19,0.67,4,0,0
62,10,976,259,24,18,0.57,4,0,0
62,11,817,291,37,31,0.56,4,0,0
62,12,948,257,23,17,0.53,4,0,0
62,13,984,310,35,22,0.45,4,0,0
62,14,989,240,26,18,0.30,4,0,0
62,15,1054,263,17,17,0.30,4,0,0
62,16,541,522,118,77,0.88,11,0,0
62,17,531,392,64,39,0.82,11,0,0
62,18,686,356,52,36,0.81,11,0,0
62,19,845,385,55,36,0.80,11,0,0
62,20,794,319,42,27,0.76,11,0,0
62,21,858,327,44,34,0.75,11,0,0
62,22,911,284,33,20,0.75,11,0,0
62,23,866,299,40,32,0.71,11,0,0
62,24,968,287,29,19,0.67,11,0,0
62,25,976,259,24,18,0.57,11,0,0
62,26,817,291,37,31,0.56,11,0,0
62,27,948,257,23,17,0.53,11,0,0
62,28,984,310,35,22,0.45,11,0,0
62,29,989,240,26,18,0.30,11,0,0
62,30,1054,263,17,17,0.30,11,0,0
63,1,574,507,109,70,0.89,4,0,0
63,2,504,399,70,44,0.85,4,0,0
63,3,853,380,55,34,0.81,4,0,0
63,4,668,364,56,36,0.80,4,0,0
63,5,782,322,44,28,0.79,4,0,0
63,6,907,286,32,20,0.71,4,0,0
63,7,807,294,38,31,0.70,4,0,0
63,8,972,287,27,18,0.62,4,0,0
63,9,861,302,39,27,0.61,4,0,0
63,10,972,260,25,20,0.59,4,0,0
63,11,865,322,41,36,0.59,4,0,0
63,12,945,259,22,16,0.57,4,0,0
63,13,987,309,34,21,0.55,4,0,0
63,14,985,241,27,19,0.40,4,0,0
63,15,1055,262,18,17,0.27,4,0,0
63,16,574,507,109,70,0.89,11,0,0
63,17,504,399,70,44,0.85,11,0,0
63,18,853,380,55,34,0.81,11,0,0
63,19,668,364,56,36,0.80,11,0,0
63,20,782,322,44,28,0.79,11,0,0
63,21,907,286,32,20,0.71,11,0,0
63,22,807,294,38,31,0.70,11,0,0
63,23,972,287,27,18,0.62,11,0,0
63,24,861,302,39,27,0.61,11,0,0
63,25,972,260,25,20,0.59,11,0,0
63,26,865,322,41,36,0.59,11,0,0
63,27,945,259,22,16,0.57,11,0,0
63,28,987,309,34,21,0.55,11,0,0
63,29,985,241,27,19,0.40,11,0,0
63,30,1055,262,18,17,0.27,11,0,0
64,1,605,493,101,68,0.87,4,0,0
64,2,477,408,73,45,0.86,4,0,0
64,3,649,370,58,39,0.84,4,0,0
64,4,862,375,52,35,0.83,4,0,0
64,5,768,328,47,28,0.79,4,0,0
64,6,797,298,39,32,0.72,4,0,0
64,7,899,288,34,21,0.70,4,0,0
64,8,850,304,43,26,0.65,4,0,0
64,9,875,320,41,34,0.56,4,0,0
64,10,975,286,27,17,0.53,4,0,0
64,11,940,261,23,16,0.52,4,0,0
64,12,972,262,22,20,0.45,4,0,0
64,13,990,307,32,22,0.45,4,0,0
64,14,1026,253,22,16,0.32,4,0,0
64,15,982,242,26,20,0.27,4,0,0
64,16,605,493,101,68,0.87,11,0,0
64,17,477,408,73,45,0.86,11,0,0
64,18,649,370,58,39,0.84,11,0,0
64,19,862,375,52,35,0.83,11,0,0
64,20,768,328,47,28,0.79,11,0,0
64,21,797,298,39,32,0.72,11,0,0
64,22,899,288,34,21,0.70,11,0,0
64,23,850,304,43,26,0.65,11,0,0
64,24,875,320,41,34,0.56,11,0,0
64,25,975,286,27,17,0.53,11,0,0
64,26,940,261,23,16,0.52,11,0,0
64,27,972,262,22,20,0.45,11,0,0
64,28,990,307,32,22,0.45,11,0,0
64,29,1026,253,22,16,0.32,11,0,0
64,30,982,242,26,20,0.27,11,0,0
65,1,618,488,99,64,0.87,4,0,0
65,2,462,413,74,45,0.84,4,0,0
65,3,638,375,58,39,0.83,4,0,0
65,4,865,372,53,34,0.83,4,0,0
65,5,760,331,48,28,0.79,4,0,0
65,6,791,300,39,32,0.76,4,0,0
65,7,878,318,41,34,0.72,4,0,0
65,8,846,306,40,25,0.69,4,0,0
65,9,977,283,27,19,0.66,4,0,0
65,10,895,290,33,20,0.64,4,0,0
65,11,937,262,23,16,0.59,4,0,0
65,12,992,306,32,22,0.56,4,0,0
65,13,969,262,23,19,0.44,4,0,0
65,14,980,242,27,20,0.31,4,0,0
65,15,1027,252,22,17,0.29,4,0,0
65,16,618,488,99,64,0.87,11,0,0
65,17,462,413,74,45,0.84,11,0,0
65,18,638,375,58,39,0.83,11,0,0
65,19,865,372,53,34,0.83,11,0,0
65,20,760,331,48,28,0.79,11,0,0
65,21,791,300,39,32,0.76,11,0,0
65,22,878,318,41,34,0.72,11,0,0
65,23,846,306,40,25,0.69,11,0,0
65,24,977,283,27,19,0.66,11,0,0
65,25,895,290,33,20,0.64,11,0,0
65,26,937,262,23,16,0.59,11,0,0
65,27,992,306,32,22,0.56,11,0,0
65,28,969,262,23,19,0.44,11,0,0
65,29,980,242,27,20,0.31,11,0,0
65,30,1027,252,22,17,0.29,11,0,0
66,1,641,471,94,67,0.87,4,0,0
66,2,429,422,82,51,0.86,4,0,0
66,3,618,383,62,41,0.84,4,0,0
66,4,873,367,52,34,0.82,4,0,0
66,5,747,333,52,31,0.77,4,0,0
66,6,780,302,42,33,0.77,4,0,0
66,7,837,310,40,25,0.73,4,0,0
66,8,884,316,39,33,0.65,4,0,0
66,9,979,282,26,18,0.63,4,0,0
66,10,932,263,25,17,0.62,4,0,0
66,11,887,292,36,21,0.55,4,0,0
66,12,994,305,32,21,0.54,4,0,0
66,13,968,263,21,18,0.50,4,0,0
66,14,974,244,30,19,0.42,4,0,0
66,15,1027,251,24,17,0.28,4,0,0
66,16,641,471,94,67,0.87,11,0,0
66,17,429,422,82,51,0.86,11,0,0
66,18,618,383,62,41,0.84,11,0,0
66,19,873,367,52,34,0.82,11,0,0
66,20,747,333,52,31,0.77,11,0,0
66,21,780,302,42,33,0.77,11,0,0
66,22,837,310,40,25,0.73,11,0,0
66,23,884,316,39,33,0.65,11,0,0
66,24,979,282,26,18,0.63,11,0,0
66,25,932,263,25,17,0.62,11,0,0
66,26,887,292,36,21,0.55,11,0,0
66,27,994,305,32,21,0.54,11,0,0
66,28,968,263,21,18,0.50,11,0,0
66,29,974,244,30,19,0.42,11,0,0
66,30,1027,251,24,17,0.28,11,0,0
67,1,664,464,88,61,0.86,4,0,0
67,2,392,433,88,55,0.84,4,0,0
67,3,593,391,68,43,0.83,4,0,0
67,4,732,339,50,31,0.81,4,0,0
67,5,881,363,51,32,0.80,4,0,0
67,6,828,314,41,25,0.76,4,0,0
67,7,769,306,40,36,0.71,4,0,0
67,8,927,265,25,17,0.66,4,0,0
67,9,981,280,29,19,0.61,4,0,0
67,10,997,305,31,19,0.48,4,0,0
67,11,894,313,36,32,0.48,4,0,0
67,12,972,243,28,21,0.47,4,0,0
67,13,966,263,21,19,0.44,4,0,0
67,14,1031,252,21,15,0.37,4,0,0
67,15,880,295,38,30,0.36,4,0,0
67,16,664,464,88,61,0.86,11,0,0
67,17,392,433,88,55,0.84,11,0,0
67,18,593,391,68,43,0.83,11,0,0
67,19,732,339,50,31,0.81,11,0,0
67,20,881,363,51,32,0.80,11,0,0
67,21,828,314,41,25,0.76,11,0,0
67,22,769,306,40,36,0.71,11,0,0
67,23,927,265,25,17,0.66,11,0,0
67,24,981,280,29,19,0.61,11,0,0
67,25,997,305,31,19,0.48,11,0,0
67,26,894,313,36,32,0.48,11,0,0
67,27,972,243,28,21,0.47,11,0,0
67,28,966,263,21,19,0.44,11,0,0
67,29,1031,252,21,15,0.37,11,0,0
67,30,880,295,38,30,0.36,11,0,0
68,1,359,445,92,56,0.88,4,0,0
68,2,686,456,85,56,0.87,4,0,0
68,3,569,400,70,45,0.85,4,0,0
68,4,717,345,51,31,0.81,4,0,0
68,5,889,359,49,33,0.79,4,0,0
68,6,755,309,44,37,0.77,4,0,0
68,7,817,318,43,27,0.75,4,0,0
68,8,921,266,27,18,0.67,4,0,0
68,9,985,279,28,18,0.64,4,0,0
68,10,901,311,36,30,0.59,4,0,0
68,11,960,266,24,18,0.58,4,0,0
68,12,873,299,36,22,0.58,4,0,0
68,13,1000,301,31,21,0.52,4,0,0
68,14,968,244,30,23,0.40,4,0,0
68,15,1033,249,21,18,0.34,4,0,0
68,16,1015,245,19,17,0.28,4,0,0
68,17,359,445,92,56,0.88,11,0,0
68,18,686,456,85,56,0.87,11,0,0
68,19,569,400,70,45,0.85,11,0,0
68,20,717,345,51,31,0.81,11,0,0
68,21,889,359,49,33,0.79,11,0,0
68,22,755,309,44,37,0.77,11,0,0
68,23,817,318,43,27,0.75,11,0,0
68,24,921,266,27,18,0.67,11,0,0
68,25,985,279,28,18,0.64,11,0,0
68,26,901,311,36,30,0.59,11,0,0
68,27,960,266,24,18,0.58,11,0,0
68,28,873,299,36,22,0.58,11,0,0
68,29,1000,301,31,21,0.52,11,0,0
68,30,968,244,30,23,0.40,11,0,0
68,31,1033,249,21,18,0.34,11,0,0
68,32,1015,245,19,17,0.28,11,0,0
69,1,316,458,99,60,0.88,4,0,0
69,2,704,446,81,54,0.85,4,0,0
69,3,542,410,73,47,0.83,4,0,0
69,4,699,350,54,33,0.81,4,0,0
69,5,896,355,48,32,0.79,4,0,0
69,6,807,321,45,28,0.76,4,0,0
69,7,744,313,45,37,0.75,4,0,0
69,8,989,277,26,18,0.70,4,0,0
69,9,907,308,36,30,0.69,4,0,0
69,10,916,268,27,18,0.67,4,0,0
69,11,955,267,27,19,0.62,4,0,0
69,12,868,301,38,23,0.54,4,0,0
69,13,965,246,29,22,0.46,4,0,0
69,14,1003,304,29,17,0.40,4,0,0
69,15,1036,250,20,16,0.34,4,0,0
69,16,1013,247,19,15,0.31,4,0,0
69,17,316,458,99,60,0.88,11,0,0
69,18,704,446,81,54,0.85,11,0,0
69,19,542,410,73,47,0.83,11,0,0
69,20,699,350,54,33,0.81,11,0,0
69,21,896,355,48,32,0.79,11,0,0
69,22,807,321,45,28,0.76,11,0,0
69,23,744,313,45,37,0.75,11,0,0
69,24,989,277,26,18,0.70,11,0,0
69,25,907,308,36,30,0.69,11,0,0
69,26,916,268,27,18,0.67,11,0,0
69,27,955,267,27,19,0.62,11,0,0
69,28,868,301,38,23,0.54,11,0,0
69,29,965,246,29,22,0.46,11,0,0
69,30,1003,304,29,17,0.40,11,0,0
69,31,1036,250,20,16,0.34,11,0,0
69,32,1013,247,19,15,0.31,11,0,0
70,1,269,472,111,67,0.88,4,0,0
70,2,510,422,80,53,0.86,4,0,0
70,3,721,437,80,52,0.85,4,0,0
70,4,906,352,44,32,0.82,4,0,0
70,5,796,325,47,29,0.79,4,0,0
70,6,729,318,47,36,0.78,4,0,0
70,7,681,354,57,36,0.77,4,0,0
70,8,855,304,39,27,0.66,4,0,0
70,9,913,306,35,29,0.63,4,0,0
70,10,992,276,25,18,0.55,4,0,0
70,11,912,270,27,18,0.55,4,0,0
70,12,1005,301,29,18,0.46,4,0,0
70,13,953,270,26,18,0.44,4,0,0
70,14,961,248,29,21,0.40,4,0,0
70,15,1038,249,19,16,0.32,4,0,0
70,16,1009,248,22,15,0.30,4,0,0
70,17,269,472,111,67,0.88,11,0,0
70,18,510,422,80,53,0.86,11,0,0
70,19,721,437,80,52,0.85,11,0,0
70,20,906,352,44,32,0.82,11,0,0
70,21,796,325,47,29,0.79,11,0,0
70,22,729,318,47,36,0.78,11,0,0
70,23,681,354,57,36,0.77,11,0,0
70,24,855,304,39,27,0.66,11,0,0
70,25,913,306,35,29,0.63,11,0,0
70,26,992,276,25,18,0.55,11,0,0
70,27,912,270,27,18,0.55,11,0,0
70,28,1005,301,29,18,0.46,11,0,0
70,29,953,270,26,18,0.44,11,0,0
70,30,961,248,29,21,0.40,11,0,0
70,31,1038,249,19,16,0.32,11,0,0
70,32,1009,248,22,15,0.30,11,0,0
71,1,212,490,119,67,0.88,4,0,0
71,2,475,434,85,55,0.88,4,0,0
71,3,742,429,73,48,0.85,4,0,0
71,4,661,361,61,36,0.80,4,0,0
71,5,717,322,46,39,0.79,4,0,0
71,6,911,349,44,30,0.77,4,0,0
71,7,785,330,47,28,0.77,4,0,0
71,8,919,303,34,28,0.75,4,0,0
71,9,906,272,28,19,0.68,4,0,0
71,10,846,307,40,26,0.66,4,0,0
71,11,995,273,25,19,0.45,4,0,0
71,12,956,249,32,22,0.43,4,0,0
71,13,1008,299,29,18,0.43,4,0,0
71,14,950,272,25,18,0.41,4,0,0
71,15,1007,248,21,16,0.35,4,0,0
71,16,212,490,119,67,0.88,11,0,0
71,17,475,434,85,55,0.88,11,0,0
71,18,742,429,73,48,0.85,11,0,0
71,19,661,361,61,36,0.80,11,0,0
71,20,717,322,46,39,0.79,11,0,0
71,21,911,349,44,30,0.77,11,0,0
71,22,785,330,47,28,0.77,11,0,0
71,23,919,303,34,28,0.75,11,0,0
71,24,906,272,28,19,0.68,11,0,0
71,25,846,307,40,26,0.66,11,0,0
71,26,995,273,25,19,0.45,11,0,0
71,27,956,249,32,22,0.43,11,0,0
71,28,1008,299,29,18,0.43,11,0,0
71,29,950,272,25,18,0.41,11,0,0
71,30,1007,248,21,16,0.35,11,0,0
72,1,161,507,125,72,0.89,4,0,0
72,2,439,447,94,58,0.87,4,0,0
72,3,641,368,63,36,0.82,4,0,0
72,4,702,326,48,40,0.81,4,0,0
72,5,753,421,76,48,0.80,4,0,0
72,6,775,334,46,30,0.80,4,0,0
72,7,918,346,43,31,0.78,4,0,0
72,8,926,301,33,28,0.69,4,0,0
72,9,838,311,41,25,0.62,4,0,0
72,10,901,274,28,18,0.61,4,0,0
72,11,997,273,25,18,0.48,4,0,0
72,12,1011,297,27,19,0.45,4,0,0
72,13,947,272,25,20,0.44,4,0,0
72,14,952,250,31,23,0.35,4,0,0
72,15,1003,249,23,15,0.29,4,0,0
72,16,161,507,125,72,0.89,11,0,0
72,17,439,447,94,58,0.87,11,0,0
72,18,641,368,63,36,0.82,11,0,0
72,19,702,326,48,40,0.81,11,0,0
72,20,753,421,76,48,0.80,11,0,0
72,21,775,334,46,30,0.80,11,0,0
72,22,918,346,43,31,0.78,11,0,0
72,23,926,301,33,28,0.69,11,0,0
72,24,838,311,41,25,0.62,11,0,0
72,25,901,274,28,18,0.61,11,0,0
72,26,997,273,25,18,0.48,11,0,0
72,27,1011,297,27,19,0.45,11,0,0
72,28,947,272,25,20,0.44,11,0,0
72,29,952,250,31,23,0.35,11,0,0
72,30,1003,249,23,15,0.29,11,0,0
73,1,127,518,127,74,0.89,4,0,0
73,2,417,454,98,61,0.87,4,0,0
73,3,762,417,71,47,0.84,4,0,0
73,4,628,372,66,37,0.82,4,0,0
73,5,692,329,50,42,0.81,4,0,0
73,6,768,337,47,30,0.79,4,0,0
73,7,922,345,40,29,0.78,4,0,0
73,8,897,275,28,19,0.64,4,0,0
73,9,834,312,42,29,0.61,4,0,0
73,10,928,298,33,29,0.60,4,0,0
73,11,943,274,27,19,0.55,4,0,0
73,12,999,272,24,18,0.48,4,0,0
73,13,1013,296,27,20,0.44,4,0,0
73,14,950,251,32,24,0.42,4,0,0
73,15,1000,249,23,16,0.31,4,0,0
73,16,127,518,127,74,0.89,11,0,0
73,17,417,454,98,61,0.87,11,0,0
73,18,762,417,71,47,0.84,11,0,0
73,19,628,372,66,37,0.82,11,0,0
73,20,692,329,50,42,0.81,11,0,0
73,21,768,337,47,30,0.79,11,0,0
73,22,922,345,40,29,0.78,11,0,0
73,23,897,275,28,19,0.64,11,0,0
73,24,834,312,42,29,0.61,11,0,0
73,25,928,298,33,29,0.60,11,0,0
73,26,943,274,27,19,0.55,11,0,0
73,27,999,272,24,18,0.48,11,0,0
73,28,1013,296,27,20,0.44,11,0,0
73,29,950,251,32,24,0.42,11,0,0
73,30,1000,249,23,16,0.31,11,0,0
74,1,60,538,146,83,0.91,4,0,0
74,2,376,468,105,68,0.89,4,0,0
74,3,774,411,71,46,0.82,4,0,0
74,4,606,379,69,40,0.81,4,0,0
74,5,755,342,51,31,0.80,4,0,0
74,6,926,342,40,28,0.77,4,0,0
74,7,675,333,53,43,0.70,4,0,0
74,8,825,316,46,27,0.69,4,0,0
74,9,933,297,33,29,0.69,4,0,0
74,10,892,276,28,21,0.67,4,0,0
74,11,940,275,28,19,0.54,4,0,0
74,12,1015,294,25,19,0.47,4,0,0
74,13,1001,271,25,17,0.47,4,0,0
74,14,948,252,28,24,0.41,4,0,0
74,15,1000,251,23,15,0.39,4,0,0
74,16,60,538,146,83,0.91,11,0,0
74,17,376,468,105,68,0.89,11,0,0
74,18,774,411,71,46,0.82,11,0,0
74,19,606,379,69,40,0.81,11,0,0
74,20,755,342,51,31,0.80,11,0,0
74,21,926,342,40,28,0.77,11,0,0
74,22,675,333,53,43,0.70,11,0,0
74,23,825,316,46,27,0.69,11,0,0
74,24,933,297,33,29,0.69,11,0,0
74,25,892,276,28,21,0.67,11,0,0
74,26,940,275,28,19,0.54,11,0,0
74,27,1015,294,25,19,0.47,11,0,0
74,28,1001,271,25,17,0.47,11,0,0
74,29,948,252,28,24,0.41,11,0,0
74,30,1000,251,23,15,0.39,11,0,0
75,1,0,560,144,94,0.90,4,0,0
75,2,325,485,116,72,0.90,4,0,0
75,3,789,406,66,42,0.82,4,0,0
75,4,583,386,72,42,0.82,4,0,0
75,5,659,340,52,44,0.78,4,0,0
75,6,740,347,53,33,0.78,4,0,0
75,7,932,339,39,27,0.76,4,0,0
75,8,939,294,30,28,0.73,4,0,0
75,9,884,279,29,21,0.70,4,0,0
75,10,814,320,41,28,0.66,4,0,0
75,11,940,275,26,21,0.45,4,0,0
75,12,1004,272,26,15,0.43,4,0,0
75,13,944,253,30,24,0.41,4,0,0
75,14,996,252,21,15,0.34,4,0,0
75,15,1017,294,29,18,0.28,4,0,0
75,16,998,251,22,15,0.26,4,0,0
75,17,0,560,144,94,0.90,11,0,0
75,18,325,485,116,72,0.90,11,0,0
75,19,789,406,66,42,0.82,11,0,0
75,20,583,386,72,42,0.82,11,0,0
75,21,659,340,52,44,0.78,11,0,0
75,22,740,347,53,33,0.78,11,0,0
75,23,932,339,39,27,0.76,11,0,0
75,24,939,294,30,28,0.73,11,0,0
75,25,884,279,29,21,0.70,11,0,0
75,26,814,320,41,28,0.66,11,0,0
75,27,940,275,26,21,0.45,11,0,0
75,28,1004,272,26,15,0.43,11,0,0
75,29,944,253,30,24,0.41,11,0,0
75,30,996,252,21,15,0.34,11,0,0
75,31,1017,294,29,18,0.28,11,0,0
75,32,998,251,22,15,0.26,11,0,0
76,1,273,505,124,77,0.90,4,0,0
76,2,0,586,75,71,0.87,4,0,0
76,3,559,395,73,43,0.84,4,0,0
76,4,800,401,64,39,0.82,4,0,0
76,5,725,352,54,35,0.81,4,0,0
76,6,641,345,53,45,0.79,4,0,0
76,7,937,335,38,27,0.76,4,0,0
76,8,802,324,44,29,0.74,4,0,0
76,9,878,282,30,21,0.72,4,0,0
76,10,944,293,31,27,0.69,4,0,0
76,11,936,276,25,23,0.42,4,0,0
76,12,940,255,31,23,0.40,4,0,0
76,13,1006,270,26,17,0.36,4,0,0
76,14,1019,293,28,17,0.33,4,0,0
76,15,993,254,22,16,0.27,4,0,0
76,16,273,505,124,77,0.90,11,0,0
76,17,0,586,75,71,0.87,11,0,0
76,18,559,395,73,43,0.84,11,0,0
76,19,800,401,64,39,0.82,11,0,0
76,20,725,352,54,35,0.81,11,0,0
76,21,641,345,53,45,0.79,11,0,0
76,22,937,335,38,27,0.76,11,0,0
76,23,802,324,44,29,0.74,11,0,0
76,24,878,282,30,21,0.72,11,0,0
76,25,944,293,31,27,0.69,11,0,0
76,26,936,276,25,23,0.42,11,0,0
76,27,940,255,31,23,0.40,11,0,0
76,28,1006,270,26,17,0.36,11,0,0
76,29,1019,293,28,17,0.33,11,0,0
76,30,993,254,22,16,0.27,11,0,0
77,1,207,527,141,82,0.89,4,0,0
77,2,530,403,77,45,0.85,4,0,0
77,3,711,358,55,36,0.83,4,0,0
77,4,812,395,61,40,0.83,4,0,0
77,5,792,329,45,29,0.77,4,0,0
77,6,942,333,38,27,0.77,4,0,0
77,7,872,284,30,21,0.75,4,0,0
77,8,622,351,57,45,0.74,4,0,0
77,9,948,292,29,25,0.65,4,0,0
77,10,1009,270,24,17,0.47,4,0,0
77,11,930,279,27,21,0.45,4,0,0
77,12,1022,293,25,16,0.43,4,0,0
77,13,934,257,32,22,0.39,4,0,0
77,14,207,527,141,82,0.89,11,0,0
77,15,530,403,77,45,0.85,11,0,0
77,16,711,358,55,36,0.83,11,0,0
77,17,812,395,61,40,0.83,11,0,0
77,18,792,329,45,29,0.77,11,0,0
77,19,942,333,38,27,0.77,11,0,0
77,20,872,284,30,21,0.75,11,0,0
77,21,622,351,57,45,0.74,11,0,0
77,22,948,292,29,25,0.65,11,0,0
77,23,1009,270,24,17,0.47,11,0,0
77,24,930,279,27,21,0.45,11,0,0
77,25,1022,293,25,16,0.43,11,0,0
77,26,934,257,32,22,0.39,11,0,0
78,1,133,546,161,102,0.89,4,0,0
78,2,500,412,84,50,0.86,4,0,0
78,3,823,390,59,37,0.81,4,0,0
78,4,693,365,57,37,0.79,4,0,0
78,5,602,358,57,48,0.78,4,0,0
78,6,779,333,45,31,0.78,4,0,0
78,7,864,286,31,22,0.77,4,0,0
78,8,948,330,36,26,0.76,4,0,0
78,9,953,290,28,25,0.70,4,0,0
78,10,1011,269,23,17,0.60,4,0,0
78,11,928,282,27,19,0.60,4,0,0
78,12,930,258,32,23,0.48,4,0,0
78,13,1024,291,24,16,0.48,4,0,0
78,14,845,334,17,22,0.34,4,0,0
78,15,986,256,22,17,0.31,4,0,0
78,16,1006,234,21,12,0.27,4,0,0
78,17,133,546,161,102,0.89,11,0,0
78,18,500,412,84,50,0.86,11,0,0
78,19,823,390,59,37,0.81,11,0,0
78,20,693,365,57,37,0.79,11,0,0
78,21,602,358,57,48,0.78,11,0,0
78,22,779,333,45,31,0.78,11,0,0
78,23,864,286,31,22,0.77,11,0,0
78,24,948,330,36,26,0.76,11,0,0
78,25,953,290,28,25,0.70,11,0,0
78,26,1011,269,23,17,0.60,11,0,0
78,27,928,282,27,19,0.60,11,0,0
78,28,930,258,32,23,0.48,11,0,0
78,29,1024,291,24,16,0.48,11,0,0
78,30,845,334,17,22,0.34,11,0,0
78,31,986,256,22,17,0.31,11,0,0
78,32,1006,234,21,12,0.27,11,0,0
79,1,56,575,175,104,0.90,4,0,0
79,2,463,424,89,51,0.87,4,0,0
79,3,576,365,64,49,0.84,4,0,0
79,4,672,372,62,39,0.81,4,0,0
79,5,833,384,57,37,0.81,4,0,0
79,6,765,338,49,32,0.77,4,0,0
79,7,856,289,33,23,0.77,4,0,0
79,8,954,326,33,27,0.75,4,0,0
79,9,958,288,28,25,0.70,4,0,0
79,10,924,284,28,19,0.62,4,0,0
79,11,982,258,22,16,0.50,4,0,0
79,12,1015,267,21,16,0.48,4,0,0
79,13,1027,291,21,15,0.45,4,0,0
79,14,925,259,32,25,0.39,4,0,0
79,15,842,336,17,20,0.35,10,0,0
79,16,56,575,175,104,0.90,11,0,0
79,17,463,424,89,51,0.87,11,0,0
79,18,576,365,64,49,0.84,11,0,0
79,19,672,372,62,39,0.81,11,0,0
79,20,833,384,57,37,0.81,11,0,0
79,21,765,338,49,32,0.77,11,0,0
79,22,856,289,33,23,0.77,11,0,0
79,23,954,326,33,27,0.75,11,0,0
79,24,958,288,28,25,0.70,11,0,0
79,25,924,284,28,19,0.62,11,0,0
79,26,982,258,22,16,0.50,11,0,0
79,27,1015,267,21,16,0.48,11,0,0
79,28,1027,291,21,15,0.45,11,0,0
79,29,925,259,32,25,0.39,11,0,0
79,30,842,336,17,20,0.35,11,0,0
80,1,0,603,159,111,0.90,4,0,0
80,2,430,434,95,54,0.87,4,0,0
80,3,557,370,64,54,0.85,4,0,0
80,4,752,344,51,33,0.83,4,0,0
80,5,653,381,63,40,0.83,4,0,0
80,6,843,380,54,37,0.82,4,0,0
80,7,346,669,153,49,0.82,4,0,0
80,8,849,293,32,21,0.72,4,0,0
80,9,957,324,30,26,0.71,4,0,0
80,10,962,286,27,25,0.65,4,0,0
80,11,978,260,23,17,0.52,4,0,0
80,12,920,285,30,21,0.47,4,0,0
80,13,1016,266,22,16,0.44,4,0,0
80,14,1029,289,22,17,0.38,4,0,0
80,15,920,261,34,25,0.33,4,0,0
80,16,999,236,23,13,0.26,4,0,0
80,17,0,603,159,111,0.90,11,0,0
80,18,430,434,95,54,0.87,11,0,0
80,19,557,370,64,54,0.85,11,0,0
80,20,752,344,51,33,0.83,11,0,0
80,21,653,381,63,40,0.83,11,0,0
80,22,843,380,54,37,0.82,11,0,0
80,23,346,669,153,49,0.82,11,0,0
80,24,849,293,32,21,0.72,11,0,0
80,25,957,324,30,26,0.71,11,0,0
80,26,962,286,27,25,0.65,11,0,0
80,27,978,260,23,17,0.52,11,0,0
80,28,920,285,30,21,0.47,11,0,0
80,29,1016,266,22,16,0.44,11,0,0
80,30,1029,289,22,17,0.38,11,0,0
80,31,920,261,34,25,0.33,11,0,0
80,32,999,236,23,13,0.26,11,0,0
81,1,0,623,115,90,0.89,4,0,0
81,2,411,441,97,57,0.85,4,0,0
81,3,744,347,53,34,0.83,4,0,0
81,4,641,385,65,40,0.83,4,0,0
81,5,541,374,68,54,0.82,4,0,0
81,6,847,377,55,36,0.82,4,0,0
81,7,351,650,175,69,0.78,4,0,0
81,8,959,322,34,26,0.76,4,0,0
81,9,844,294,33,22,0.75,4,0,0
81,10,965,285,27,25,0.62,4,0,0
81,11,918,286,31,21,0.54,4,0,0
81,12,976,260,23,17,0.49,4,0,0
81,13,1018,266,21,15,0.42,4,0,0
81,14,1030,289,21,17,0.39,4,0,0
81,15,918,263,32,24,0.38,4,0,0
81,16,0,623,115,90,0.89,11,0,0
81,17,411,441,97,57,0.85,11,0,0
81,18,744,347,53,34,0.83,11,0,0
81,19,641,385,65,40,0.83,11,0,0
81,20,541,374,68,54,0.82,11,0,0
81,21,847,377,55,36,0.82,11,0,0
81,22,351,650,175,69,0.78,11,0,0
81,23,959,322,34,26,0.76,11,0,0
81,24,844,294,33,22,0.75,11,0,0
81,25,965,285,27,25,0.62,11,0,0
81,26,918,286,31,21,0.54,11,0,0
81,27,976,260,23,17,0.49,11,0,0
81,28,1018,266,21,15,0.42,11,0,0
81,29,1030,289,21,17,0.39,11,0,0
81,30,918,263,32,24,0.38,11,0,0
82,1,375,451,102,62,0.88,4,0,0
82,2,423,621,155,97,0.86,4,0,0
82,3,729,354,55,34,0.83,4,0,0
82,4,856,374,53,35,0.81,4,0,0
82,5,517,382,70,58,0.81,4,0,0
82,6,620,393,67,45,0.80,4,0,0
82,7,964,321,34,24,0.75,4,0,0
82,8,835,297,35,23,0.75,4,0,0
82,9,968,284,27,25,0.66,4,0,0
82,10,1021,266,22,15,0.58,4,0,0
82,11,914,287,32,22,0.58,4,0,0
82,12,971,262,24,16,0.57,4,0,0
82,13,0,658,35,49,0.43,4,0,0
82,14,996,237,23,14,0.27,4,0,0
82,15,835,340,15,23,0.26,4,0,0
82,16,375,451,102,62,0.88,11,0,0
82,17,423,621,155,97,0.86,11,0,0
82,18,729,354,55,34,0.83,11,0,0
82,19,856,374,53,35,0.81,11,0,0
82,20,517,382,70,58,0.81,11,0,0
82,21,620,393,67,45,0.80,11,0,0
82,22,964,321,34,24,0.75,11,0,0
82,23,835,297,35,23,0.75,11,0,0
82,24,968,284,27,25,0.66,11,0,0
82,25,1021,266,22,15,0.58,11,0,0
82,26,914,287,32,22,0.58,11,0,0
82,27,971,262,24,16,0.57,11,0,0
82,28,0,658,35,49,0.43,11,0,0
82,29,996,237,23,14,0.27,11,0,0
82,30,835,340,15,23,0.26,11,0,0
83,1,475,593,141,95,0.90,4,0,0
83,2,327,463,116,68,0.88,4,0,0
83,3,596,402,73,46,0.86,4,0,0
83,4,716,360,53,35,0.84,4,0,0
83,5,490,390,72,60,0.84,4,0,0
83,6,864,370,53,34,0.82,4,0,0
83,7,826,300,36,24,0.77,4,0,0
83,8,969,318,35,26,0.73,4,0,0
83,9,971,283,27,24,0.70,4,0,0
83,10,910,289,32,21,0.62,4,0,0
83,11,1023,265,22,15,0.59,4,0,0
83,12,966,264,24,18,0.49,4,0,0
83,13,907,266,35,25,0.28,4,0,0
83,14,1031,236,22,18,0.26,4,0,0
83,15,475,593,141,95,0.90,11,0,0
83,16,327,463,116,68,0.88,11,0,0
83,17,596,402,73,46,0.86,11,0,0
83,18,716,360,53,35,0.84,11,0,0
83,19,490,390,72,60,0.84,11,0,0
83,20,864,370,53,34,0.82,11,0,0
83,21,826,300,36,24,0.77,11,0,0
83,22,969,318,35,26,0.73,11,0,0
83,23,971,283,27,24,0.70,11,0,0
83,24,910,289,32,21,0.62,11,0,0
83,25,1023,265,22,15,0.59,11,0,0
83,26,966,264,24,18,0.49,11,0,0
83,27,907,266,35,25,0.28,11,0,0
83,28,1031,236,22,18,0.26,11,0,0
84,1,279,479,124,70,0.90,4,0,0
84,2,526,568,127,87,0.89,4,0,0
84,3,567,412,78,49,0.84,4,0,0
84,4,872,366,51,34,0.83,4,0,0
84,5,701,367,57,37,0.82,4,0,0
84,6,817,304,37,24,0.77,4,0,0
84,7,461,399,77,63,0.77,4,0,0
84,8,973,317,34,25,0.74,4,0,0
84,9,975,281,26,24,0.65,4,0,0
84,10,1024,264,24,15,0.62,4,0,0
84,11,906,291,32,22,0.61,4,0,0
84,12,903,267,35,25,0.57,4,0,0
84,13,962,265,23,18,0.55,4,0,0
84,14,1029,239,22,16,0.33,4,0,0
84,15,990,239,22,14,0.31,4,0,0
84,16,827,344,18,25,0.25,10,0,0
84,17,279,479,124,70,0.90,11,0,0
84,18,526,568,127,87,0.89,11,0,0
84,19,567,412,78,49,0.84,11,0,0
84,20,872,366,51,34,0.83,11,0,0
84,21,701,367,57,37,0.82,11,0,0
84,22,817,304,37,24,0.77,11,0,0
84,23,461,399,77,63,0.77,11,0,0
84,24,973,317,34,25,0.74,11,0,0
84,25,975,281,26,24,0.65,11,0,0
84,26,1024,264,24,15,0.62,11,0,0
84,27,906,291,32,22,0.61,11,0,0
84,28,903,267,35,25,0.57,11,0,0
84,29,962,265,23,18,0.55,11,0,0
84,30,1029,239,22,16,0.33,11,0,0
84,31,990,239,22,14,0.31,11,0,0
84,32,827,344,18,25,0.25,11,0,0
85,1,566,545,118,78,0.89,4,0,0
85,2,226,496,140,76,0.87,4,0,0
85,3,427,408,85,66,0.85,4,0,0
85,4,540,423,82,51,0.84,4,0,0
85,5,683,373,60,39,0.83,4,0,0
85,6,878,362,51,34,0.81,4,0,0
85,7,975,315,33,26,0.76,4,0,0
85,8,808,306,37,26,0.71,4,0,0
85,9,903,294,32,21,0.66,4,0,0
85,10,978,280,26,23,0.64,4,0,0
85,11,956,267,27,19,0.56,4,0,0
85,12,1027,263,23,15,0.55,4,0,0
85,13,895,270,38,25,0.48,4,0,0
85,14,566,545,118,78,0.89,11,0,0
85,15,226,496,140,76,0.87,11,0,0
85,16,427,408,85,66,0.85,11,0,0
85,17,540,423,82,51,0.84,11,0,0
85,18,683,373,60,39,0.83,11,0,0
85,19,878,362,51,34,0.81,11,0,0
85,20,975,315,33,26,0.76,11,0,0
85,21,808,306,37,26,0.71,11,0,0
85,22,903,294,32,21,0.66,11,0,0
85,23,978,280,26,23,0.64,11,0,0
85,24,956,267,27,19,0.56,11,0,0
85,25,1027,263,23,15,0.55,11,0,0
85,26,895,270,38,25,0.48,11,0,0
86,1,171,512,145,84,0.90,4,0,0
86,2,606,528,110,72,0.88,4,0,0
86,3,507,436,89,55,0.87,4,0,0
86,4,665,381,63,40,0.83,4,0,0
86,5,400,417,86,70,0.83,4,0,0
86,6,887,360,48,32,0.79,4,0,0
86,7,798,311,37,25,0.79,4,0,0
86,8,979,313,31,23,0.74,4,0,0
86,9,900,295,32,22,0.69,4,0,0
86,10,982,279,25,23,0.64,4,0,0
86,11,949,268,27,19,0.59,4,0,0
86,12,888,272,39,25,0.56,4,0,0
86,13,1030,263,20,15,0.49,4,0,0
86,14,991,258,21,15,0.27,4,0,0
86,15,171,512,145,84,0.90,11,0,0
86,16,606,528,110,72,0.88,11,0,0
86,17,507,436,89,55,0.87,11,0,0
86,18,665,381,63,40,0.83,11,0,0
86,19,400,417,86,70,0.83,11,0,0
86,20,887,360,48,32,0.79,11,0,0
86,21,798,311,37,25,0.79,11,0,0
86,22,979,313,31,23,0.74,11,0,0
86,23,900,295,32,22,0.69,11,0,0
86,24,982,279,25,23,0.64,11,0,0
86,25,949,268,27,19,0.59,11,0,0
86,26,888,272,39,25,0.56,11,0,0
86,27,1030,263,20,15,0.49,11,0,0
86,28,991,258,21,15,0.27,11,0,0
87,1,95,535,165,92,0.91,4,0,0
87,2,641,507,103,69,0.87,4,0,0
87,3,471,447,96,59,0.87,4,0,0
87,4,364,429,93,74,0.87,4,0,0
87,5,644,390,67,41,0.82,4,0,0
87,6,894,356,47,32,0.79,4,0,0
87,7,786,316,39,25,0.78,4,0,0
87,8,983,311,31,22,0.74,4,0,0
87,9,895,297,33,23,0.68,4,0,0
87,10,1033,263,20,13,0.56,4,0,0
87,11,944,270,27,18,0.52,4,0,0
87,12,986,278,24,22,0.51,4,0,0
87,13,883,274,27,26,0.35,4,0,0
87,14,986,259,22,16,0.35,4,0,0
87,15,883,273,39,26,0.34,4,0,0
87,16,1026,243,20,17,0.27,4,0,0
87,17,95,535,165,92,0.91,11,0,0
87,18,641,507,103,69,0.87,11,0,0
87,19,471,447,96,59,0.87,11,0,0
87,20,364,429,93,74,0.87,11,0,0
87,21,644,390,67,41,0.82,11,0,0
87,22,894,356,47,32,0.79,11,0,0
87,23,786,316,39,25,0.78,11,0,0
87,24,983,311,31,22,0.74,11,0,0
87,25,895,297,33,23,0.68,11,0,0
87,26,1033,263,20,13,0.56,11,0,0
87,27,944,270,27,18,0.52,11,0,0
87,28,986,278,24,22,0.51,11,0,0
87,29,883,274,27,26,0.35,11,0,0
87,30,986,259,22,16,0.35,11,0,0
87,31,883,273,39,26,0.34,11,0,0
87,32,1001,150,28,49,0.31,11,0,0
87,33,1026,243,20,17,0.27,11,0,0
88,1,27,554,177,99,0.91,4,0,0
88,2,431,461,101,63,0.88,4,0,0
88,3,673,492,94,61,0.86,4,0,0
88,4,322,441,103,77,0.85,4,0,0
88,5,622,398,71,44,0.85,4,0,0
88,6,900,353,47,32,0.79,4,0,0
88,7,777,319,39,27,0.77,4,0,0
88,8,987,310,30,22,0.74,4,0,0
88,9,889,299,35,24,0.67,4,0,0
88,10,988,277,25,21,0.66,4,0,0
88,11,938,273,28,18,0.65,4,0,0
88,12,985,260,22,17,0.59,4,0,0
88,13,1035,262,20,13,0.53,4,0,0
88,14,876,277,25,24,0.48,4,0,0
88,15,892,278,24,23,0.37,4,0,0
88,16,977,242,23,16,0.35,4,0,0
88,17,27,554,177,99,0.91,11,0,0
88,18,431,461,101,63,0.88,11,0,0
88,19,673,492,94,61,0.86,11,0,0
88,20,322,441,103,77,0.85,11,0,0
88,21,622,398,71,44,0.85,11,0,0
88,22,900,353,47,32,0.79,11,0,0
88,23,777,319,39,27,0.77,11,0,0
88,24,987,310,30,22,0.74,11,0,0
88,25,889,299,35,24,0.67,11,0,0
88,26,988,277,25,21,0.66,11,0,0
88,27,938,273,28,18,0.65,11,0,0
88,28,985,260,22,17,0.59,11,0,0
88,29,1035,262,20,13,0.53,11,0,0
88,30,876,277,25,24,0.48,11,0,0
88,31,892,278,24,23,0.37,11,0,0
88,32,977,242,23,16,0.35,11,0,0
88,33,1001,150,28,49,0.27,11,0,0
89,1,0,570,168,100,0.90,4,0,0
89,2,688,486,91,58,0.87,4,0,0
89,3,410,471,104,62,0.87,4,0,0
89,4,609,404,72,45,0.84,4,0,0
89,5,304,448,97,78,0.82,4,0,0
89,6,903,352,47,31,0.81,4,0,0
89,7,770,322,39,27,0.71,4,0,0
89,8,886,301,34,23,0.71,4,0,0
89,9,989,309,29,22,0.70,4,0,0
89,10,991,277,24,20,0.67,4,0,0
89,11,935,273,28,19,0.67,4,0,0
89,12,871,278,26,27,0.56,4,0,0
89,13,1036,261,19,14,0.49,4,0,0
89,14,980,261,25,16,0.47,4,0,0
89,15,892,281,20,20,0.45,4,0,0
89,16,1022,244,19,17,0.26,4,0,0
89,17,0,570,168,100,0.90,11,0,0
89,18,688,486,91,58,0.87,11,0,0
89,19,410,471,104,62,0.87,11,0,0
89,20,609,404,72,45,0.84,11,0,0
89,21,304,448,97,78,0.82,11,0,0
89,22,903,352,47,31,0.81,11,0,0
89,23,770,322,39,27,0.71,11,0,0
89,24,886,301,34,23,0.71,11,0,0
89,25,989,309,29,22,0.70,11,0,0
89,26,991,277,24,20,0.67,11,0,0
89,27,935,273,28,19,0.67,11,0,0
89,28,871,278,26,27,0.56,11,0,0
89,29,1036,261,19,14,0.49,11,0,0
89,30,980,261,25,16,0.47,11,0,0
89,31,892,281,20,20,0.45,11,0,0
89,32,1022,244,19,17,0.26,11,0,0
90,1,368,485,112,70,0.88,4,0,0
90,2,260,461,110,82,0.88,4,0,0
90,3,712,472,87,54,0.87,4,0,0
90,4,588,413,74,47,0.84,4,0,0
90,5,0,594,110,89,0.81,4,0,0
90,6,909,350,44,28,0.80,4,0,0
90,7,758,327,42,26,0.79,4,0,0
90,8,991,307,31,22,0.73,4,0,0
90,9,882,301,35,25,0.71,4,0,0
90,10,993,275,24,21,0.69,4,0,0
90,11,930,274,28,20,0.67,4,0,0
90,12,1037,259,20,15,0.47,4,0,0
90,13,865,280,41,28,0.43,4,0,0
90,14,979,262,20,16,0.36,4,0,0
90,15,368,485,112,70,0.88,11,0,0
90,16,260,461,110,82,0.88,11,0,0
90,17,712,472,87,54,0.87,11,0,0
90,18,588,413,74,47,0.84,11,0,0
90,19,0,594,110,89,0.81,11,0,0
90,20,909,350,44,28,0.80,11,0,0
90,21,758,327,42,26,0.79,11,0,0
90,22,991,307,31,22,0.73,11,0,0
90,23,882,301,35,25,0.71,11,0,0
90,24,993,275,24,21,0.69,11,0,0
90,25,930,274,28,20,0.67,11,0,0
90,26,1037,259,20,15,0.47,11,0,0
90,27,865,280,41,28,0.43,11,0,0
90,28,979,262,20,16,0.36,11,0,0
91,1,315,504,124,75,0.90,4,0,0
91,2,212,474,124,88,0.88,4,0,0
91,3,560,424,80,52,0.85,4,0,0
91,4,740,458,80,51,0.83,4,0,0
91,5,745,331,43,27,0.80,4,0,0
91,6,914,347,44,27,0.79,4,0,0
91,7,876,304,36,25,0.71,4,0,0
91,8,995,306,31,21,0.70,4,0,0
91,9,923,277,29,20,0.66,4,0,0
91,10,996,273,23,23,0.56,4,0,0
91,11,1017,252,19,10,0.53,4,0,0
91,12,0,624,27,61,0.43,4,0,0
91,13,858,283,44,27,0.41,4,0,0
91,14,1039,258,20,15,0.37,4,0,0
91,15,975,267,21,14,0.31,4,0,0
91,16,969,245,21,17,0.27,4,0,0
91,17,315,504,124,75,0.90,11,0,0
91,18,212,474,124,88,0.88,11,0,0
91,19,560,424,80,52,0.85,11,0,0
91,20,740,458,80,51,0.83,11,0,0
91,21,745,331,43,27,0.80,11,0,0
91,22,914,347,44,27,0.79,11,0,0
91,23,876,304,36,25,0.71,11,0,0
91,24,995,306,31,21,0.70,11,0,0
91,25,923,277,29,20,0.66,11,0,0
91,26,996,273,23,23,0.56,11,0,0
91,27,1017,252,19,10,0.53,11,0,0
91,28,0,624,27,61,0.43,11,0,0
91,29,858,283,44,27,0.41,11,0,0
91,30,1039,258,20,15,0.37,11,0,0
91,31,975,267,21,14,0.31,11,0,0
91,32,969,245,21,17,0.27,11,0,0
92,1,260,523,133,82,0.89,4,0,0
92,2,529,436,87,54,0.87,4,0,0
92,3,759,447,79,47,0.85,4,0,0
92,4,162,489,127,94,0.85,4,0,0
92,5,921,344,41,27,0.81,4,0,0
92,6,732,336,45,28,0.79,4,0,0
92,7,999,304,32,22,0.73,4,0,0
92,8,916,279,30,21,0.67,4,0,0
92,9,869,307,38,25,0.63,4,0,0
92,10,311,680,144,39,0.58,4,0,0
92,11,999,272,23,22,0.58,4,0,0
92,12,850,285,45,29,0.54,4,0,0
92,13,970,267,20,15,0.28,4,0,0
92,14,1015,252,19,13,0.27,4,0,0
92,15,260,523,133,82,0.89,11,0,0
92,16,529,436,87,54,0.87,11,0,0
92,17,759,447,79,47,0.85,11,0,0
92,18,162,489,127,94,0.85,11,0,0
92,19,921,344,41,27,0.81,11,0,0
92,20,732,336,45,28,0.79,11,0,0
92,21,999,304,32,22,0.73,11,0,0
92,22,916,279,30,21,0.67,11,0,0
92,23,869,307,38,25,0.63,11,0,0
92,24,311,680,144,39,0.58,11,0,0
92,25,999,272,23,22,0.58,11,0,0
92,26,850,285,45,29,0.54,11,0,0
92,27,970,267,20,15,0.28,11,0,0
92,28,1015,252,19,13,0.27,11,0,0
93,1,195,543,153,89,0.89,4,0,0
93,2,105,506,137,99,0.89,4,0,0
93,3,499,448,93,58,0.86,4,0,0
93,4,336,653,166,66,0.82,4,0,0
93,5,782,436,71,43,0.82,4,0,0
93,6,926,340,41,29,0.80,4,0,0
93,7,719,339,46,32,0.76,4,0,0
93,8,863,310,39,25,0.73,4,0,0
93,9,1003,303,30,21,0.71,4,0,0
93,10,910,282,29,21,0.68,4,0,0
93,11,965,268,26,15,0.57,4,0,0
93,12,1003,273,21,20,0.47,4,0,0
93,13,842,289,45,27,0.44,4,0,0
93,14,824,291,19,16,0.31,4,0,0
93,15,960,247,25,18,0.29,4,0,0
93,16,195,543,153,89,0.89,11,0,0
93,17,105,506,137,99,0.89,11,0,0
93,18,499,448,93,58,0.86,11,0,0
93,19,336,653,166,66,0.82,11,0,0
93,20,782,436,71,43,0.82,11,0,0
93,21,926,340,41,29,0.80,11,0,0
93,22,719,339,46,32,0.76,11,0,0
93,23,863,310,39,25,0.73,11,0,0
93,24,1003,303,30,21,0.71,11,0,0
93,25,910,282,29,21,0.68,11,0,0
93,26,965,268,26,15,0.57,11,0,0
93,27,1003,273,21,20,0.47,11,0,0
93,28,842,289,45,27,0.44,11,0,0
93,29,824,291,19,16,0.31,11,0,0
93,30,960,247,25,18,0.29,11,0,0
