1,1,640,431,61,94,0.89,4,0,0
1,2,563,432,53,94,0.88,4,0,0
1,3,578,592,65,121,0.88,4,0,0
1,4,679,609,75,109,0.86,4,0,0
1,5,615,318,46,64,0.85,4,0,0
1,6,527,197,34,47,0.81,4,0,0
1,7,594,226,41,53,0.79,4,0,0
1,8,362,180,40,55,0.79,4,0,0
1,9,535,247,43,60,0.74,4,0,0
1,10,525,137,30,43,0.72,4,0,0
1,11,578,145,36,45,0.56,4,0,0
1,12,541,330,45,73,0.48,4,0,0
1,13,617,95,31,37,0.27,4,0,0
1,14,640,431,61,94,0.89,11,0,0
1,15,563,432,53,94,0.88,11,0,0
1,16,578,592,65,121,0.88,11,0,0
1,17,679,609,75,109,0.86,11,0,0
1,18,615,318,46,64,0.85,11,0,0
1,19,527,197,34,47,0.81,11,0,0
1,20,594,226,41,53,0.79,11,0,0
1,21,362,180,40,55,0.79,11,0,0
1,22,535,247,43,60,0.74,11,0,0
1,23,525,137,30,43,0.72,11,0,0
1,24,578,145,36,45,0.56,11,0,0
1,25,541,330,45,73,0.48,11,0,0
1,26,617,95,31,37,0.27,11,0,0
2,1,578,594,65,119,0.90,4,0,0
2,2,640,431,61,92,0.88,4,0,0
2,3,679,609,75,109,0.88,4,0,0
2,4,563,434,52,93,0.87,4,0,0
2,5,615,318,46,64,0.84,4,0,0
2,6,363,185,40,57,0.78,4,0,0
2,7,527,198,34,48,0.76,4,0,0
2,8,594,228,41,51,0.76,4,0,0
2,9,525,137,28,44,0.68,4,0,0
2,10,536,247,42,61,0.65,4,0,0
2,11,580,146,33,44,0.51,4,0,0
2,12,357,120,43,42,0.43,4,0,0
2,13,617,92,29,38,0.27,4,0,0
2,14,578,594,65,119,0.90,11,0,0
2,15,640,431,61,92,0.88,11,0,0
2,16,679,609,75,109,0.88,11,0,0
2,17,563,434,52,93,0.87,11,0,0
2,18,615,318,46,64,0.84,11,0,0
2,19,363,185,40,57,0.78,11,0,0
2,20,527,198,34,48,0.76,11,0,0
2,21,594,228,41,51,0.76,11,0,0
2,22,525,137,28,44,0.68,11,0,0
2,23,536,247,42,61,0.65,11,0,0
2,24,580,146,33,44,0.51,11,0,0
2,25,357,120,43,42,0.43,11,0,0
2,26,617,92,29,38,0.27,11,0,0
3,1,578,594,65,120,0.89,4,0,0
3,2,640,430,61,92,0.88,4,0,0
3,3,563,435,53,93,0.88,4,0,0
3,4,679,609,75,109,0.86,4,0,0
3,5,615,318,46,63,0.86,4,0,0
3,6,362,190,42,57,0.82,4,0,0
3,7,594,228,41,51,0.81,4,0,0
3,8,527,200,34,47,0.80,4,0,0
3,9,536,247,42,62,0.76,4,0,0
3,10,524,137,30,46,0.75,4,0,0
3,11,577,146,36,44,0.68,4,0,0
3,12,541,332,45,72,0.66,4,0,0
3,13,359,123,42,43,0.53,4,0,0
3,14,615,91,31,37,0.36,4,0,0
3,15,578,594,65,120,0.89,11,0,0
3,16,640,430,61,92,0.88,11,0,0
3,17,563,435,53,93,0.88,11,0,0
3,18,679,609,75,109,0.86,11,0,0
3,19,615,318,46,63,0.86,11,0,0
3,20,362,190,42,57,0.82,11,0,0
3,21,594,228,41,51,0.81,11,0,0
3,22,527,200,34,47,0.80,11,0,0
3,23,536,247,42,62,0.76,11,0,0
3,24,524,137,30,46,0.75,11,0,0
3,25,577,146,36,44,0.68,11,0,0
3,26,541,332,45,72,0.66,11,0,0
3,27,359,123,42,43,0.53,11,0,0
3,28,615,91,31,37,0.36,11,0,0
4,1,640,431,61,91,0.89,4,0,0
4,2,578,595,66,120,0.89,4,0,0
4,3,564,438,52,91,0.87,4,0,0
4,4,615,318,46,63,0.86,4,0,0
4,5,680,611,74,107,0.84,4,0,0
4,6,361,197,45,57,0.82,4,0,0
4,7,594,228,41,51,0.81,4,0,0
4,8,527,202,35,46,0.79,4,0,0
4,9,524,137,30,45,0.66,4,0,0
4,10,537,249,41,61,0.65,4,0,0
4,11,579,147,34,43,0.62,4,0,0
4,12,540,334,46,72,0.54,4,0,0
4,13,361,121,43,50,0.44,4,0,0
4,14,640,431,61,91,0.89,11,0,0
4,15,578,595,66,120,0.89,11,0,0
4,16,564,438,52,91,0.87,11,0,0
4,17,615,318,46,63,0.86,11,0,0
4,18,680,611,74,107,0.84,11,0,0
4,19,361,197,45,57,0.82,11,0,0
4,20,594,228,41,51,0.81,11,0,0
4,21,527,202,35,46,0.79,11,0,0
4,22,524,137,30,45,0.66,11,0,0
4,23,537,249,41,61,0.65,11,0,0
4,24,579,147,34,43,0.62,11,0,0
4,25,540,334,46,72,0.54,11,0,0
4,26,361,121,43,50,0.44,11,0,0
5,1,579,598,66,119,0.89,4,0,0
5,2,564,440,53,92,0.88,4,0,0
5,3,640,431,61,91,0.88,4,0,0
5,4,615,319,45,63,0.87,4,0,0
5,5,528,205,34,46,0.83,4,0,0
5,6,594,230,41,52,0.83,4,0,0
5,7,365,206,41,59,0.75,4,0,0
5,8,680,615,74,103,0.75,4,0,0
5,9,581,151,32,41,0.73,4,0,0
5,10,524,140,28,41,0.73,4,0,0
5,11,542,336,46,72,0.71,4,0,0
5,12,537,252,42,60,0.64,4,0,0
5,13,364,129,43,49,0.53,4,0,0
5,14,579,598,66,119,0.89,11,0,0
5,15,564,440,53,92,0.88,11,0,0
5,16,640,431,61,91,0.88,11,0,0
5,17,615,319,45,63,0.87,11,0,0
5,18,528,205,34,46,0.83,11,0,0
5,19,594,230,41,52,0.83,11,0,0
5,20,365,206,41,59,0.75,11,0,0
5,21,680,615,74,103,0.75,11,0,0
5,22,581,151,32,41,0.73,11,0,0
5,23,524,140,28,41,0.73,11,0,0
5,24,542,336,46,72,0.71,11,0,0
5,25,537,252,42,60,0.64,11,0,0
5,26,364,129,43,49,0.53,11,0,0
6,1,580,601,66,117,0.88,4,0,0
6,2,566,443,52,92,0.88,4,0,0
6,3,640,431,61,91,0.88,4,0,0
6,4,615,319,46,63,0.85,4,0,0
6,5,595,231,41,53,0.83,4,0,0
6,6,528,207,35,46,0.82,4,0,0
6,7,539,256,41,59,0.79,4,0,0
6,8,363,217,46,61,0.77,4,0,0
6,9,524,138,27,40,0.76,4,0,0
6,10,542,339,47,75,0.74,4,0,0
6,11,681,619,74,100,0.70,4,0,0
6,12,581,151,33,43,0.67,4,0,0
6,13,371,140,39,46,0.46,4,0,0
6,14,580,601,66,117,0.88,11,0,0
6,15,566,443,52,92,0.88,11,0,0
6,16,640,431,61,91,0.88,11,0,0
6,17,615,319,46,63,0.85,11,0,0
6,18,595,231,41,53,0.83,11,0,0
6,19,528,207,35,46,0.82,11,0,0
6,20,539,256,41,59,0.79,11,0,0
6,21,363,217,46,61,0.77,11,0,0
6,22,524,138,27,40,0.76,11,0,0
6,23,542,339,47,75,0.74,11,0,0
6,24,681,619,74,100,0.70,11,0,0
6,25,581,151,33,43,0.67,11,0,0
6,26,371,140,39,46,0.46,11,0,0
7,1,580,604,67,113,0.88,4,0,0
7,2,640,431,61,90,0.88,4,0,0
7,3,566,446,54,94,0.88,4,0,0
7,4,615,320,46,62,0.85,4,0,0
7,5,596,233,42,53,0.84,4,0,0
7,6,529,211,35,45,0.83,4,0,0
7,7,543,342,47,75,0.82,4,0,0
7,8,373,148,41,47,0.81,4,0,0
7,9,539,257,41,62,0.79,4,0,0
7,10,372,230,39,61,0.78,4,0,0
7,11,522,138,30,40,0.63,4,0,0
7,12,683,621,74,98,0.59,4,0,0
7,13,581,153,33,43,0.49,4,0,0
7,14,611,88,27,32,0.47,4,0,0
7,15,580,604,67,113,0.88,11,0,0
7,16,640,431,61,90,0.88,11,0,0
7,17,566,446,54,94,0.88,11,0,0
7,18,615,320,46,62,0.85,11,0,0
7,19,596,233,42,53,0.84,11,0,0
7,20,529,211,35,45,0.83,11,0,0
7,21,543,342,47,75,0.82,11,0,0
7,22,373,148,41,47,0.81,11,0,0
7,23,539,257,41,62,0.79,11,0,0
7,24,372,230,39,61,0.78,11,0,0
7,25,522,138,30,40,0.63,11,0,0
7,26,683,621,74,98,0.59,11,0,0
7,27,581,153,33,43,0.49,11,0,0
7,28,611,88,27,32,0.47,11,0,0
7,29,867,648,14,25,0.29,11,0,0
8,1,567,449,54,94,0.88,4,0,0
8,2,582,607,66,111,0.87,4,0,0
8,3,640,431,61,89,0.87,4,0,0
8,4,615,320,46,62,0.85,4,0,0
8,5,596,235,42,53,0.85,4,0,0
8,6,529,214,35,44,0.83,4,0,0
8,7,375,239,39,63,0.78,4,0,0
8,8,544,345,46,74,0.78,4,0,0
8,9,523,140,29,39,0.70,4,0,0
8,10,375,157,41,46,0.68,4,0,0
8,11,683,623,74,96,0.64,4,0,0
8,12,541,263,41,59,0.63,4,0,0
8,13,582,159,32,38,0.51,4,0,0
8,14,608,87,29,31,0.33,4,0,0
8,15,567,449,54,94,0.88,11,0,0
8,16,582,607,66,111,0.87,11,0,0
8,17,640,431,61,89,0.87,11,0,0
8,18,615,320,46,62,0.85,11,0,0
8,19,596,235,42,53,0.85,11,0,0
8,20,529,214,35,44,0.83,11,0,0
8,21,375,239,39,63,0.78,11,0,0
8,22,544,345,46,74,0.78,11,0,0
8,23,523,140,29,39,0.70,11,0,0
8,24,375,157,41,46,0.68,11,0,0
8,25,683,623,74,96,0.64,11,0,0
8,26,541,263,41,59,0.63,11,0,0
8,27,582,159,32,38,0.51,11,0,0
8,28,608,87,29,31,0.33,11,0,0
9,1,582,608,66,110,0.88,4,0,0
9,2,567,450,55,94,0.88,4,0,0
9,3,640,431,61,89,0.87,4,0,0
9,4,615,321,46,61,0.87,4,0,0
9,5,596,236,43,53,0.84,4,0,0
9,6,545,347,46,74,0.83,4,0,0
9,7,378,162,39,47,0.83,4,0,0
9,8,530,215,34,45,0.82,4,0,0
9,9,376,246,39,67,0.76,4,0,0
9,10,685,626,71,93,0.74,4,0,0
9,11,541,263,41,60,0.73,4,0,0
9,12,523,141,28,39,0.68,4,0,0
9,13,581,159,33,39,0.60,4,0,0
9,14,607,87,29,30,0.52,4,0,0
9,15,582,608,66,110,0.88,11,0,0
9,16,567,450,55,94,0.88,11,0,0
9,17,640,431,61,89,0.87,11,0,0
9,18,615,321,46,61,0.87,11,0,0
9,19,596,236,43,53,0.84,11,0,0
9,20,545,347,46,74,0.83,11,0,0
9,21,378,162,39,47,0.83,11,0,0
9,22,530,215,34,45,0.82,11,0,0
9,23,376,246,39,67,0.76,11,0,0
9,24,685,626,71,93,0.74,11,0,0
9,25,541,263,41,60,0.73,11,0,0
9,26,523,141,28,39,0.68,11,0,0
9,27,581,159,33,39,0.60,11,0,0
9,28,607,87,29,30,0.52,11,0,0
10,1,583,609,66,109,0.87,4,0,0
10,2,567,453,55,95,0.87,4,0,0
10,3,640,430,60,88,0.86,4,0,0
10,4,615,321,46,61,0.86,4,0,0
10,5,379,261,38,66,0.85,4,0,0
10,6,597,237,42,52,0.85,4,0,0
10,7,530,215,34,44,0.83,4,0,0
10,8,541,263,41,62,0.80,4,0,0
10,9,545,350,46,72,0.79,4,0,0
10,10,520,141,30,38,0.77,4,0,0
10,11,382,170,37,47,0.74,4,0,0
10,12,685,628,72,91,0.68,4,0,0
10,13,580,160,34,39,0.65,4,0,0
10,14,217,23,53,25,0.49,4,0,0
10,15,583,609,66,109,0.87,11,0,0
10,16,567,453,55,95,0.87,11,0,0
10,17,640,430,60,88,0.86,11,0,0
10,18,615,321,46,61,0.86,11,0,0
10,19,379,261,38,66,0.85,11,0,0
10,20,597,237,42,52,0.85,11,0,0
10,21,530,215,34,44,0.83,11,0,0
10,22,541,263,41,62,0.80,11,0,0
10,23,545,350,46,72,0.79,11,0,0
10,24,520,141,30,38,0.77,11,0,0
10,25,382,170,37,47,0.74,11,0,0
10,26,685,628,72,91,0.68,11,0,0
10,27,580,160,34,39,0.65,11,0,0
10,28,217,23,53,25,0.49,11,0,0
10,29,340,127,19,27,0.46,11,0,0
11,1,583,611,67,107,0.88,4,0,0
11,2,568,455,54,94,0.87,4,0,0
11,3,639,429,61,88,0.87,4,0,0
11,4,615,320,45,60,0.85,4,0,0
11,5,381,273,38,68,0.84,4,0,0
11,6,596,237,43,52,0.84,4,0,0
11,7,385,178,36,48,0.81,4,0,0
11,8,531,215,33,44,0.81,4,0,0
11,9,542,265,41,62,0.80,4,0,0
11,10,515,139,34,38,0.80,4,0,0
11,11,546,353,46,73,0.76,4,0,0
11,12,686,631,73,89,0.74,4,0,0
11,13,580,158,33,42,0.64,4,0,0
11,14,209,28,56,24,0.58,4,0,0
11,15,583,611,67,107,0.88,11,0,0
11,16,568,455,54,94,0.87,11,0,0
11,17,639,429,61,88,0.87,11,0,0
11,18,615,320,45,60,0.85,11,0,0
11,19,381,273,38,68,0.84,11,0,0
11,20,596,237,43,52,0.84,11,0,0
11,21,385,178,36,48,0.81,11,0,0
11,22,531,215,33,44,0.81,11,0,0
11,23,542,265,41,62,0.80,11,0,0
11,24,515,139,34,38,0.80,11,0,0
11,25,546,353,46,73,0.76,11,0,0
11,26,686,631,73,89,0.74,11,0,0
11,27,580,158,33,42,0.64,11,0,0
11,28,209,28,56,24,0.58,11,0,0
11,29,341,130,19,26,0.30,11,0,0
12,1,569,458,53,93,0.88,4,0,0
12,2,639,428,60,88,0.87,4,0,0
12,3,583,613,66,105,0.87,4,0,0
12,4,597,238,41,52,0.85,4,0,0
12,5,615,320,45,59,0.84,4,0,0
12,6,383,287,37,68,0.83,4,0,0
12,7,531,214,34,45,0.80,4,0,0
12,8,387,187,36,48,0.79,4,0,0
12,9,544,268,40,61,0.79,4,0,0
12,10,514,140,34,35,0.78,4,0,0
12,11,546,354,47,75,0.75,4,0,0
12,12,198,31,59,25,0.75,4,0,0
12,13,686,633,71,86,0.71,4,0,0
12,14,582,160,31,40,0.59,4,0,0
12,15,605,80,28,33,0.41,4,0,0
12,16,569,458,53,93,0.88,11,0,0
12,17,639,428,60,88,0.87,11,0,0
12,18,583,613,66,105,0.87,11,0,0
12,19,597,238,41,52,0.85,11,0,0
12,20,615,320,45,59,0.84,11,0,0
12,21,383,287,37,68,0.83,11,0,0
12,22,531,214,34,45,0.80,11,0,0
12,23,387,187,36,48,0.79,11,0,0
12,24,544,268,40,61,0.79,11,0,0
12,25,514,140,34,35,0.78,11,0,0
12,26,546,354,47,75,0.75,11,0,0
12,27,198,31,59,25,0.75,11,0,0
12,28,686,633,71,86,0.71,11,0,0
12,29,582,160,31,40,0.59,11,0,0
12,30,605,80,28,33,0.41,11,0,0
13,1,569,462,54,94,0.87,4,0,0
13,2,639,428,60,87,0.86,4,0,0
13,3,544,271,40,61,0.85,4,0,0
13,4,615,320,44,59,0.84,4,0,0
13,5,384,301,38,71,0.84,4,0,0
13,6,596,239,42,52,0.83,4,0,0
13,7,584,615,65,103,0.83,4,0,0
13,8,390,196,35,50,0.83,4,0,0
13,9,531,214,33,44,0.82,4,0,0
13,10,547,358,46,73,0.81,4,0,0
13,11,513,142,33,34,0.79,4,0,0
13,12,686,636,71,83,0.73,4,0,0
13,13,582,162,31,38,0.70,4,0,0
13,14,189,35,55,26,0.59,4,0,0
13,15,603,79,28,30,0.30,4,0,0
13,16,569,462,54,94,0.87,11,0,0
13,17,639,428,60,87,0.86,11,0,0
13,18,544,271,40,61,0.85,11,0,0
13,19,615,320,44,59,0.84,11,0,0
13,20,384,301,38,71,0.84,11,0,0
13,21,596,239,42,52,0.83,11,0,0
13,22,584,615,65,103,0.83,11,0,0
13,23,390,196,35,50,0.83,11,0,0
13,24,531,214,33,44,0.82,11,0,0
13,25,547,358,46,73,0.81,11,0,0
13,26,513,142,33,34,0.79,11,0,0
13,27,686,636,71,83,0.73,11,0,0
13,28,582,162,31,38,0.70,11,0,0
13,29,189,35,55,26,0.59,11,0,0
13,30,603,79,28,30,0.30,11,0,0
14,1,544,272,41,63,0.88,4,0,0
14,2,570,463,54,96,0.86,4,0,0
14,3,639,427,60,87,0.86,4,0,0
14,4,615,320,44,59,0.85,4,0,0
14,5,392,207,33,50,0.84,4,0,0
14,6,597,241,41,50,0.84,4,0,0
14,7,384,318,39,72,0.83,4,0,0
14,8,584,617,66,101,0.83,4,0,0
14,9,530,213,34,42,0.82,4,0,0
14,10,582,161,31,39,0.73,4,0,0
14,11,511,140,33,33,0.73,4,0,0
14,12,686,640,70,79,0.72,4,0,0
14,13,180,40,54,24,0.66,4,0,0
14,14,548,361,45,73,0.58,4,0,0
14,15,600,77,30,31,0.42,4,0,0
14,16,544,272,41,63,0.88,11,0,0
14,17,570,463,54,96,0.86,11,0,0
14,18,639,427,60,87,0.86,11,0,0
14,19,615,320,44,59,0.85,11,0,0
14,20,392,207,33,50,0.84,11,0,0
14,21,597,241,41,50,0.84,11,0,0
14,22,384,318,39,72,0.83,11,0,0
14,23,584,617,66,101,0.83,11,0,0
14,24,530,213,34,42,0.82,11,0,0
14,25,582,161,31,39,0.73,11,0,0
14,26,511,140,33,33,0.73,11,0,0
14,27,686,640,70,79,0.72,11,0,0
14,28,180,40,54,24,0.66,11,0,0
14,29,548,361,45,73,0.58,11,0,0
14,30,600,77,30,31,0.42,11,0,0
15,1,544,275,41,62,0.87,4,0,0
15,2,570,467,55,95,0.87,4,0,0
15,3,385,335,39,73,0.85,4,0,0
15,4,639,427,59,86,0.85,4,0,0
15,5,584,619,66,100,0.84,4,0,0
15,6,615,320,44,59,0.84,4,0,0
15,7,597,243,41,49,0.83,4,0,0
15,8,686,643,70,77,0.82,4,0,0
15,9,530,208,34,46,0.80,4,0,0
15,10,394,217,33,50,0.78,4,0,0
15,11,582,161,31,40,0.77,4,0,0
15,12,549,364,45,72,0.74,4,0,0
15,13,171,45,54,23,0.72,4,0,0
15,14,503,137,38,37,0.58,4,0,0
15,15,600,76,28,30,0.57,4,0,0
15,16,899,2,39,45,0.29,6,0,0
15,17,544,275,41,62,0.87,11,0,0
15,18,570,467,55,95,0.87,11,0,0
15,19,385,335,39,73,0.85,11,0,0
15,20,639,427,59,86,0.85,11,0,0
15,21,584,619,66,100,0.84,11,0,0
15,22,615,320,44,59,0.84,11,0,0
15,23,597,243,41,49,0.83,11,0,0
15,24,686,643,70,77,0.82,11,0,0
15,25,530,208,34,46,0.80,11,0,0
15,26,394,217,33,50,0.78,11,0,0
15,27,582,161,31,40,0.77,11,0,0
15,28,549,364,45,72,0.74,11,0,0
15,29,171,45,54,23,0.72,11,0,0
15,30,503,137,38,37,0.58,11,0,0
15,31,600,76,28,30,0.57,11,0,0
15,32,899,2,39,45,0.29,11,0,0
16,1,544,279,42,60,0.87,4,0,0
16,2,384,351,41,76,0.87,4,0,0
16,3,571,471,54,94,0.86,4,0,0
16,4,597,245,40,48,0.84,4,0,0
16,5,585,622,65,97,0.83,4,0,0
16,6,614,322,45,57,0.83,4,0,0
16,7,638,427,59,86,0.83,4,0,0
16,8,686,647,69,73,0.77,4,0,0
16,9,530,208,33,44,0.76,4,0,0
16,10,498,137,40,34,0.75,4,0,0
16,11,549,368,46,73,0.73,4,0,0
16,12,582,164,30,37,0.70,4,0,0
16,13,394,226,33,54,0.70,4,0,0
16,14,160,48,54,24,0.55,4,0,0
16,15,601,77,26,29,0.47,4,0,0
16,16,544,279,42,60,0.87,11,0,0
16,17,384,351,41,76,0.87,11,0,0
16,18,571,471,54,94,0.86,11,0,0
16,19,597,245,40,48,0.84,11,0,0
16,20,585,622,65,97,0.83,11,0,0
16,21,614,322,45,57,0.83,11,0,0
16,22,638,427,59,86,0.83,11,0,0
16,23,686,647,69,73,0.77,11,0,0
16,24,530,208,33,44,0.76,11,0,0
16,25,498,137,40,34,0.75,11,0,0
16,26,549,368,46,73,0.73,11,0,0
16,27,582,164,30,37,0.70,11,0,0
16,28,394,226,33,54,0.70,11,0,0
16,29,160,48,54,24,0.55,11,0,0
16,30,601,77,26,29,0.47,11,0,0
17,1,384,360,41,79,0.87,4,0,0
17,2,544,281,42,60,0.87,4,0,0
17,3,570,473,55,95,0.86,4,0,0
17,4,597,245,40,49,0.84,4,0,0
17,5,614,323,44,56,0.84,4,0,0
17,6,638,427,59,85,0.83,4,0,0
17,7,585,623,65,96,0.83,4,0,0
17,8,549,370,46,74,0.79,4,0,0
17,9,495,137,40,32,0.76,4,0,0
17,10,530,209,33,41,0.73,4,0,0
17,11,687,648,68,72,0.73,4,0,0
17,12,394,233,34,56,0.70,4,0,0
17,13,581,164,30,38,0.58,4,0,0
17,14,600,78,25,27,0.43,4,0,0
17,15,158,50,49,24,0.31,4,0,0
17,16,384,360,41,79,0.87,11,0,0
17,17,544,281,42,60,0.87,11,0,0
17,18,570,473,55,95,0.86,11,0,0
17,19,597,245,40,49,0.84,11,0,0
17,20,614,323,44,56,0.84,11,0,0
17,21,638,427,59,85,0.83,11,0,0
17,22,585,623,65,96,0.83,11,0,0
17,23,549,370,46,74,0.79,11,0,0
17,24,495,137,40,32,0.76,11,0,0
17,25,530,209,33,41,0.73,11,0,0
17,26,687,648,68,72,0.73,11,0,0
17,27,394,233,34,56,0.70,11,0,0
17,28,581,164,30,38,0.58,11,0,0
17,29,600,78,25,27,0.43,11,0,0
17,30,158,50,49,24,0.31,11,0,0
18,1,572,479,54,97,0.88,4,0,0
18,2,544,283,41,60,0.87,4,0,0
18,3,614,323,44,58,0.85,4,0,0
18,4,384,381,41,79,0.85,4,0,0
18,5,584,628,65,92,0.85,4,0,0
18,6,596,246,40,49,0.84,4,0,0
18,7,638,427,58,85,0.83,4,0,0
18,8,393,247,35,55,0.83,4,0,0
18,9,549,374,47,75,0.78,4,0,0
18,10,488,136,42,31,0.77,4,0,0
18,11,529,208,33,40,0.75,4,0,0
18,12,688,650,66,70,0.74,4,0,0
18,13,582,165,29,38,0.67,4,0,0
18,14,599,77,25,27,0.52,4,0,0
18,15,572,479,54,97,0.88,11,0,0
18,16,544,283,41,60,0.87,11,0,0
18,17,614,323,44,58,0.85,11,0,0
18,18,384,381,41,79,0.85,11,0,0
18,19,584,628,65,92,0.85,11,0,0
18,20,596,246,40,49,0.84,11,0,0
18,21,638,427,58,85,0.83,11,0,0
18,22,393,247,35,55,0.83,11,0,0
18,23,549,374,47,75,0.78,11,0,0
18,24,488,136,42,31,0.77,11,0,0
18,25,529,208,33,40,0.75,11,0,0
18,26,688,650,66,70,0.74,11,0,0
18,27,582,165,29,38,0.67,11,0,0
18,28,599,77,25,27,0.52,11,0,0
19,1,572,483,54,97,0.87,4,0,0
19,2,614,325,43,57,0.86,4,0,0
19,3,393,256,35,56,0.85,4,0,0
19,4,585,632,64,88,0.84,4,0,0
19,5,384,399,41,86,0.84,4,0,0
19,6,545,285,40,60,0.83,4,0,0
19,7,597,248,39,49,0.83,4,0,0
19,8,637,428,58,85,0.83,4,0,0
19,9,481,135,45,32,0.78,4,0,0
19,10,530,208,33,38,0.75,4,0,0
19,11,688,658,66,62,0.72,4,0,0
19,12,582,166,28,39,0.71,4,0,0
19,13,549,378,47,75,0.70,4,0,0
19,14,599,77,25,25,0.46,4,0,0
19,15,299,358,22,33,0.31,1,0,0
19,16,572,483,54,97,0.87,11,0,0
19,17,614,325,43,57,0.86,11,0,0
19,18,393,256,35,56,0.85,11,0,0
19,19,585,632,64,88,0.84,11,0,0
19,20,384,399,41,86,0.84,11,0,0
19,21,545,285,40,60,0.83,11,0,0
19,22,597,248,39,49,0.83,11,0,0
19,23,637,428,58,85,0.83,11,0,0
19,24,481,135,45,32,0.78,11,0,0
19,25,530,208,33,38,0.75,11,0,0
19,26,688,658,66,62,0.72,11,0,0
19,27,582,166,28,39,0.71,11,0,0
19,28,549,378,47,75,0.70,11,0,0
19,29,599,77,25,25,0.46,11,0,0
19,30,299,358,22,33,0.31,11,0,0
20,1,573,487,53,99,0.87,4,0,0
20,2,615,326,43,57,0.86,4,0,0
20,3,383,422,43,86,0.86,4,0,0
20,4,545,288,42,59,0.84,4,0,0
20,5,598,250,39,48,0.83,4,0,0
20,6,586,637,63,82,0.82,4,0,0
20,7,392,267,37,60,0.82,4,0,0
20,8,550,382,48,76,0.80,4,0,0
20,9,638,430,58,83,0.80,4,0,0
20,10,475,135,46,32,0.79,4,0,0
20,11,582,168,30,38,0.75,4,0,0
20,12,530,207,34,39,0.75,4,0,0
20,13,599,77,24,25,0.53,4,0,0
20,14,689,662,64,58,0.52,4,0,0
20,15,301,361,21,34,0.33,1,0,0
20,16,573,487,53,99,0.87,11,0,0
20,17,615,326,43,57,0.86,11,0,0
20,18,383,422,43,86,0.86,11,0,0
20,19,545,288,42,59,0.84,11,0,0
20,20,598,250,39,48,0.83,11,0,0
20,21,586,637,63,82,0.82,11,0,0
20,22,392,267,37,60,0.82,11,0,0
20,23,550,382,48,76,0.80,11,0,0
20,24,638,430,58,83,0.80,11,0,0
20,25,475,135,46,32,0.79,11,0,0
20,26,582,168,30,38,0.75,11,0,0
20,27,530,207,34,39,0.75,11,0,0
20,28,599,77,24,25,0.53,11,0,0
20,29,689,662,64,58,0.52,11,0,0
20,30,301,361,21,34,0.33,11,0,0
21,1,616,328,43,57,0.86,4,0,0
21,2,574,494,54,98,0.86,4,0,0
21,3,381,445,47,91,0.85,4,0,0
21,4,393,283,36,61,0.85,4,0,0
21,5,599,252,39,49,0.83,4,0,0
21,6,552,386,47,77,0.80,4,0,0
21,7,587,643,62,77,0.80,4,0,0
21,8,639,431,57,83,0.78,4,0,0
21,9,471,134,45,31,0.77,4,0,0
21,10,548,290,40,61,0.77,4,0,0
21,11,583,171,29,38,0.74,4,0,0
21,12,532,211,34,35,0.66,4,0,0
21,13,600,78,26,23,0.43,4,0,0
21,14,689,667,64,52,0.41,4,0,0
21,15,616,328,43,57,0.86,11,0,0
21,16,574,494,54,98,0.86,11,0,0
21,17,381,445,47,91,0.85,11,0,0
21,18,393,283,36,61,0.85,11,0,0
21,19,599,252,39,49,0.83,11,0,0
21,20,552,386,47,77,0.80,11,0,0
21,21,587,643,62,77,0.80,11,0,0
21,22,639,431,57,83,0.78,11,0,0
21,23,471,134,45,31,0.77,11,0,0
21,24,548,290,40,61,0.77,11,0,0
21,25,583,171,29,38,0.74,11,0,0
21,26,532,211,34,35,0.66,11,0,0
21,27,600,78,26,23,0.43,11,0,0
21,28,689,667,64,52,0.41,11,0,0
22,1,575,498,54,99,0.86,4,0,0
22,2,378,470,49,97,0.84,4,0,0
22,3,617,331,42,54,0.84,4,0,0
22,4,588,649,60,71,0.82,4,0,0
22,5,547,291,42,61,0.82,4,0,0
22,6,599,253,40,49,0.81,4,0,0
22,7,393,295,37,64,0.78,4,0,0
22,8,465,134,47,31,0.77,4,0,0
22,9,639,432,57,84,0.74,4,0,0
22,10,532,211,35,34,0.66,4,0,0
22,11,553,392,47,74,0.64,4,0,0
22,12,585,170,29,37,0.56,4,0,0
22,13,602,77,25,23,0.49,4,0,0
22,14,690,671,62,48,0.48,4,0,0
22,15,990,127,193,106,0.31,6,0,0
22,16,575,498,54,99,0.86,11,0,0
22,17,378,470,49,97,0.84,11,0,0
22,18,617,331,42,54,0.84,11,0,0
22,19,588,649,60,71,0.82,11,0,0
22,20,547,291,42,61,0.82,11,0,0
22,21,599,253,40,49,0.81,11,0,0
22,22,393,295,37,64,0.78,11,0,0
22,23,465,134,47,31,0.77,11,0,0
22,24,639,432,57,84,0.74,11,0,0
22,25,532,211,35,34,0.66,11,0,0
22,26,553,392,47,74,0.64,11,0,0
22,27,585,170,29,37,0.56,11,0,0
22,28,602,77,25,23,0.49,11,0,0
22,29,690,671,62,48,0.48,11,0,0
22,30,990,127,193,106,0.31,11,0,0
23,1,376,496,50,101,0.89,4,0,0
23,2,576,504,53,101,0.89,4,0,0
23,3,617,331,42,55,0.84,4,0,0
23,4,394,309,36,64,0.84,4,0,0
23,5,600,253,39,49,0.79,4,0,0
23,6,458,134,46,30,0.79,4,0,0
23,7,548,292,41,60,0.78,4,0,0
23,8,588,655,61,65,0.77,4,0,0
23,9,639,434,56,82,0.73,4,0,0
23,10,530,206,38,43,0.58,4,0,0
23,11,689,674,62,46,0.49,4,0,0
23,12,553,394,47,76,0.48,4,0,0
23,13,604,77,20,23,0.32,4,0,0
23,14,587,174,27,35,0.31,4,0,0
23,15,376,496,50,101,0.89,11,0,0
23,16,576,504,53,101,0.89,11,0,0
23,17,617,331,42,55,0.84,11,0,0
23,18,394,309,36,64,0.84,11,0,0
23,19,600,253,39,49,0.79,11,0,0
23,20,458,134,46,30,0.79,11,0,0
23,21,548,292,41,60,0.78,11,0,0
23,22,588,655,61,65,0.77,11,0,0
23,23,639,434,56,82,0.73,11,0,0
23,24,530,206,38,43,0.58,11,0,0
23,25,689,674,62,46,0.49,11,0,0
23,26,553,394,47,76,0.48,11,0,0
23,27,604,77,20,23,0.32,11,0,0
23,28,587,174,27,35,0.31,11,0,0
24,1,374,525,50,105,0.88,4,0,0
24,2,574,509,54,102,0.87,4,0,0
24,3,600,256,38,47,0.84,4,0,0
24,4,616,331,42,55,0.84,4,0,0
24,5,548,292,40,60,0.84,4,0,0
24,6,389,325,39,66,0.83,4,0,0
24,7,451,132,45,33,0.77,4,0,0
24,8,637,435,56,82,0.69,4,0,0
24,9,529,204,32,35,0.69,4,0,0
24,10,586,662,61,58,0.52,4,0,0
24,11,687,675,62,44,0.52,4,0,0
24,12,417,23,23,29,0.47,4,0,0
24,13,393,27,19,22,0.46,4,0,0
24,14,552,398,47,76,0.39,4,0,0
24,15,587,182,28,28,0.37,4,0,0
24,16,603,76,20,21,0.36,4,0,0
24,17,374,525,50,105,0.88,11,0,0
24,18,574,509,54,102,0.87,11,0,0
24,19,600,256,38,47,0.84,11,0,0
24,20,616,331,42,55,0.84,11,0,0
24,21,548,292,40,60,0.84,11,0,0
24,22,389,325,39,66,0.83,11,0,0
24,23,451,132,45,33,0.77,11,0,0
24,24,637,435,56,82,0.69,11,0,0
24,25,529,204,32,35,0.69,11,0,0
24,26,586,662,61,58,0.52,11,0,0
24,27,687,675,62,44,0.52,11,0,0
24,28,417,23,23,29,0.47,11,0,0
24,29,393,27,19,22,0.46,11,0,0
24,30,552,398,47,76,0.39,11,0,0
24,31,587,182,28,28,0.37,11,0,0
24,32,603,76,20,21,0.36,11,0,0
25,1,371,543,53,107,0.87,4,0,0
25,2,573,513,55,101,0.87,4,0,0
25,3,388,334,37,68,0.86,4,0,0
25,4,546,292,41,60,0.84,4,0,0
25,5,599,256,38,47,0.84,4,0,0
25,6,615,332,42,55,0.82,4,0,0
25,7,446,131,46,34,0.77,4,0,0
25,8,637,436,55,82,0.71,4,0,0
25,9,686,675,61,44,0.55,4,0,0
25,10,391,29,21,25,0.54,4,0,0
25,11,418,27,22,28,0.53,4,0,0
25,12,585,665,60,55,0.50,4,0,0
25,13,551,400,47,76,0.50,4,0,0
25,14,531,206,29,31,0.47,4,0,0
25,15,602,77,20,19,0.38,4,0,0
25,16,586,176,28,34,0.30,4,0,0
25,17,303,369,20,33,0.30,1,0,0
25,18,371,543,53,107,0.87,11,0,0
25,19,573,513,55,101,0.87,11,0,0
25,20,388,334,37,68,0.86,11,0,0
25,21,546,292,41,60,0.84,11,0,0
25,22,599,256,38,47,0.84,11,0,0
25,23,615,332,42,55,0.82,11,0,0
25,24,446,131,46,34,0.77,11,0,0
25,25,637,436,55,82,0.71,11,0,0
25,26,686,675,61,44,0.55,11,0,0
25,27,391,29,21,25,0.54,11,0,0
25,28,418,27,22,28,0.53,11,0,0
25,29,585,665,60,55,0.50,11,0,0
25,30,551,400,47,76,0.50,11,0,0
25,31,531,206,29,31,0.47,11,0,0
25,32,602,77,20,19,0.38,11,0,0
25,33,586,176,28,34,0.30,11,0,0
25,34,303,369,20,33,0.30,11,0,0
26,1,573,517,53,103,0.87,4,0,0
26,2,365,575,55,114,0.86,4,0,0
26,3,384,350,39,70,0.84,4,0,0
26,4,598,256,37,45,0.83,4,0,0
26,5,545,291,40,60,0.83,4,0,0
26,6,614,332,42,54,0.82,4,0,0
26,7,437,130,45,31,0.75,4,0,0
26,8,525,198,32,36,0.75,4,0,0
26,9,634,436,57,82,0.75,4,0,0
26,10,388,30,23,29,0.57,4,0,0
26,11,683,676,61,43,0.51,4,0,0
26,12,418,27,22,33,0.46,4,0,0
26,13,583,671,60,49,0.46,4,0,0
26,14,550,403,49,76,0.43,4,0,0
26,15,603,75,19,20,0.32,4,0,0
26,16,573,517,53,103,0.87,11,0,0
26,17,365,575,55,114,0.86,11,0,0
26,18,384,350,39,70,0.84,11,0,0
26,19,598,256,37,45,0.83,11,0,0
26,20,545,291,40,60,0.83,11,0,0
26,21,614,332,42,54,0.82,11,0,0
26,22,437,130,45,31,0.75,11,0,0
26,23,525,198,32,36,0.75,11,0,0
26,24,634,436,57,82,0.75,11,0,0
26,25,388,30,23,29,0.57,11,0,0
26,26,683,676,61,43,0.51,11,0,0
26,27,418,27,22,33,0.46,11,0,0
26,28,583,671,60,49,0.46,11,0,0
26,29,550,403,49,76,0.43,11,0,0
26,30,603,75,19,20,0.32,11,0,0
27,1,572,522,53,102,0.88,4,0,0
27,2,350,607,65,112,0.87,4,0,0
27,3,380,365,42,73,0.85,4,0,0
27,4,614,332,41,53,0.82,4,0,0
27,5,598,253,37,48,0.82,4,0,0
27,6,545,290,40,58,0.81,4,0,0
27,7,430,128,44,32,0.74,4,0,0
27,8,634,436,56,82,0.71,4,0,0
27,9,514,194,38,37,0.65,4,0,0
27,10,419,39,22,26,0.62,4,0,0
27,11,385,32,25,31,0.60,4,0,0
27,12,551,406,47,75,0.53,4,0,0
27,13,453,19,22,28,0.44,4,0,0
27,14,582,677,57,42,0.41,4,0,0
27,15,680,674,63,45,0.32,4,0,0
27,16,303,370,18,30,0.25,1,0,0
27,17,572,522,53,102,0.88,11,0,0
27,18,350,607,65,112,0.87,11,0,0
27,19,380,365,42,73,0.85,11,0,0
27,20,614,332,41,53,0.82,11,0,0
27,21,598,253,37,48,0.82,11,0,0
27,22,545,290,40,58,0.81,11,0,0
27,23,430,128,44,32,0.74,11,0,0
27,24,634,436,56,82,0.71,11,0,0
27,25,514,194,38,37,0.65,11,0,0
27,26,419,39,22,26,0.62,11,0,0
27,27,385,32,25,31,0.60,11,0,0
27,28,551,406,47,75,0.53,11,0,0
27,29,453,19,22,28,0.44,11,0,0
27,30,582,677,57,42,0.41,11,0,0
27,31,680,674,63,45,0.32,11,0,0
27,32,303,370,18,30,0.25,11,0,0
28,1,572,527,53,102,0.88,4,0,0
28,2,613,332,41,53,0.84,4,0,0
28,3,376,383,44,74,0.83,4,0,0
28,4,545,290,39,56,0.80,4,0,0
28,5,598,254,36,46,0.79,4,0,0
28,6,513,191,39,34,0.76,4,0,0
28,7,421,127,46,30,0.76,4,0,0
28,8,632,437,57,82,0.69,4,0,0
28,9,349,642,61,77,0.68,4,0,0
28,10,550,409,48,76,0.65,4,0,0
28,11,419,41,22,28,0.50,4,0,0
28,12,384,34,26,32,0.44,4,0,0
28,13,454,22,22,28,0.40,4,0,0
28,14,581,682,55,38,0.32,4,0,0
28,15,678,673,62,46,0.27,4,0,0
28,16,572,527,53,102,0.88,11,0,0
28,17,613,332,41,53,0.84,11,0,0
28,18,376,383,44,74,0.83,11,0,0
28,19,545,290,39,56,0.80,11,0,0
28,20,598,254,36,46,0.79,11,0,0
28,21,513,191,39,34,0.76,11,0,0
28,22,421,127,46,30,0.76,11,0,0
28,23,632,437,57,82,0.69,11,0,0
28,24,349,642,61,77,0.68,11,0,0
28,25,550,409,48,76,0.65,11,0,0
28,26,419,41,22,28,0.50,11,0,0
28,27,384,34,26,32,0.44,11,0,0
28,28,454,22,22,28,0.40,11,0,0
28,29,581,682,55,38,0.32,11,0,0
28,30,678,673,62,46,0.27,11,0,0
29,1,572,531,52,104,0.87,4,0,0
29,2,373,401,47,78,0.85,4,0,0
29,3,613,331,41,55,0.84,4,0,0
29,4,545,290,38,55,0.79,4,0,0
29,5,414,126,46,28,0.78,4,0,0
29,6,599,252,35,48,0.75,4,0,0
29,7,512,189,36,36,0.71,4,0,0
29,8,632,438,56,81,0.71,4,0,0
29,9,550,412,48,75,0.58,4,0,0
29,10,383,37,28,34,0.50,4,0,0
29,11,420,46,23,28,0.42,4,0,0
29,12,348,681,61,39,0.38,4,0,0
29,13,455,25,23,30,0.38,4,0,0
29,14,580,689,55,31,0.29,4,0,0
29,15,677,671,61,48,0.26,4,0,0
29,16,572,531,52,104,0.87,11,0,0
29,17,373,401,47,78,0.85,11,0,0
29,18,613,331,41,55,0.84,11,0,0
29,19,545,290,38,55,0.79,11,0,0
29,20,414,126,46,28,0.78,11,0,0
29,21,599,252,35,48,0.75,11,0,0
29,22,512,189,36,36,0.71,11,0,0
29,23,632,438,56,81,0.71,11,0,0
29,24,550,412,48,75,0.58,11,0,0
29,25,383,37,28,34,0.50,11,0,0
29,26,420,46,23,28,0.42,11,0,0
29,27,348,681,61,39,0.38,11,0,0
29,28,455,25,23,30,0.38,11,0,0
29,29,580,689,55,31,0.29,11,0,0
29,30,677,671,61,48,0.26,11,0,0
30,1,572,535,53,104,0.88,4,0,0
30,2,369,420,47,79,0.88,4,0,0
30,3,613,330,42,55,0.85,4,0,0
30,4,599,252,36,46,0.81,4,0,0
30,5,407,124,46,29,0.80,4,0,0
30,6,546,289,38,55,0.76,4,0,0
30,7,632,438,56,81,0.75,4,0,0
30,8,551,413,47,75,0.73,4,0,0
30,9,422,50,23,29,0.67,4,0,0
30,10,675,670,61,49,0.47,4,0,0
30,11,458,28,22,33,0.47,4,0,0
30,12,380,47,31,28,0.39,4,0,0
30,13,522,196,24,25,0.28,4,0,0
30,14,572,535,53,104,0.88,11,0,0
30,15,369,420,47,79,0.88,11,0,0
30,16,613,330,42,55,0.85,11,0,0
30,17,599,252,36,46,0.81,11,0,0
30,18,407,124,46,29,0.80,11,0,0
30,19,546,289,38,55,0.76,11,0,0
30,20,632,438,56,81,0.75,11,0,0
30,21,551,413,47,75,0.73,11,0,0
30,22,422,50,23,29,0.67,11,0,0
30,23,675,670,61,49,0.47,11,0,0
30,24,458,28,22,33,0.47,11,0,0
30,25,380,47,31,28,0.39,11,0,0
30,26,522,196,24,25,0.28,11,0,0
31,1,572,539,53,105,0.90,4,0,0
31,2,367,437,48,87,0.89,4,0,0
31,3,614,330,40,54,0.86,4,0,0
31,4,399,121,47,30,0.80,4,0,0
31,5,599,252,36,44,0.80,4,0,0
31,6,632,438,56,81,0.72,4,0,0
31,7,550,414,48,75,0.72,4,0,0
31,8,499,179,40,32,0.68,4,0,0
31,9,379,53,32,25,0.66,4,0,0
31,10,546,287,38,54,0.63,4,0,0
31,11,425,58,21,25,0.60,4,0,0
31,12,460,33,22,32,0.51,4,0,0
31,13,586,167,29,52,0.26,4,0,0
31,14,572,539,53,105,0.90,11,0,0
31,15,367,437,48,87,0.89,11,0,0
31,16,614,330,40,54,0.86,11,0,0
31,17,399,121,47,30,0.80,11,0,0
31,18,599,252,36,44,0.80,11,0,0
31,19,632,438,56,81,0.72,11,0,0
31,20,550,414,48,75,0.72,11,0,0
31,21,499,179,40,32,0.68,11,0,0
31,22,379,53,32,25,0.66,11,0,0
31,23,546,287,38,54,0.63,11,0,0
31,24,425,58,21,25,0.60,11,0,0
31,25,460,33,22,32,0.51,11,0,0
31,26,586,167,29,52,0.26,11,0,0
32,1,573,543,52,105,0.88,4,0,0
32,2,362,460,50,90,0.87,4,0,0
32,3,614,330,41,54,0.85,4,0,0
32,4,600,252,36,43,0.81,4,0,0
32,5,392,122,45,27,0.78,4,0,0
32,6,492,176,44,32,0.78,4,0,0
32,7,632,438,56,81,0.72,4,0,0
32,8,546,286,39,54,0.60,4,0,0
32,9,427,58,22,30,0.59,4,0,0
32,10,464,45,21,25,0.55,4,0,0
32,11,378,58,33,24,0.52,4,0,0
32,12,551,415,47,76,0.50,4,0,0
32,13,673,668,61,50,0.31,4,0,0
32,14,573,543,52,105,0.88,11,0,0
32,15,362,460,50,90,0.87,11,0,0
32,16,614,330,41,54,0.85,11,0,0
32,17,600,252,36,43,0.81,11,0,0
32,18,392,122,45,27,0.78,11,0,0
32,19,492,176,44,32,0.78,11,0,0
32,20,632,438,56,81,0.72,11,0,0
32,21,546,286,39,54,0.60,11,0,0
32,22,427,58,22,30,0.59,11,0,0
32,23,464,45,21,25,0.55,11,0,0
32,24,378,58,33,24,0.52,11,0,0
32,25,551,415,47,76,0.50,11,0,0
32,26,673,668,61,50,0.31,11,0,0
33,1,360,473,48,93,0.87,4,0,0
33,2,572,545,53,106,0.87,4,0,0
33,3,615,329,40,53,0.85,4,0,0
33,4,489,174,43,32,0.82,4,0,0
33,5,600,252,36,43,0.81,4,0,0
33,6,386,119,45,28,0.76,4,0,0
33,7,632,438,56,80,0.74,4,0,0
33,8,427,60,23,32,0.65,4,0,0
33,9,464,47,22,26,0.63,4,0,0
33,10,672,668,61,51,0.59,4,0,0
33,11,378,60,33,25,0.55,4,0,0
33,12,552,417,46,75,0.54,4,0,0
33,13,547,284,38,55,0.40,4,0,0
33,14,832,32,41,17,0.35,4,0,0
33,15,588,168,29,35,0.34,4,0,0
33,16,547,254,38,84,0.28,4,0,0
33,17,422,194,17,26,0.28,1,0,0
33,18,360,473,48,93,0.87,11,0,0
33,19,572,545,53,106,0.87,11,0,0
33,20,615,329,40,53,0.85,11,0,0
33,21,489,174,43,32,0.82,11,0,0
33,22,600,252,36,43,0.81,11,0,0
33,23,386,119,45,28,0.76,11,0,0
33,24,632,438,56,80,0.74,11,0,0
33,25,427,60,23,32,0.65,11,0,0
33,26,464,47,22,26,0.63,11,0,0
33,27,672,668,61,51,0.59,11,0,0
33,28,378,60,33,25,0.55,11,0,0
33,29,552,417,46,75,0.54,11,0,0
33,30,547,284,38,55,0.40,11,0,0
33,31,832,32,41,17,0.35,11,0,0
33,32,588,168,29,35,0.34,11,0,0
33,33,547,254,38,84,0.28,11,0,0
33,34,422,194,17,26,0.28,11,0,0
34,1,574,549,52,106,0.89,4,0,0
34,2,355,498,52,97,0.87,4,0,0
34,3,615,329,40,53,0.86,4,0,0
34,4,603,251,34,44,0.81,4,0,0
34,5,378,121,46,25,0.80,4,0,0
34,6,481,171,45,29,0.80,4,0,0
34,7,466,53,22,26,0.72,4,0,0
34,8,632,438,56,81,0.70,4,0,0
34,9,429,68,23,28,0.68,4,0,0
34,10,589,168,29,33,0.65,4,0,0
34,11,672,668,61,51,0.64,4,0,0
34,12,548,259,37,78,0.62,4,0,0
34,13,553,419,45,73,0.50,4,0,0
34,14,375,64,35,25,0.46,4,0,0
34,15,574,549,52,106,0.89,11,0,0
34,16,355,498,52,97,0.87,11,0,0
34,17,615,329,40,53,0.86,11,0,0
34,18,603,251,34,44,0.81,11,0,0
34,19,378,121,46,25,0.80,11,0,0
34,20,481,171,45,29,0.80,11,0,0
34,21,466,53,22,26,0.72,11,0,0
34,22,632,438,56,81,0.70,11,0,0
34,23,429,68,23,28,0.68,11,0,0
34,24,589,168,29,33,0.65,11,0,0
34,25,672,668,61,51,0.64,11,0,0
34,26,548,259,37,78,0.62,11,0,0
34,27,553,419,45,73,0.50,11,0,0
34,28,375,64,35,25,0.46,11,0,0
35,1,574,553,52,107,0.88,4,0,0
35,2,351,523,53,101,0.88,4,0,0
35,3,616,329,40,53,0.85,4,0,0
35,4,602,250,36,44,0.81,4,0,0
35,5,473,168,46,31,0.81,4,0,0
35,6,634,439,54,80,0.75,4,0,0
35,7,370,119,45,27,0.72,4,0,0
35,8,431,72,23,29,0.70,4,0,0
35,9,591,168,28,33,0.68,4,0,0
35,10,469,56,22,29,0.65,4,0,0
35,11,373,68,37,25,0.62,4,0,0
35,12,672,671,61,48,0.58,4,0,0
35,13,549,275,37,60,0.58,4,0,0
35,14,554,421,45,73,0.47,4,0,0
35,15,837,36,42,20,0.28,4,0,0
35,16,574,553,52,107,0.88,11,0,0
35,17,351,523,53,101,0.88,11,0,0
35,18,616,329,40,53,0.85,11,0,0
35,19,602,250,36,44,0.81,11,0,0
35,20,473,168,46,31,0.81,11,0,0
35,21,634,439,54,80,0.75,11,0,0
35,22,370,119,45,27,0.72,11,0,0
35,23,431,72,23,29,0.70,11,0,0
35,24,591,168,28,33,0.68,11,0,0
35,25,469,56,22,29,0.65,11,0,0
35,26,373,68,37,25,0.62,11,0,0
35,27,672,671,61,48,0.58,11,0,0
35,28,549,275,37,60,0.58,11,0,0
35,29,554,421,45,73,0.47,11,0,0
35,30,837,36,42,20,0.28,11,0,0
36,1,346,553,54,108,0.90,4,0,0
36,2,574,558,53,108,0.88,4,0,0
36,3,617,329,40,53,0.86,4,0,0
36,4,604,249,35,46,0.81,4,0,0
36,5,466,166,46,32,0.80,4,0,0
36,6,550,267,37,66,0.78,4,0,0
36,7,360,122,46,25,0.77,4,0,0
36,8,634,440,54,80,0.75,4,0,0
36,9,591,168,29,33,0.70,4,0,0
36,10,433,76,23,32,0.69,4,0,0
36,11,670,673,62,46,0.60,4,0,0
36,12,372,72,37,25,0.58,4,0,0
36,13,471,60,22,31,0.49,4,0,0
36,14,555,421,45,76,0.39,4,0,0
36,15,841,40,41,18,0.32,4,0,0
36,16,427,204,14,28,0.25,1,0,0
36,17,346,553,54,108,0.90,11,0,0
36,18,574,558,53,108,0.88,11,0,0
36,19,617,329,40,53,0.86,11,0,0
36,20,604,249,35,46,0.81,11,0,0
36,21,466,166,46,32,0.80,11,0,0
36,22,550,267,37,66,0.78,11,0,0
36,23,360,122,46,25,0.77,11,0,0
36,24,634,440,54,80,0.75,11,0,0
36,25,591,168,29,33,0.70,11,0,0
36,26,433,76,23,32,0.69,11,0,0
36,27,670,673,62,46,0.60,11,0,0
36,28,372,72,37,25,0.58,11,0,0
36,29,471,60,22,31,0.49,11,0,0
36,30,555,421,45,76,0.39,11,0,0
36,31,841,40,41,18,0.32,11,0,0
36,32,427,204,14,28,0.25,11,0,0
37,1,574,564,53,108,0.85,4,0,0
37,2,618,330,40,53,0.85,4,0,0
37,3,339,585,56,117,0.84,4,0,0
37,4,459,166,44,28,0.79,4,0,0
37,5,605,249,34,46,0.79,4,0,0
37,6,551,274,36,56,0.76,4,0,0
37,7,593,168,29,33,0.71,4,0,0
37,8,353,121,44,27,0.71,4,0,0
37,9,634,441,54,80,0.70,4,0,0
37,10,435,83,22,31,0.66,4,0,0
37,11,370,76,39,25,0.63,4,0,0
37,12,473,66,22,32,0.47,4,0,0
37,13,427,208,15,29,0.41,1,0,0
37,14,843,44,41,18,0.41,4,0,0
37,15,671,674,60,46,0.38,4,0,0
37,16,555,423,45,75,0.36,4,0,0
37,17,574,564,53,108,0.85,11,0,0
37,18,618,330,40,53,0.85,11,0,0
37,19,339,585,56,117,0.84,11,0,0
37,20,459,166,44,28,0.79,11,0,0
37,21,605,249,34,46,0.79,11,0,0
37,22,551,274,36,56,0.76,11,0,0
37,23,593,168,29,33,0.71,11,0,0
37,24,353,121,44,27,0.71,11,0,0
37,25,634,441,54,80,0.70,11,0,0
37,26,435,83,22,31,0.66,11,0,0
37,27,370,76,39,25,0.63,11,0,0
37,28,473,66,22,32,0.47,11,0,0
37,29,427,208,15,29,0.41,11,0,0
37,30,843,44,41,18,0.41,11,0,0
37,31,671,674,60,46,0.38,11,0,0
37,32,555,423,45,75,0.36,11,0,0
38,1,619,331,39,53,0.82,4,0,0
38,2,551,278,36,50,0.80,4,0,0
38,3,449,164,46,30,0.78,4,0,0
38,4,606,250,33,45,0.78,4,0,0
38,5,575,568,52,110,0.78,4,0,0
38,6,335,620,56,98,0.77,4,0,0
38,7,337,124,50,25,0.74,4,0,0
38,8,634,441,54,81,0.70,4,0,0
38,9,435,88,23,33,0.62,4,0,0
38,10,474,72,23,34,0.47,4,0,0
38,11,365,82,41,24,0.43,4,0,0
38,12,593,168,28,32,0.43,4,0,0
38,13,556,424,43,76,0.37,4,0,0
38,14,844,47,42,18,0.35,4,0,0
38,15,672,678,57,42,0.34,4,0,0
38,16,427,212,15,30,0.32,1,0,0
38,17,619,331,39,53,0.82,11,0,0
38,18,551,278,36,50,0.80,11,0,0
38,19,449,164,46,30,0.78,11,0,0
38,20,606,250,33,45,0.78,11,0,0
38,21,575,568,52,110,0.78,11,0,0
38,22,335,620,56,98,0.77,11,0,0
38,23,337,124,50,25,0.74,11,0,0
38,24,634,441,54,81,0.70,11,0,0
38,25,435,88,23,33,0.62,11,0,0
38,26,474,72,23,34,0.47,11,0,0
38,27,365,82,41,24,0.43,11,0,0
38,28,593,168,28,32,0.43,11,0,0
38,29,556,424,43,76,0.37,11,0,0
38,30,844,47,42,18,0.35,11,0,0
38,31,672,678,57,42,0.34,11,0,0
38,32,427,212,15,30,0.32,11,0,0
39,1,574,574,53,111,0.83,4,0,0
39,2,618,331,39,54,0.83,4,0,0
39,3,439,164,47,30,0.80,4,0,0
39,4,550,277,37,50,0.79,4,0,0
39,5,326,125,50,27,0.76,4,0,0
39,6,435,94,24,34,0.68,4,0,0
39,7,607,252,31,45,0.68,4,0,0
39,8,635,442,53,82,0.66,4,0,0
39,9,361,86,42,24,0.64,4,0,0
39,10,474,78,23,35,0.58,4,0,0
39,11,333,662,54,57,0.54,4,0,0
39,12,845,49,42,19,0.50,4,0,0
39,13,594,168,28,32,0.49,4,0,0
39,14,671,682,58,37,0.47,4,0,0
39,15,555,425,44,75,0.34,4,0,0
39,16,427,215,15,33,0.31,1,0,0
39,17,574,574,53,111,0.83,11,0,0
39,18,618,331,39,54,0.83,11,0,0
39,19,439,164,47,30,0.80,11,0,0
39,20,550,277,37,50,0.79,11,0,0
39,21,326,125,50,27,0.76,11,0,0
39,22,435,94,24,34,0.68,11,0,0
39,23,607,252,31,45,0.68,11,0,0
39,24,635,442,53,82,0.66,11,0,0
39,25,361,86,42,24,0.64,11,0,0
39,26,474,78,23,35,0.58,11,0,0
39,27,333,662,54,57,0.54,11,0,0
39,28,845,49,42,19,0.50,11,0,0
39,29,594,168,28,32,0.49,11,0,0
39,30,671,682,58,37,0.47,11,0,0
39,31,555,425,44,75,0.34,11,0,0
39,32,427,215,15,33,0.31,11,0,0
40,1,430,163,46,30,0.82,4,0,0
40,2,618,332,39,53,0.79,4,0,0
40,3,434,99,25,34,0.77,4,0,0
40,4,574,578,53,110,0.76,4,0,0
40,5,551,277,35,49,0.73,4,0,0
40,6,634,445,54,80,0.71,4,0,0
40,7,607,254,31,40,0.66,4,0,0
40,8,475,85,23,36,0.60,4,0,0
40,9,848,53,40,19,0.57,4,0,0
40,10,594,169,28,32,0.56,4,0,0
40,11,314,128,50,25,0.49,4,0,0
40,12,358,90,43,24,0.48,4,0,0
40,13,555,426,43,75,0.47,4,0,0
40,14,439,66,19,19,0.26,4,0,0
40,15,430,163,46,30,0.82,11,0,0
40,16,618,332,39,53,0.79,11,0,0
40,17,434,99,25,34,0.77,11,0,0
40,18,574,578,53,110,0.76,11,0,0
40,19,551,277,35,49,0.73,11,0,0
40,20,634,445,54,80,0.71,11,0,0
40,21,607,254,31,40,0.66,11,0,0
40,22,475,85,23,36,0.60,11,0,0
40,23,848,53,40,19,0.57,11,0,0
40,24,594,169,28,32,0.56,11,0,0
40,25,314,128,50,25,0.49,11,0,0
40,26,358,90,43,24,0.48,11,0,0
40,27,555,426,43,75,0.47,11,0,0
40,28,439,66,19,19,0.26,11,0,0
41,1,575,580,52,112,0.81,4,0,0
41,2,424,163,46,29,0.80,4,0,0
41,3,618,333,39,53,0.77,4,0,0
41,4,434,102,24,35,0.76,4,0,0
41,5,606,256,32,38,0.75,4,0,0
41,6,551,277,35,47,0.73,4,0,0
41,7,634,445,53,81,0.71,4,0,0
41,8,355,92,44,25,0.61,4,0,0
41,9,594,169,29,32,0.60,4,0,0
41,10,475,88,24,36,0.59,4,0,0
41,11,305,124,50,29,0.56,4,0,0
41,12,848,56,41,18,0.44,4,0,0
41,13,555,427,44,75,0.42,4,0,0
41,14,440,67,18,21,0.28,4,0,0
41,15,684,306,15,25,0.27,1,0,0
41,16,575,580,52,112,0.81,11,0,0
41,17,424,163,46,29,0.80,11,0,0
41,18,618,333,39,53,0.77,11,0,0
41,19,434,102,24,35,0.76,11,0,0
41,20,606,256,32,38,0.75,11,0,0
41,21,551,277,35,47,0.73,11,0,0
41,22,634,445,53,81,0.71,11,0,0
41,23,355,92,44,25,0.61,11,0,0
41,24,594,169,29,32,0.60,11,0,0
41,25,475,88,24,36,0.59,11,0,0
41,26,305,124,50,29,0.56,11,0,0
41,27,848,56,41,18,0.44,11,0,0
41,28,555,427,44,75,0.42,11,0,0
41,29,440,67,18,21,0.28,11,0,0
41,30,684,306,15,25,0.27,11,0,0
42,1,618,334,39,52,0.78,4,0,0
42,2,414,162,46,29,0.75,4,0,0
42,3,574,585,53,110,0.75,4,0,0
42,4,607,253,32,41,0.73,4,0,0
42,5,553,289,33,33,0.66,4,0,0
42,6,476,95,23,36,0.65,4,0,0
42,7,634,446,53,80,0.60,4,0,0
42,8,435,108,24,34,0.60,4,0,0
42,9,594,168,28,31,0.57,4,0,0
42,10,349,97,46,22,0.40,4,0,0
42,11,440,75,18,19,0.36,4,0,0
42,12,293,127,48,28,0.33,4,0,0
42,13,555,426,44,77,0.27,4,0,0
42,14,349,99,31,21,0.25,4,0,0
42,15,618,334,39,52,0.78,11,0,0
42,16,414,162,46,29,0.75,11,0,0
42,17,574,585,53,110,0.75,11,0,0
42,18,607,253,32,41,0.73,11,0,0
42,19,553,289,33,33,0.66,11,0,0
42,20,476,95,23,36,0.65,11,0,0
42,21,634,446,53,80,0.60,11,0,0
42,22,435,108,24,34,0.60,11,0,0
42,23,594,168,28,31,0.57,11,0,0
42,24,349,97,46,22,0.40,11,0,0
42,25,440,75,18,19,0.36,11,0,0
42,26,293,127,48,28,0.33,11,0,0
42,27,555,426,44,77,0.27,11,0,0
42,28,349,99,31,21,0.25,11,0,0
43,1,618,334,39,52,0.79,4,0,0
43,2,574,587,53,114,0.79,4,0,0
43,3,404,161,47,29,0.77,4,0,0
43,4,608,252,31,42,0.76,4,0,0
43,5,552,274,34,48,0.75,4,0,0
43,6,435,114,24,33,0.72,4,0,0
43,7,343,100,47,24,0.63,4,0,0
43,8,477,100,24,40,0.58,4,0,0
43,9,634,447,53,80,0.57,4,0,0
43,10,595,167,28,32,0.55,4,0,0
43,11,440,82,19,19,0.49,4,0,0
43,12,554,423,45,78,0.34,4,0,0
43,13,852,61,41,18,0.32,4,0,0
43,14,618,334,39,52,0.79,11,0,0
43,15,574,587,53,114,0.79,11,0,0
43,16,404,161,47,29,0.77,11,0,0
43,17,608,252,31,42,0.76,11,0,0
43,18,552,274,34,48,0.75,11,0,0
43,19,435,114,24,33,0.72,11,0,0
43,20,343,100,47,24,0.63,11,0,0
43,21,477,100,24,40,0.58,11,0,0
43,22,634,447,53,80,0.57,11,0,0
43,23,595,167,28,32,0.55,11,0,0
43,24,440,82,19,19,0.49,11,0,0
43,25,554,423,45,78,0.34,11,0,0
43,26,852,61,41,18,0.32,11,0,0
44,1,395,161,45,27,0.78,4,0,0
44,2,575,589,52,115,0.77,4,0,0
44,3,435,118,25,35,0.73,4,0,0
44,4,479,107,24,38,0.70,4,0,0
44,5,618,334,39,52,0.66,4,0,0
44,6,606,253,33,41,0.64,4,0,0
44,7,336,104,50,24,0.63,4,0,0
44,8,634,447,53,80,0.60,4,0,0
44,9,439,86,21,20,0.56,4,0,0
44,10,595,166,28,32,0.54,4,0,0
44,11,554,425,44,76,0.48,4,0,0
44,12,552,270,33,52,0.46,4,0,0
44,13,267,134,47,24,0.45,4,0,0
44,14,853,64,43,19,0.44,4,0,0
44,15,1051,208,214,126,0.39,6,0,0
44,16,395,161,45,27,0.78,11,0,0
44,17,575,589,52,115,0.77,11,0,0
44,18,435,118,25,35,0.73,11,0,0
44,19,479,107,24,38,0.70,11,0,0
44,20,618,334,39,52,0.66,11,0,0
44,21,606,253,33,41,0.64,11,0,0
44,22,336,104,50,24,0.63,11,0,0
44,23,634,447,53,80,0.60,11,0,0
44,24,439,86,21,20,0.56,11,0,0
44,25,595,166,28,32,0.54,11,0,0
44,26,554,425,44,76,0.48,11,0,0
44,27,552,270,33,52,0.46,11,0,0
44,28,267,134,47,24,0.45,11,0,0
44,29,853,64,43,19,0.44,11,0,0
44,30,1051,208,214,126,0.39,11,0,0
45,1,382,161,49,27,0.80,4,0,0
45,2,575,592,53,117,0.76,4,0,0
45,3,435,125,26,36,0.74,4,0,0
45,4,329,109,50,23,0.73,4,0,0
45,5,480,115,24,38,0.67,4,0,0
45,6,634,448,53,80,0.67,4,0,0
45,7,440,88,22,24,0.65,4,0,0
45,8,619,335,38,51,0.65,4,0,0
45,9,553,269,30,45,0.61,4,0,0
45,10,596,166,28,32,0.60,4,0,0
45,11,555,425,42,74,0.59,4,0,0
45,12,606,254,32,41,0.54,4,0,0
45,13,856,67,42,19,0.40,4,0,0
45,14,250,135,47,26,0.29,4,0,0
45,15,382,161,49,27,0.80,11,0,0
45,16,575,592,53,117,0.76,11,0,0
45,17,435,125,26,36,0.74,11,0,0
45,18,329,109,50,23,0.73,11,0,0
45,19,480,115,24,38,0.67,11,0,0
45,20,634,448,53,80,0.67,11,0,0
45,21,440,88,22,24,0.65,11,0,0
45,22,619,335,38,51,0.65,11,0,0
45,23,553,269,30,45,0.61,11,0,0
45,24,596,166,28,32,0.60,11,0,0
45,25,555,425,42,74,0.59,11,0,0
45,26,606,254,32,41,0.54,11,0,0
45,27,856,67,42,19,0.40,11,0,0
45,28,250,135,47,26,0.29,11,0,0
46,1,371,162,51,26,0.77,4,0,0
46,2,607,252,33,40,0.70,4,0,0
46,3,554,266,31,44,0.70,4,0,0
46,4,436,131,25,34,0.68,4,0,0
46,5,576,593,53,117,0.66,4,0,0
46,6,322,113,49,22,0.65,4,0,0
46,7,481,122,25,39,0.64,4,0,0
46,8,597,166,27,31,0.63,4,0,0
46,9,635,449,52,80,0.58,4,0,0
46,10,845,232,430,428,0.52,6,0,0
46,11,858,69,43,21,0.44,4,0,0
46,12,619,324,39,62,0.44,4,0,0
46,13,238,139,47,21,0.40,4,0,0
46,14,556,425,42,73,0.35,4,0,0
46,15,441,94,21,24,0.32,4,0,0
46,16,1057,217,220,133,0.27,6,0,0
46,17,371,162,51,26,0.77,11,0,0
46,18,607,252,33,40,0.70,11,0,0
46,19,554,266,31,44,0.70,11,0,0
46,20,436,131,25,34,0.68,11,0,0
46,21,576,593,53,117,0.66,11,0,0
46,22,322,113,49,22,0.65,11,0,0
46,23,481,122,25,39,0.64,11,0,0
46,24,597,166,27,31,0.63,11,0,0
46,25,635,449,52,80,0.58,11,0,0
46,26,845,232,430,428,0.52,11,0,0
46,27,858,69,43,21,0.44,11,0,0
46,28,619,324,39,62,0.44,11,0,0
46,29,238,139,47,21,0.40,11,0,0
46,30,556,425,42,73,0.35,11,0,0
46,31,441,94,21,24,0.32,11,0,0
46,32,1057,217,220,133,0.27,11,0,0
47,1,553,263,33,44,0.74,4,0,0
47,2,362,160,49,27,0.72,4,0,0
47,3,314,116,51,24,0.71,4,0,0
47,4,436,137,25,36,0.69,4,0,0
47,5,607,251,33,41,0.68,4,0,0
47,6,576,594,53,117,0.66,4,0,0
47,7,218,141,54,21,0.65,4,0,0
47,8,636,449,52,80,0.61,4,0,0
47,9,441,97,20,26,0.58,4,0,0
47,10,620,324,39,62,0.57,4,0,0
47,11,483,130,24,40,0.57,4,0,0
47,12,860,72,43,20,0.56,4,0,0
47,13,598,165,27,31,0.52,4,0,0
47,14,555,425,43,69,0.43,4,0,0
47,15,553,263,33,44,0.74,11,0,0
47,16,362,160,49,27,0.72,11,0,0
47,17,314,116,51,24,0.71,11,0,0
47,18,436,137,25,36,0.69,11,0,0
47,19,607,251,33,41,0.68,11,0,0
47,20,576,594,53,117,0.66,11,0,0
47,21,218,141,54,21,0.65,11,0,0
47,22,636,449,52,80,0.61,11,0,0
47,23,441,97,20,26,0.58,11,0,0
47,24,620,324,39,62,0.57,11,0,0
47,25,483,130,24,40,0.57,11,0,0
47,26,860,72,43,20,0.56,11,0,0
47,27,598,165,27,31,0.52,11,0,0
47,28,555,425,43,69,0.43,11,0,0
48,1,576,596,53,115,0.79,4,0,0
48,2,553,260,34,45,0.77,4,0,0
48,3,352,160,47,27,0.76,4,0,0
48,4,436,141,26,38,0.73,4,0,0
48,5,485,139,25,42,0.72,4,0,0
48,6,305,120,53,23,0.71,4,0,0
48,7,621,321,38,65,0.64,4,0,0
48,8,636,450,53,80,0.64,4,0,0
48,9,599,164,27,31,0.63,4,0,0
48,10,607,250,35,40,0.56,4,0,0
48,11,204,142,52,23,0.52,4,0,0
48,12,863,75,42,20,0.52,4,0,0
48,13,441,101,21,27,0.52,4,0,0
48,14,556,423,42,71,0.44,4,0,0
48,15,850,242,429,455,0.26,6,0,0
48,16,576,596,53,115,0.79,11,0,0
48,17,553,260,34,45,0.77,11,0,0
48,18,352,160,47,27,0.76,11,0,0
48,19,436,141,26,38,0.73,11,0,0
48,20,485,139,25,42,0.72,11,0,0
48,21,305,120,53,23,0.71,11,0,0
48,22,621,321,38,65,0.64,11,0,0
48,23,636,450,53,80,0.64,11,0,0
48,24,599,164,27,31,0.63,11,0,0
48,25,607,250,35,40,0.56,11,0,0
48,26,204,142,52,23,0.52,11,0,0
48,27,863,75,42,20,0.52,11,0,0
48,28,441,101,21,27,0.52,11,0,0
48,29,556,423,42,71,0.44,11,0,0
48,30,850,242,429,455,0.26,11,0,0
49,1,436,145,26,37,0.74,4,0,0
49,2,555,260,31,42,0.74,4,0,0
49,3,345,161,48,26,0.74,4,0,0
49,4,486,145,25,41,0.73,4,0,0
49,5,576,596,54,116,0.70,4,0,0
49,6,621,327,39,59,0.66,4,0,0
49,7,599,164,27,30,0.65,4,0,0
49,8,299,123,53,23,0.64,4,0,0
49,9,637,451,52,79,0.64,4,0,0
49,10,607,251,35,39,0.62,4,0,0
49,11,557,422,42,71,0.62,4,0,0
49,12,195,143,52,22,0.45,4,0,0
49,13,864,78,43,18,0.39,4,0,0
49,14,441,108,22,24,0.37,4,0,0
49,15,436,145,26,37,0.74,11,0,0
49,16,555,260,31,42,0.74,11,0,0
49,17,345,161,48,26,0.74,11,0,0
49,18,486,145,25,41,0.73,11,0,0
49,19,576,596,54,116,0.70,11,0,0
49,20,621,327,39,59,0.66,11,0,0
49,21,599,164,27,30,0.65,11,0,0
49,22,299,123,53,23,0.64,11,0,0
49,23,637,451,52,79,0.64,11,0,0
49,24,607,251,35,39,0.62,11,0,0
49,25,557,422,42,71,0.62,11,0,0
49,26,195,143,52,22,0.45,11,0,0
49,27,864,78,43,18,0.39,11,0,0
49,28,441,108,22,24,0.37,11,0,0
50,1,488,154,27,44,0.78,4,0,0
50,2,600,163,27,30,0.74,4,0,0
50,3,437,151,25,40,0.73,4,0,0
50,4,577,597,52,115,0.70,4,0,0
50,5,622,327,38,58,0.67,4,0,0
50,6,637,452,52,79,0.65,4,0,0
50,7,557,420,41,71,0.61,4,0,0
50,8,333,162,48,26,0.54,4,0,0
50,9,557,255,28,44,0.53,4,0,0
50,10,867,80,43,20,0.51,4,0,0
50,11,290,128,53,22,0.48,4,0,0
50,12,1073,235,206,139,0.43,6,0,0
50,13,1156,427,41,61,0.33,1,0,0
50,14,610,244,33,49,0.32,4,0,0
50,15,488,154,27,44,0.78,11,0,0
50,16,600,163,27,30,0.74,11,0,0
50,17,437,151,25,40,0.73,11,0,0
50,18,577,597,52,115,0.70,11,0,0
50,19,622,327,38,58,0.67,11,0,0
50,20,637,452,52,79,0.65,11,0,0
50,21,557,420,41,71,0.61,11,0,0
50,22,333,162,48,26,0.54,11,0,0
50,23,557,255,28,44,0.53,11,0,0
50,24,867,80,43,20,0.51,11,0,0
50,25,290,128,53,22,0.48,11,0,0
50,26,1073,235,206,139,0.43,11,0,0
50,27,1156,427,41,61,0.33,11,0,0
50,28,610,244,33,49,0.32,11,0,0
51,1,489,164,28,44,0.83,4,0,0
51,2,436,160,26,37,0.78,4,0,0
51,3,622,332,37,53,0.68,4,0,0
51,4,601,163,26,29,0.68,4,0,0
51,5,577,597,53,115,0.68,4,0,0
51,6,637,453,52,79,0.57,4,0,0
51,7,557,418,41,69,0.57,4,0,0
51,8,283,131,49,23,0.56,4,0,0
51,9,557,250,30,50,0.52,4,0,0
51,10,869,83,43,20,0.45,4,0,0
51,11,606,248,36,50,0.39,4,0,0
51,12,320,162,50,24,0.30,4,0,0
51,13,489,164,28,44,0.83,11,0,0
51,14,436,160,26,37,0.78,11,0,0
51,15,622,332,37,53,0.68,11,0,0
51,16,601,163,26,29,0.68,11,0,0
51,17,577,597,53,115,0.68,11,0,0
51,18,637,453,52,79,0.57,11,0,0
51,19,557,418,41,69,0.57,11,0,0
51,20,283,131,49,23,0.56,11,0,0
51,21,557,250,30,50,0.52,11,0,0
51,22,869,83,43,20,0.45,11,0,0
51,23,606,248,36,50,0.39,11,0,0
51,24,320,162,50,24,0.30,11,0,0
52,1,490,176,27,44,0.81,4,0,0
52,2,435,166,27,39,0.80,4,0,0
52,3,577,599,53,113,0.73,4,0,0
52,4,308,163,50,25,0.72,4,0,0
52,5,601,163,26,29,0.71,4,0,0
52,6,556,249,31,43,0.71,4,0,0
52,7,622,334,37,51,0.69,4,0,0
52,8,270,135,54,24,0.63,4,0,0
52,9,637,455,52,78,0.60,4,0,0
52,10,607,249,36,54,0.48,4,0,0
52,11,869,84,44,22,0.48,4,0,0
52,12,558,416,41,71,0.44,4,0,0
52,13,441,125,21,25,0.32,4,0,0
52,14,487,93,18,20,0.28,4,0,0
52,15,490,176,27,44,0.81,11,0,0
52,16,435,166,27,39,0.80,11,0,0
52,17,577,599,53,113,0.73,11,0,0
52,18,308,163,50,25,0.72,11,0,0
52,19,601,163,26,29,0.71,11,0,0
52,20,556,249,31,43,0.71,11,0,0
52,21,622,334,37,51,0.69,11,0,0
52,22,270,135,54,24,0.63,11,0,0
52,23,637,455,52,78,0.60,11,0,0
52,24,607,249,36,54,0.48,11,0,0
52,25,869,84,44,22,0.48,11,0,0
52,26,558,416,41,71,0.44,11,0,0
52,27,441,125,21,25,0.32,11,0,0
52,28,487,93,18,20,0.28,11,0,0
53,1,556,247,29,41,0.81,4,0,0
53,2,434,174,27,40,0.81,4,0,0
53,3,492,187,26,44,0.79,4,0,0
53,4,600,163,27,30,0.73,4,0,0
53,5,623,336,36,49,0.72,4,0,0
53,6,577,599,52,114,0.68,4,0,0
53,7,439,131,23,26,0.59,4,0,0
53,8,637,456,52,78,0.56,4,0,0
53,9,609,248,31,43,0.50,4,0,0
53,10,487,98,20,22,0.50,4,0,0
53,11,256,140,56,23,0.44,4,0,0
53,12,557,415,42,70,0.41,4,0,0
53,13,1175,455,44,60,0.35,1,0,0
53,14,871,90,43,19,0.32,4,0,0
53,15,297,166,46,24,0.28,4,0,0
53,16,556,247,29,41,0.81,11,0,0
53,17,434,174,27,40,0.81,11,0,0
53,18,492,187,26,44,0.79,11,0,0
53,19,600,163,27,30,0.73,11,0,0
53,20,623,336,36,49,0.72,11,0,0
53,21,577,599,52,114,0.68,11,0,0
53,22,439,131,23,26,0.59,11,0,0
53,23,637,456,52,78,0.56,11,0,0
53,24,609,248,31,43,0.50,11,0,0
53,25,487,98,20,22,0.50,11,0,0
53,26,256,140,56,23,0.44,11,0,0
53,27,557,415,42,70,0.41,11,0,0
53,28,1175,455,44,60,0.35,11,0,0
53,29,871,90,43,19,0.32,11,0,0
53,30,297,166,46,24,0.28,11,0,0
54,1,434,181,27,42,0.82,4,0,0
54,2,557,244,30,41,0.81,4,0,0
54,3,492,197,28,48,0.77,4,0,0
54,4,623,337,36,48,0.76,4,0,0
54,5,600,163,27,29,0.73,4,0,0
54,6,577,599,52,114,0.68,4,0,0
54,7,609,248,30,38,0.67,4,0,0
54,8,637,456,52,79,0.52,4,0,0
54,9,439,138,22,26,0.44,4,0,0
54,10,873,92,43,20,0.43,4,0,0
54,11,1089,256,190,148,0.40,6,0,0
54,12,289,165,43,24,0.38,4,0,0
54,13,487,106,20,21,0.37,4,0,0
54,14,557,413,40,70,0.34,4,0,0
54,15,434,181,27,42,0.82,11,0,0
54,16,557,244,30,41,0.81,11,0,0
54,17,492,197,28,48,0.77,11,0,0
54,18,623,337,36,48,0.76,11,0,0
54,19,600,163,27,29,0.73,11,0,0
54,20,577,599,52,114,0.68,11,0,0
54,21,609,248,30,38,0.67,11,0,0
54,22,637,456,52,79,0.52,11,0,0
54,23,439,138,22,26,0.44,11,0,0
54,24,873,92,43,20,0.43,11,0,0
54,25,1089,256,190,148,0.40,11,0,0
54,26,289,165,43,24,0.38,11,0,0
54,27,487,106,20,21,0.37,11,0,0
54,28,557,413,40,70,0.34,11,0,0
55,1,558,242,29,39,0.82,4,0,0
55,2,578,599,51,113,0.81,4,0,0
55,3,433,190,27,41,0.79,4,0,0
55,4,609,247,31,38,0.75,4,0,0
55,5,623,332,36,52,0.75,4,0,0
55,6,493,209,28,50,0.73,4,0,0
55,7,601,163,27,29,0.71,4,0,0
55,8,637,458,51,79,0.69,4,0,0
55,9,271,167,47,24,0.63,4,0,0
55,10,234,149,54,22,0.53,4,0,0
55,11,438,144,22,27,0.48,4,0,0
55,12,1190,474,49,62,0.48,1,0,0
55,13,875,95,43,21,0.47,4,0,0
55,14,489,112,18,24,0.40,4,0,0
55,15,672,691,54,29,0.37,4,0,0
55,16,558,242,29,39,0.82,11,0,0
55,17,578,599,51,113,0.81,11,0,0
55,18,433,190,27,41,0.79,11,0,0
55,19,609,247,31,38,0.75,11,0,0
55,20,623,332,36,52,0.75,11,0,0
55,21,493,209,28,50,0.73,11,0,0
55,22,601,163,27,29,0.71,11,0,0
55,23,637,458,51,79,0.69,11,0,0
55,24,271,167,47,24,0.63,11,0,0
55,25,234,149,54,22,0.53,11,0,0
55,26,438,144,22,27,0.48,11,0,0
55,27,1190,474,49,62,0.48,11,0,0
55,28,875,95,43,21,0.47,11,0,0
55,29,489,112,18,24,0.40,11,0,0
55,30,672,691,54,29,0.37,11,0,0
56,1,558,240,31,39,0.82,4,0,0
56,2,578,599,51,113,0.80,4,0,0
56,3,494,223,30,51,0.77,4,0,0
56,4,609,247,30,36,0.74,4,0,0
56,5,432,199,27,43,0.72,4,0,0
56,6,624,336,35,47,0.72,4,0,0
56,7,602,163,26,29,0.71,4,0,0
56,8,637,459,51,81,0.69,4,0,0
56,9,251,171,53,23,0.58,4,0,0
56,10,672,689,55,31,0.47,4,0,0
56,11,436,148,24,29,0.47,4,0,0
56,12,217,152,56,23,0.39,4,0,0
56,13,877,98,44,19,0.38,4,0,0
56,14,457,67,18,26,0.36,4,0,0
56,15,489,117,19,27,0.27,4,0,0
56,16,558,240,31,39,0.82,11,0,0
56,17,578,599,51,113,0.80,11,0,0
56,18,494,223,30,51,0.77,11,0,0
56,19,609,247,30,36,0.74,11,0,0
56,20,432,199,27,43,0.72,11,0,0
56,21,624,336,35,47,0.72,11,0,0
56,22,602,163,26,29,0.71,11,0,0
56,23,637,459,51,81,0.69,11,0,0
56,24,251,171,53,23,0.58,11,0,0
56,25,672,689,55,31,0.47,11,0,0
56,26,436,148,24,29,0.47,11,0,0
56,27,217,152,56,23,0.39,11,0,0
56,28,877,98,44,19,0.38,11,0,0
56,29,457,67,18,26,0.36,11,0,0
56,30,489,117,19,27,0.27,11,0,0
57,1,578,599,51,112,0.82,4,0,0
57,2,558,239,31,39,0.81,4,0,0
57,3,495,232,30,49,0.78,4,0,0
57,4,602,163,27,29,0.74,4,0,0
57,5,431,205,28,42,0.74,4,0,0
57,6,637,460,50,81,0.73,4,0,0
57,7,623,334,35,51,0.71,4,0,0
57,8,609,246,30,37,0.69,4,0,0
57,9,435,152,25,30,0.63,4,0,0
57,10,244,171,54,25,0.56,4,0,0
57,11,489,126,20,22,0.53,4,0,0
57,12,672,689,54,31,0.41,4,0,0
57,13,878,99,45,21,0.38,4,0,0
57,14,212,154,53,24,0.34,4,0,0
57,15,457,70,18,26,0.28,4,0,0
57,16,578,599,51,112,0.82,11,0,0
57,17,558,239,31,39,0.81,11,0,0
57,18,495,232,30,49,0.78,11,0,0
57,19,602,163,27,29,0.74,11,0,0
57,20,431,205,28,42,0.74,11,0,0
57,21,637,460,50,81,0.73,11,0,0
57,22,623,334,35,51,0.71,11,0,0
57,23,609,246,30,37,0.69,11,0,0
57,24,435,152,25,30,0.63,11,0,0
57,25,244,171,54,25,0.56,11,0,0
57,26,489,126,20,22,0.53,11,0,0
57,27,672,689,54,31,0.41,11,0,0
57,28,878,99,45,21,0.38,11,0,0
57,29,212,154,53,24,0.34,11,0,0
57,30,457,70,18,26,0.28,11,0,0
58,1,577,598,52,112,0.83,4,0,0
58,2,559,236,30,40,0.81,4,0,0
58,3,431,212,28,46,0.77,4,0,0
58,4,603,163,26,28,0.74,4,0,0
58,5,637,462,51,80,0.74,4,0,0
58,6,495,244,30,51,0.67,4,0,0
58,7,610,245,30,35,0.67,4,0,0
58,8,232,175,51,22,0.51,4,0,0
58,9,489,128,21,27,0.49,4,0,0
58,10,435,161,23,29,0.44,4,0,0
58,11,623,333,34,46,0.38,4,0,0
58,12,194,159,58,23,0.34,4,0,0
58,13,879,104,46,20,0.34,4,0,0
58,14,1109,274,170,159,0.33,6,0,0
58,15,456,74,18,26,0.32,4,0,0
58,16,276,121,33,21,0.31,4,0,0
58,17,557,409,40,70,0.28,4,0,0
58,18,672,685,55,35,0.27,4,0,0
58,19,577,598,52,112,0.83,11,0,0
58,20,559,236,30,40,0.81,11,0,0
58,21,431,212,28,46,0.77,11,0,0
58,22,603,163,26,28,0.74,11,0,0
58,23,637,462,51,80,0.74,11,0,0
58,24,495,244,30,51,0.67,11,0,0
58,25,610,245,30,35,0.67,11,0,0
58,26,232,175,51,22,0.51,11,0,0
58,27,489,128,21,27,0.49,11,0,0
58,28,435,161,23,29,0.44,11,0,0
58,29,623,333,34,46,0.38,11,0,0
58,30,194,159,58,23,0.34,11,0,0
58,31,879,104,46,20,0.34,11,0,0
58,32,1109,274,170,159,0.33,11,0,0
58,33,456,74,18,26,0.32,11,0,0
58,34,276,121,33,21,0.31,11,0,0
58,35,557,409,40,70,0.28,11,0,0
58,36,672,685,55,35,0.27,11,0,0
59,1,577,598,52,112,0.79,4,0,0
59,2,560,234,30,38,0.75,4,0,0
59,3,610,245,29,35,0.75,4,0,0
59,4,637,463,51,81,0.72,4,0,0
59,5,604,163,25,29,0.67,4,0,0
59,6,430,221,29,48,0.67,4,0,0
59,7,180,166,61,21,0.65,4,0,0
59,8,221,179,55,22,0.59,4,0,0
59,9,496,259,29,55,0.51,4,0,0
59,10,433,165,25,32,0.41,4,0,0
59,11,1046,384,17,41,0.31,1,0,0
59,12,491,137,19,26,0.30,4,0,0
59,13,882,107,45,20,0.26,4,0,0
59,14,622,332,35,43,0.26,4,0,0
59,15,577,598,52,112,0.79,11,0,0
59,16,560,234,30,38,0.75,11,0,0
59,17,610,245,29,35,0.75,11,0,0
59,18,637,463,51,81,0.72,11,0,0
59,19,604,163,25,29,0.67,11,0,0
59,20,430,221,29,48,0.67,11,0,0
59,21,180,166,61,21,0.65,11,0,0
59,22,221,179,55,22,0.59,11,0,0
59,23,496,259,29,55,0.51,11,0,0
59,24,433,165,25,32,0.41,11,0,0
59,25,1046,384,17,41,0.31,11,0,0
59,26,491,137,19,26,0.30,11,0,0
59,27,882,107,45,20,0.26,11,0,0
59,28,622,332,35,43,0.26,11,0,0
60,1,560,232,32,38,0.84,4,0,0
60,2,495,277,32,55,0.80,4,0,0
60,3,429,235,31,46,0.79,4,0,0
60,4,578,598,51,112,0.78,4,0,0
60,5,611,245,30,36,0.78,4,0,0
60,6,433,176,24,31,0.72,4,0,0
60,7,206,181,55,24,0.71,4,0,0
60,8,605,164,25,29,0.70,4,0,0
60,9,637,465,51,81,0.67,4,0,0
60,10,165,169,54,24,0.55,4,0,0
60,11,622,332,35,45,0.52,4,0,0
60,12,673,682,54,38,0.46,4,0,0
60,13,885,111,45,20,0.42,4,0,0
60,14,1170,447,109,157,0.34,6,0,0
60,15,491,144,21,30,0.31,4,0,0
60,16,319,648,21,48,0.28,1,0,0
60,17,1054,395,16,42,0.28,1,0,0
60,18,455,88,20,24,0.26,4,0,0
60,19,558,412,41,65,0.25,4,0,0
60,20,560,232,32,38,0.84,11,0,0
60,21,495,277,32,55,0.80,11,0,0
60,22,429,235,31,46,0.79,11,0,0
60,23,578,598,51,112,0.78,11,0,0
60,24,611,245,30,36,0.78,11,0,0
60,25,433,176,24,31,0.72,11,0,0
60,26,206,181,55,24,0.71,11,0,0
60,27,605,164,25,29,0.70,11,0,0
60,28,637,465,51,81,0.67,11,0,0
60,29,165,169,54,24,0.55,11,0,0
60,30,622,332,35,45,0.52,11,0,0
60,31,673,682,54,38,0.46,11,0,0
60,32,885,111,45,20,0.42,11,0,0
60,33,1170,447,109,157,0.34,11,0,0
60,34,491,144,21,30,0.31,11,0,0
60,35,319,648,21,48,0.28,11,0,0
60,36,1054,395,16,42,0.28,11,0,0
60,37,455,88,20,24,0.26,11,0,0
60,38,558,412,41,65,0.25,11,0,0
61,1,561,232,31,37,0.81,4,0,0
61,2,429,247,31,48,0.79,4,0,0
61,3,580,600,49,111,0.79,4,0,0
61,4,639,469,49,80,0.78,4,0,0
61,5,611,245,30,35,0.77,4,0,0
61,6,194,188,54,22,0.75,4,0,0
61,7,431,185,26,32,0.65,4,0,0
61,8,151,175,58,23,0.59,4,0,0
61,9,889,115,44,22,0.54,4,0,0
61,10,621,333,36,45,0.53,4,0,0
61,11,495,294,32,58,0.47,4,0,0
61,12,493,155,21,31,0.40,4,0,0
61,13,606,166,26,29,0.38,4,0,0
61,14,672,681,55,38,0.37,4,0,0
61,15,271,138,34,22,0.37,4,0,0
61,16,561,232,31,37,0.81,11,0,0
61,17,429,247,31,48,0.79,11,0,0
61,18,580,600,49,111,0.79,11,0,0
61,19,639,469,49,80,0.78,11,0,0
61,20,611,245,30,35,0.77,11,0,0
61,21,194,188,54,22,0.75,11,0,0
61,22,431,185,26,32,0.65,11,0,0
61,23,151,175,58,23,0.59,11,0,0
61,24,889,115,44,22,0.54,11,0,0
61,25,621,333,36,45,0.53,11,0,0
61,26,495,294,32,58,0.47,11,0,0
61,27,493,155,21,31,0.40,11,0,0
61,28,606,166,26,29,0.38,11,0,0
61,29,672,681,55,38,0.37,11,0,0
61,30,271,138,34,22,0.37,11,0,0
62,1,563,232,31,37,0.82,4,0,0
62,2,580,601,49,111,0.78,4,0,0
62,3,427,260,32,50,0.71,4,0,0
62,4,612,246,29,34,0.71,4,0,0
62,5,493,162,21,35,0.65,4,0,0
62,6,494,310,35,62,0.63,4,0,0
62,7,639,473,49,80,0.63,4,0,0
62,8,560,408,43,70,0.53,4,0,0
62,9,621,332,37,46,0.51,4,0,0
62,10,607,168,25,28,0.33,4,0,0
62,11,431,196,25,32,0.32,4,0,0
62,12,891,121,46,21,0.28,4,0,0
62,13,673,682,54,38,0.25,4,0,0
62,14,563,232,31,37,0.82,11,0,0
62,15,580,601,49,111,0.78,11,0,0
62,16,427,260,32,50,0.71,11,0,0
62,17,612,246,29,34,0.71,11,0,0
62,18,493,162,21,35,0.65,11,0,0
62,19,494,310,35,62,0.63,11,0,0
62,20,639,473,49,80,0.63,11,0,0
62,21,560,408,43,70,0.53,11,0,0
62,22,621,332,37,46,0.51,11,0,0
62,23,607,168,25,28,0.33,11,0,0
62,24,431,196,25,32,0.32,11,0,0
62,25,891,121,46,21,0.28,11,0,0
62,26,673,682,54,38,0.25,11,0,0
63,1,565,232,29,36,0.80,4,0,0
63,2,580,601,50,114,0.79,4,0,0
63,3,429,205,26,33,0.73,4,0,0
63,4,494,329,36,68,0.70,4,0,0
63,5,561,412,39,67,0.70,4,0,0
63,6,639,477,49,81,0.60,4,0,0
63,7,613,247,28,34,0.59,4,0,0
63,8,427,276,30,51,0.52,4,0,0
63,9,894,128,45,20,0.51,4,0,0
63,10,494,178,22,33,0.39,4,0,0
63,11,1199,488,80,113,0.38,4,0,0
63,12,622,332,37,45,0.35,4,0,0
63,13,496,124,19,24,0.32,4,0,0
63,14,472,45,18,18,0.28,4,0,0
63,15,673,682,54,38,0.27,4,0,0
63,16,895,329,384,384,0.26,6,0,0
63,17,565,232,29,36,0.80,11,0,0
63,18,580,601,50,114,0.79,11,0,0
63,19,429,205,26,33,0.73,11,0,0
63,20,494,329,36,68,0.70,11,0,0
63,21,561,412,39,67,0.70,11,0,0
63,22,639,477,49,81,0.60,11,0,0
63,23,613,247,28,34,0.59,11,0,0
63,24,427,276,30,51,0.52,11,0,0
63,25,894,128,45,20,0.51,11,0,0
63,26,494,178,22,33,0.39,11,0,0
63,27,1199,488,80,113,0.38,11,0,0
63,28,622,332,37,45,0.35,11,0,0
63,29,496,124,19,24,0.32,11,0,0
63,30,472,45,18,18,0.28,11,0,0
63,31,673,682,54,38,0.27,11,0,0
63,32,895,329,384,384,0.26,11,0,0
64,1,580,605,50,111,0.75,4,0,0
64,2,494,190,22,33,0.71,4,0,0
64,3,566,231,29,35,0.70,4,0,0
64,4,428,217,26,33,0.68,4,0,0
64,5,424,290,33,53,0.65,4,0,0
64,6,563,414,40,65,0.63,4,0,0
64,7,143,202,60,25,0.56,4,0,0
64,8,639,480,50,81,0.45,4,0,0
64,9,900,338,379,376,0.42,6,0,0
64,10,609,172,24,27,0.41,4,0,0
64,11,496,129,19,27,0.40,4,0,0
64,12,494,356,37,68,0.38,4,0,0
64,13,724,451,18,39,0.36,1,0,0
64,14,897,131,47,22,0.33,4,0,0
64,15,494,356,36,68,0.31,6,0,0
64,16,580,605,50,111,0.75,11,0,0
64,17,494,190,22,33,0.71,11,0,0
64,18,566,231,29,35,0.70,11,0,0
64,19,428,217,26,33,0.68,11,0,0
64,20,424,290,33,53,0.65,11,0,0
64,21,563,414,40,65,0.63,11,0,0
64,22,143,202,60,25,0.56,11,0,0
64,23,639,480,50,81,0.45,11,0,0
64,24,900,338,379,376,0.42,11,0,0
64,25,609,172,24,27,0.41,11,0,0
64,26,496,129,19,27,0.40,11,0,0
64,27,494,356,37,68,0.38,11,0,0
64,28,724,451,18,39,0.36,11,0,0
64,29,897,131,47,22,0.33,11,0,0
64,30,494,356,36,68,0.31,11,0,0
65,1,580,606,50,111,0.70,4,0,0
65,2,427,223,26,34,0.67,4,0,0
65,3,423,299,32,53,0.66,4,0,0
65,4,567,230,29,34,0.65,4,0,0
65,5,492,368,38,72,0.56,4,0,0
65,6,140,208,54,21,0.51,4,0,0
65,7,446,127,27,23,0.50,4,0,0
65,8,563,414,41,64,0.47,4,0,0
65,9,609,173,25,27,0.46,4,0,0
65,10,494,197,22,33,0.41,4,0,0
65,11,615,249,27,32,0.39,4,0,0
65,12,495,129,20,33,0.38,4,0,0
65,13,898,134,47,22,0.35,4,0,0
65,14,472,52,17,22,0.28,4,0,0
65,15,580,606,50,111,0.70,11,0,0
65,16,427,223,26,34,0.67,11,0,0
65,17,423,299,32,53,0.66,11,0,0
65,18,567,230,29,34,0.65,11,0,0
65,19,492,368,38,72,0.56,11,0,0
65,20,140,208,54,21,0.51,11,0,0
65,21,446,127,27,23,0.50,11,0,0
65,22,563,414,41,64,0.47,11,0,0
65,23,609,173,25,27,0.46,11,0,0
65,24,494,197,22,33,0.41,11,0,0
65,25,615,249,27,32,0.39,11,0,0
65,26,495,129,20,33,0.38,11,0,0
65,27,898,134,47,22,0.35,11,0,0
65,28,472,52,17,22,0.28,11,0,0
66,1,568,230,29,34,0.75,4,0,0
66,2,423,229,28,41,0.75,4,0,0
66,3,580,608,50,110,0.71,4,0,0
66,4,490,393,40,77,0.70,4,0,0
66,5,901,140,47,21,0.67,4,0,0
66,6,615,249,27,32,0.67,4,0,0
66,7,495,149,21,23,0.59,4,0,0
66,8,419,314,34,58,0.57,4,0,0
66,9,623,330,34,46,0.52,4,0,0
66,10,494,206,24,38,0.49,4,0,0
66,11,441,135,29,28,0.42,4,0,0
66,12,609,175,26,27,0.38,4,0,0
66,13,730,138,36,20,0.36,4,0,0
66,14,1235,519,44,86,0.36,4,0,0
66,15,568,230,29,34,0.75,11,0,0
66,16,423,229,28,41,0.75,11,0,0
66,17,580,608,50,110,0.71,11,0,0
66,18,490,393,40,77,0.70,11,0,0
66,19,901,140,47,21,0.67,11,0,0
66,20,615,249,27,32,0.67,11,0,0
66,21,495,149,21,23,0.59,11,0,0
66,22,419,314,34,58,0.57,11,0,0
66,23,623,330,34,46,0.52,11,0,0
66,24,494,206,24,38,0.49,11,0,0
66,25,441,135,29,28,0.42,11,0,0
66,26,609,175,26,27,0.38,11,0,0
66,27,730,138,36,20,0.36,11,0,0
66,28,1235,519,44,86,0.36,11,0,0
67,1,487,420,42,85,0.84,4,0,0
67,2,615,250,27,33,0.77,4,0,0
67,3,580,609,50,109,0.75,4,0,0
67,4,570,229,27,34,0.73,4,0,0
67,5,420,244,29,38,0.67,4,0,0
67,6,496,161,20,21,0.63,4,0,0
67,7,622,331,35,46,0.51,4,0,0
67,8,418,333,34,58,0.50,6,0,0
67,9,905,143,47,23,0.48,4,0,0
67,10,470,73,17,17,0.38,4,0,0
67,11,493,207,25,53,0.33,4,0,0
67,12,611,177,24,27,0.30,4,0,0
67,13,640,465,50,108,0.29,4,0,0
67,14,1159,346,120,149,0.28,6,0,0
67,15,673,686,53,34,0.27,4,0,0
67,16,487,420,42,85,0.84,11,0,0
67,17,615,250,27,33,0.77,11,0,0
67,18,580,609,50,109,0.75,11,0,0
67,19,570,229,27,34,0.73,11,0,0
67,20,420,244,29,38,0.67,11,0,0
67,21,496,161,20,21,0.63,11,0,0
67,22,622,331,35,46,0.51,11,0,0
67,23,418,333,34,58,0.50,11,0,0
67,24,905,143,47,23,0.48,11,0,0
67,25,470,73,17,17,0.38,11,0,0
67,26,493,207,25,53,0.33,11,0,0
67,27,611,177,24,27,0.30,11,0,0
67,28,640,465,50,108,0.29,11,0,0
67,29,1159,346,120,149,0.28,11,0,0
67,30,673,686,53,34,0.27,11,0,0
68,1,580,612,50,106,0.75,4,0,0
68,2,484,451,43,88,0.75,4,0,0
68,3,571,229,27,34,0.75,4,0,0
68,4,496,167,21,23,0.74,4,0,0
68,5,615,252,27,32,0.71,4,0,0
68,6,493,234,25,40,0.69,4,0,0
68,7,425,149,37,30,0.64,4,0,0
68,8,622,333,36,44,0.57,4,0,0
68,9,414,349,37,65,0.56,4,0,0
68,10,416,256,31,38,0.53,4,0,0
68,11,642,458,48,119,0.50,4,0,0
68,12,907,147,48,24,0.45,4,0,0
68,13,611,179,27,27,0.41,4,0,0
68,14,673,687,53,33,0.28,4,0,0
68,15,580,612,50,106,0.75,11,0,0
68,16,484,451,43,88,0.75,11,0,0
68,17,571,229,27,34,0.75,11,0,0
68,18,496,167,21,23,0.74,11,0,0
68,19,615,252,27,32,0.71,11,0,0
68,20,493,234,25,40,0.69,11,0,0
68,21,425,149,37,30,0.64,11,0,0
68,22,622,333,36,44,0.57,11,0,0
68,23,414,349,37,65,0.56,11,0,0
68,24,416,256,31,38,0.53,11,0,0
68,25,642,458,48,119,0.50,11,0,0
68,26,907,147,48,24,0.45,11,0,0
68,27,611,179,27,27,0.41,11,0,0
68,28,673,687,53,33,0.28,11,0,0
69,1,481,482,45,92,0.85,4,0,0
69,2,571,229,28,34,0.77,4,0,0
69,3,580,615,50,103,0.77,4,0,0
69,4,494,170,23,31,0.71,4,0,0
69,5,616,254,26,31,0.69,4,0,0
69,6,493,247,25,43,0.68,4,0,0
69,7,613,181,25,26,0.66,4,0,0
69,8,415,268,29,40,0.66,4,0,0
69,9,423,155,37,34,0.63,4,0,0
69,10,641,472,50,109,0.62,4,0,0
69,11,623,333,35,46,0.53,4,0,0
69,12,564,420,36,63,0.53,4,0,0
69,13,673,691,53,29,0.44,4,0,0
69,14,411,368,40,68,0.32,4,0,0
69,15,911,154,48,21,0.30,4,0,0
69,16,623,333,35,45,0.28,6,0,0
69,17,410,368,41,69,0.27,6,0,0
69,18,481,482,45,92,0.85,11,0,0
69,19,571,229,28,34,0.77,11,0,0
69,20,580,615,50,103,0.77,11,0,0
69,21,494,170,23,31,0.71,11,0,0
69,22,616,254,26,31,0.69,11,0,0
69,23,493,247,25,43,0.68,11,0,0
69,24,613,181,25,26,0.66,11,0,0
69,25,415,268,29,40,0.66,11,0,0
69,26,423,155,37,34,0.63,11,0,0
69,27,641,472,50,109,0.62,11,0,0
69,28,623,333,35,46,0.53,11,0,0
69,29,564,420,36,63,0.53,11,0,0
69,30,673,691,53,29,0.44,11,0,0
69,31,411,368,40,68,0.32,11,0,0
69,32,911,154,48,21,0.30,11,0,0
69,33,623,333,35,45,0.28,11,0,0
69,34,410,368,41,69,0.27,11,0,0
70,1,475,516,46,107,0.81,4,0,0
70,2,581,616,50,102,0.80,4,0,0
70,3,491,264,28,42,0.78,4,0,0
70,4,616,254,28,32,0.78,4,0,0
70,5,410,281,30,43,0.76,4,0,0
70,6,572,229,28,33,0.75,4,0,0
70,7,642,485,49,102,0.73,4,0,0
70,8,495,179,21,32,0.72,4,0,0
70,9,623,335,34,43,0.71,4,0,0
70,10,614,182,24,28,0.60,4,0,0
70,11,564,423,35,62,0.44,4,0,0
70,12,914,160,48,22,0.41,4,0,0
70,13,398,418,45,49,0.41,4,0,0
70,14,475,516,46,107,0.81,11,0,0
70,15,581,616,50,102,0.80,11,0,0
70,16,491,264,28,42,0.78,11,0,0
70,17,616,254,28,32,0.78,11,0,0
70,18,410,281,30,43,0.76,11,0,0
70,19,572,229,28,33,0.75,11,0,0
70,20,642,485,49,102,0.73,11,0,0
70,21,495,179,21,32,0.72,11,0,0
70,22,623,335,34,43,0.71,11,0,0
70,23,614,182,24,28,0.60,11,0,0
70,24,564,423,35,62,0.44,11,0,0
70,25,914,160,48,22,0.41,11,0,0
70,26,398,418,45,49,0.41,11,0,0
71,1,581,619,50,99,0.84,4,0,0
71,2,472,555,49,114,0.82,4,0,0
71,3,617,256,27,31,0.80,4,0,0
71,4,573,229,28,32,0.75,4,0,0
71,5,642,494,50,97,0.75,4,0,0
71,6,492,279,27,43,0.72,4,0,0
71,7,397,414,43,73,0.70,4,0,0
71,8,407,297,31,43,0.68,4,0,0
71,9,623,335,34,45,0.64,4,0,0
71,10,615,183,24,27,0.53,4,0,0
71,11,563,424,39,63,0.46,4,0,0
71,12,494,191,22,31,0.43,4,0,0
71,13,464,101,20,22,0.38,4,0,0
71,14,918,163,49,25,0.38,4,0,0
71,15,401,180,35,27,0.36,4,0,0
71,16,581,619,50,99,0.84,11,0,0
71,17,472,555,49,114,0.82,11,0,0
71,18,617,256,27,31,0.80,11,0,0
71,19,573,229,28,32,0.75,11,0,0
71,20,642,494,50,97,0.75,11,0,0
71,21,492,279,27,43,0.72,11,0,0
71,22,397,414,43,73,0.70,11,0,0
71,23,407,297,31,43,0.68,11,0,0
71,24,623,335,34,45,0.64,11,0,0
71,25,615,183,24,27,0.53,11,0,0
71,26,563,424,39,63,0.46,11,0,0
71,27,494,191,22,31,0.43,11,0,0
71,28,464,101,20,22,0.38,11,0,0
71,29,918,163,49,25,0.38,11,0,0
71,30,401,180,35,27,0.36,11,0,0
72,1,617,256,28,33,0.79,4,0,0
72,2,492,296,27,45,0.76,4,0,0
72,3,393,440,44,80,0.75,4,0,0
72,4,623,335,35,46,0.75,4,0,0
72,5,575,229,27,32,0.74,4,0,0
72,6,494,201,22,32,0.72,4,0,0
72,7,403,312,33,45,0.71,4,0,0
72,8,581,619,50,99,0.67,4,0,0
72,9,395,185,45,31,0.66,4,0,0
72,10,466,600,53,119,0.61,4,0,0
72,11,643,509,51,87,0.57,4,0,0
72,12,923,167,48,24,0.56,4,0,0
72,13,615,185,25,26,0.45,4,0,0
72,14,465,518,52,199,0.38,4,0,0
72,15,1053,4,226,314,0.33,6,0,0
72,16,482,54,13,14,0.31,4,0,0
72,17,462,110,20,21,0.29,4,0,0
72,18,563,426,38,62,0.26,4,0,0
72,19,617,256,28,33,0.79,11,0,0
72,20,492,296,27,45,0.76,11,0,0
72,21,393,440,44,80,0.75,11,0,0
72,22,623,335,35,46,0.75,11,0,0
72,23,575,229,27,32,0.74,11,0,0
72,24,494,201,22,32,0.72,11,0,0
72,25,403,312,33,45,0.71,11,0,0
72,26,581,619,50,99,0.67,11,0,0
72,27,395,185,45,31,0.66,11,0,0
72,28,466,600,53,119,0.61,11,0,0
72,29,643,509,51,87,0.57,11,0,0
72,30,923,167,48,24,0.56,11,0,0
72,31,615,185,25,26,0.45,11,0,0
72,32,465,518,52,199,0.38,11,0,0
72,33,1053,4,226,314,0.33,11,0,0
72,34,482,54,13,14,0.31,11,0,0
72,35,462,110,20,21,0.29,11,0,0
72,36,563,426,38,62,0.26,11,0,0
73,1,492,304,28,49,0.83,4,0,0
73,2,400,322,33,47,0.83,4,0,0
73,3,493,209,23,31,0.81,4,0,0
73,4,618,256,27,33,0.80,4,0,0
73,5,575,228,27,32,0.76,4,0,0
73,6,623,336,35,44,0.74,4,0,0
73,7,465,625,53,95,0.60,4,0,0
73,8,642,511,51,86,0.58,4,0,0
73,9,924,171,49,24,0.57,4,0,0
73,10,392,188,42,33,0.52,4,0,0
73,11,581,620,50,99,0.52,4,0,0
73,12,616,186,25,25,0.45,4,0,0
73,13,481,55,13,16,0.39,4,0,0
73,14,391,451,46,89,0.35,4,0,0
73,15,462,113,19,22,0.32,4,0,0
73,16,1050,7,229,315,0.31,6,0,0
73,17,491,35,18,19,0.28,4,0,0
73,18,479,163,20,27,0.28,4,0,0
73,19,492,304,28,49,0.83,11,0,0
73,20,400,322,33,47,0.83,11,0,0
73,21,493,209,23,31,0.81,11,0,0
73,22,618,256,27,33,0.80,11,0,0
73,23,575,228,27,32,0.76,11,0,0
73,24,623,336,35,44,0.74,11,0,0
73,25,465,625,53,95,0.60,11,0,0
73,26,642,511,51,86,0.58,11,0,0
73,27,924,171,49,24,0.57,11,0,0
73,28,392,188,42,33,0.52,11,0,0
73,29,581,620,50,99,0.52,11,0,0
73,30,616,186,25,25,0.45,11,0,0
73,31,481,55,13,16,0.39,11,0,0
73,32,391,451,46,89,0.35,11,0,0
73,33,462,113,19,22,0.32,11,0,0
73,34,1050,7,229,315,0.31,11,0,0
73,35,491,35,18,19,0.28,11,0,0
73,36,479,163,20,27,0.28,11,0,0
74,1,387,479,47,101,0.85,4,0,0
74,2,491,323,29,48,0.79,4,0,0
74,3,396,338,33,47,0.76,4,0,0
74,4,618,257,27,32,0.75,4,0,0
74,5,576,227,27,31,0.74,4,0,0
74,6,493,218,23,36,0.70,4,0,0
74,7,927,175,50,24,0.68,4,0,0
74,8,580,620,50,98,0.63,4,0,0
74,9,464,680,53,40,0.56,4,0,0
74,10,644,517,50,82,0.48,4,0,0
74,11,623,335,33,45,0.47,4,0,0
74,12,376,202,47,29,0.44,4,0,0
74,13,617,186,24,26,0.43,4,0,0
74,14,1011,165,37,25,0.37,4,0,0
74,15,493,38,17,21,0.33,4,0,0
74,16,387,479,47,101,0.85,11,0,0
74,17,491,323,29,48,0.79,11,0,0
74,18,396,338,33,47,0.76,11,0,0
74,19,618,257,27,32,0.75,11,0,0
74,20,576,227,27,31,0.74,11,0,0
74,21,493,218,23,36,0.70,11,0,0
74,22,927,175,50,24,0.68,11,0,0
74,23,580,620,50,98,0.63,11,0,0
74,24,464,680,53,40,0.56,11,0,0
74,25,644,517,50,82,0.48,11,0,0
74,26,623,335,33,45,0.47,11,0,0
74,27,376,202,47,29,0.44,11,0,0
74,28,617,186,24,26,0.43,11,0,0
74,29,1011,165,37,25,0.37,11,0,0
74,30,493,38,17,21,0.33,11,0,0
75,1,618,258,27,31,0.78,4,0,0
75,2,490,228,24,37,0.76,4,0,0
75,3,576,227,27,31,0.73,4,0,0
75,4,492,340,28,53,0.70,4,0,0
75,5,390,353,34,49,0.69,4,0,0
75,6,368,207,45,31,0.68,4,0,0
75,7,931,179,50,25,0.65,4,0,0
75,8,378,525,49,93,0.62,4,0,0
75,9,479,174,20,30,0.51,4,0,0
75,10,618,186,24,26,0.50,4,0,0
75,11,623,335,33,44,0.50,4,0,0
75,12,644,523,50,81,0.46,4,0,0
75,13,1019,168,34,27,0.34,4,0,0
75,14,492,41,19,22,0.25,4,0,0
75,15,618,258,27,31,0.78,11,0,0
75,16,490,228,24,37,0.76,11,0,0
75,17,576,227,27,31,0.73,11,0,0
75,18,492,340,28,53,0.70,11,0,0
75,19,390,353,34,49,0.69,11,0,0
75,20,368,207,45,31,0.68,11,0,0
75,21,931,179,50,25,0.65,11,0,0
75,22,378,525,49,93,0.62,11,0,0
75,23,479,174,20,30,0.51,11,0,0
75,24,618,186,24,26,0.50,11,0,0
75,25,623,335,33,44,0.50,11,0,0
75,26,644,523,50,81,0.46,11,0,0
75,27,1019,168,34,27,0.34,11,0,0
75,28,492,41,19,22,0.25,11,0,0
76,1,370,553,55,106,0.82,4,0,0
76,2,489,361,32,55,0.79,4,0,0
76,3,383,370,38,56,0.79,4,0,0
76,4,489,242,26,38,0.77,4,0,0
76,5,619,258,27,32,0.77,4,0,0
76,6,577,227,27,31,0.76,4,0,0
76,7,355,212,48,36,0.64,4,0,0
76,8,577,559,52,159,0.60,4,0,0
76,9,623,335,33,44,0.57,4,0,0
76,10,935,183,50,24,0.56,4,0,0
76,11,619,187,24,26,0.55,4,0,0
76,12,480,70,12,13,0.42,4,0,0
76,13,644,521,50,88,0.42,4,0,0
76,14,494,47,16,22,0.40,4,0,0
76,15,454,136,24,26,0.40,4,0,0
76,16,477,189,20,25,0.36,4,0,0
76,17,1021,173,36,26,0.27,4,0,0
76,18,370,553,55,106,0.82,11,0,0
76,19,489,361,32,55,0.79,11,0,0
76,20,383,370,38,56,0.79,11,0,0
76,21,489,242,26,38,0.77,11,0,0
76,22,619,258,27,32,0.77,11,0,0
76,23,577,227,27,31,0.76,11,0,0
76,24,355,212,48,36,0.64,11,0,0
76,25,577,559,52,159,0.60,11,0,0
76,26,623,335,33,44,0.57,11,0,0
76,27,935,183,50,24,0.56,11,0,0
76,28,619,187,24,26,0.55,11,0,0
76,29,480,70,12,13,0.42,11,0,0
76,30,644,521,50,88,0.42,11,0,0
76,31,494,47,16,22,0.40,11,0,0
76,32,454,136,24,26,0.40,11,0,0
76,33,477,189,20,25,0.36,11,0,0
76,34,1021,173,36,26,0.27,11,0,0
77,1,358,588,62,127,0.84,4,0,0
77,2,579,575,50,144,0.81,4,0,0
77,3,578,227,27,31,0.77,4,0,0
77,4,342,222,49,34,0.76,4,0,0
77,5,619,259,28,33,0.73,4,0,0
77,6,487,253,28,42,0.73,4,0,0
77,7,620,189,25,25,0.67,4,0,0
77,8,490,382,29,55,0.63,4,0,0
77,9,939,188,52,26,0.56,4,0,0
77,10,623,335,33,44,0.55,4,0,0
77,11,452,144,25,25,0.52,4,0,0
77,12,477,193,21,30,0.52,4,0,0
77,13,644,524,52,89,0.47,4,0,0
77,14,479,76,13,12,0.46,4,0,0
77,15,494,51,17,24,0.45,4,0,0
77,16,380,391,36,52,0.40,4,0,0
77,17,558,431,42,66,0.29,4,0,0
77,18,358,588,62,127,0.84,11,0,0
77,19,579,575,50,144,0.81,11,0,0
77,20,578,227,27,31,0.77,11,0,0
77,21,342,222,49,34,0.76,11,0,0
77,22,619,259,28,33,0.73,11,0,0
77,23,487,253,28,42,0.73,11,0,0
77,24,620,189,25,25,0.67,11,0,0
77,25,490,382,29,55,0.63,11,0,0
77,26,939,188,52,26,0.56,11,0,0
77,27,623,335,33,44,0.55,11,0,0
77,28,452,144,25,25,0.52,11,0,0
77,29,477,193,21,30,0.52,11,0,0
77,30,644,524,52,89,0.47,11,0,0
77,31,479,76,13,12,0.46,11,0,0
77,32,494,51,17,24,0.45,11,0,0
77,33,380,391,36,52,0.40,11,0,0
77,34,558,431,42,66,0.29,11,0,0
78,1,329,231,54,36,0.74,4,0,0
78,2,579,227,27,30,0.72,4,0,0
78,3,486,267,28,43,0.70,4,0,0
78,4,578,593,51,125,0.70,4,0,0
78,5,943,194,53,26,0.66,4,0,0
78,6,620,260,27,32,0.64,4,0,0
78,7,352,636,61,83,0.64,4,0,0
78,8,370,410,40,54,0.52,4,0,0
78,9,476,210,21,24,0.51,4,0,0
78,10,487,404,34,65,0.50,4,0,0
78,11,623,335,34,44,0.41,4,0,0
78,12,622,189,23,26,0.39,4,0,0
78,13,645,533,51,83,0.33,4,0,0
78,14,1036,183,33,27,0.30,4,0,0
78,15,329,231,54,36,0.74,11,0,0
78,16,579,227,27,30,0.72,11,0,0
78,17,486,267,28,43,0.70,11,0,0
78,18,578,593,51,125,0.70,11,0,0
78,19,943,194,53,26,0.66,11,0,0
78,20,620,260,27,32,0.64,11,0,0
78,21,352,636,61,83,0.64,11,0,0
78,22,370,410,40,54,0.52,11,0,0
78,23,476,210,21,24,0.51,11,0,0
78,24,487,404,34,65,0.50,11,0,0
78,25,623,335,34,44,0.41,11,0,0
78,26,622,189,23,26,0.39,11,0,0
78,27,645,533,51,83,0.33,11,0,0
78,28,1036,183,33,27,0.30,11,0,0
79,1,315,240,53,34,0.75,4,0,0
79,2,581,228,27,29,0.72,4,0,0
79,3,948,199,52,25,0.69,4,0,0
79,4,620,262,28,31,0.67,4,0,0
79,5,472,220,25,27,0.64,4,0,0
79,6,477,84,15,16,0.58,4,0,0
79,7,486,284,27,43,0.53,4,0,0
79,8,486,424,36,75,0.48,4,0,0
79,9,362,434,44,66,0.42,6,0,0
79,10,578,617,51,102,0.41,4,0,0
79,11,774,238,49,25,0.37,4,0,0
79,12,516,24,20,17,0.35,4,0,0
79,13,623,194,23,22,0.32,4,0,0
79,14,557,440,43,64,0.31,4,0,0
79,15,624,336,32,44,0.30,4,0,0
79,16,447,168,22,19,0.29,4,0,0
79,17,495,69,17,20,0.26,4,0,0
79,18,362,434,44,66,0.25,4,0,0
79,19,315,240,53,34,0.75,11,0,0
79,20,581,228,27,29,0.72,11,0,0
79,21,948,199,52,25,0.69,11,0,0
79,22,620,262,28,31,0.67,11,0,0
79,23,472,220,25,27,0.64,11,0,0
79,24,477,84,15,16,0.58,11,0,0
79,25,486,284,27,43,0.53,11,0,0
79,26,486,424,36,75,0.48,11,0,0
79,27,362,434,44,66,0.42,11,0,0
79,28,578,617,51,102,0.41,11,0,0
79,29,774,238,49,25,0.37,11,0,0
79,30,516,24,20,17,0.35,11,0,0
79,31,623,194,23,22,0.32,11,0,0
79,32,557,440,43,64,0.31,11,0,0
79,33,624,336,32,44,0.30,11,0,0
79,34,447,168,22,19,0.29,11,0,0
79,35,495,69,17,20,0.26,11,0,0
79,36,362,434,44,66,0.25,11,0,0
79,37,56,285,22,32,0.25,11,0,0
80,1,300,250,55,38,0.78,4,0,0
80,2,582,227,27,30,0.74,4,0,0
80,3,355,457,46,72,0.72,4,0,0
80,4,953,204,53,26,0.66,4,0,0
80,5,477,89,14,16,0.65,4,0,0
80,6,577,623,52,96,0.65,4,0,0
80,7,483,299,29,45,0.62,4,0,0
80,8,485,462,38,69,0.53,4,0,0
80,9,471,229,25,30,0.53,4,0,0
80,10,621,263,28,32,0.52,4,0,0
80,11,446,176,21,23,0.38,4,0,0
80,12,624,189,23,28,0.27,4,0,0
80,13,300,250,55,38,0.78,11,0,0
80,14,582,227,27,30,0.74,11,0,0
80,15,355,457,46,72,0.72,11,0,0
80,16,953,204,53,26,0.66,11,0,0
80,17,477,89,14,16,0.65,11,0,0
80,18,577,623,52,96,0.65,11,0,0
80,19,483,299,29,45,0.62,11,0,0
80,20,485,462,38,69,0.53,11,0,0
80,21,471,229,25,30,0.53,11,0,0
80,22,621,263,28,32,0.52,11,0,0
80,23,446,176,21,23,0.38,11,0,0
80,24,624,189,23,28,0.27,11,0,0
81,1,482,308,32,48,0.76,4,0,0
81,2,583,227,26,30,0.76,4,0,0
81,3,470,237,25,30,0.73,4,0,0
81,4,286,256,60,37,0.72,4,0,0
81,5,955,207,53,26,0.72,4,0,0
81,6,352,477,42,72,0.62,4,0,0
81,7,577,623,51,96,0.61,4,0,0
81,8,621,263,28,32,0.61,4,0,0
81,9,477,93,13,15,0.55,4,0,0
81,10,1013,532,266,184,0.41,6,0,0
81,11,556,447,41,63,0.40,4,0,0
81,12,624,336,32,44,0.37,4,0,0
81,13,495,80,17,19,0.34,4,0,0
81,14,625,192,23,26,0.33,4,0,0
81,15,641,536,57,91,0.32,4,0,0
81,16,1048,196,37,28,0.27,4,0,0
81,17,482,308,32,48,0.76,11,0,0
81,18,583,227,26,30,0.76,11,0,0
81,19,470,237,25,30,0.73,11,0,0
81,20,286,256,60,37,0.72,11,0,0
81,21,955,207,53,26,0.72,11,0,0
81,22,352,477,42,72,0.62,11,0,0
81,23,577,623,51,96,0.61,11,0,0
81,24,621,263,28,32,0.61,11,0,0
81,25,477,93,13,15,0.55,11,0,0
81,26,1013,532,266,184,0.41,11,0,0
81,27,556,447,41,63,0.40,11,0,0
81,28,624,336,32,44,0.37,11,0,0
81,29,495,80,17,19,0.34,11,0,0
81,30,625,192,23,26,0.33,11,0,0
81,31,641,536,57,91,0.32,11,0,0
81,32,1048,196,37,28,0.27,11,0,0
82,1,481,326,32,49,0.70,4,0,0
82,2,584,228,26,29,0.67,4,0,0
82,3,578,622,49,96,0.59,4,0,0
82,4,959,212,54,26,0.59,4,0,0
82,5,467,245,25,34,0.50,4,0,0
82,6,622,266,28,31,0.46,4,0,0
82,7,1052,199,38,31,0.46,4,0,0
82,8,644,538,55,91,0.37,4,0,0
82,9,271,266,56,37,0.34,6,0,0
82,10,272,265,54,38,0.32,4,0,0
82,11,554,448,43,64,0.32,4,0,0
82,12,624,337,31,43,0.29,4,0,0
82,13,626,193,22,26,0.27,4,0,0
82,14,481,326,32,49,0.70,11,0,0
82,15,584,228,26,29,0.67,11,0,0
82,16,578,622,49,96,0.59,11,0,0
82,17,959,212,54,26,0.59,11,0,0
82,18,467,245,25,34,0.50,11,0,0
82,19,622,266,28,31,0.46,11,0,0
82,20,1052,199,38,31,0.46,11,0,0
82,21,644,538,55,91,0.37,11,0,0
82,22,271,266,56,37,0.34,11,0,0
82,23,272,265,54,38,0.32,11,0,0
82,24,554,448,43,64,0.32,11,0,0
82,25,624,337,31,43,0.29,11,0,0
82,26,626,193,22,26,0.27,11,0,0
83,1,480,344,32,52,0.81,4,0,0
83,2,586,229,25,28,0.78,4,0,0
83,3,253,273,61,40,0.71,4,0,0
83,4,622,268,28,30,0.66,4,0,0
83,5,463,259,27,35,0.65,4,0,0
83,6,964,219,53,25,0.64,4,0,0
83,7,624,338,31,43,0.53,4,0,0
83,8,626,195,23,25,0.48,4,0,0
83,9,1054,206,41,30,0.45,4,0,0
83,10,551,451,44,66,0.44,4,0,0
83,11,475,103,14,15,0.39,4,0,0
83,12,1035,567,244,151,0.34,6,0,0
83,13,645,541,53,92,0.33,4,0,0
83,14,958,262,52,23,0.26,4,0,0
83,15,480,344,32,52,0.81,11,0,0
83,16,586,229,25,28,0.78,11,0,0
83,17,253,273,61,40,0.71,11,0,0
83,18,622,268,28,30,0.66,11,0,0
83,19,463,259,27,35,0.65,11,0,0
83,20,964,219,53,25,0.64,11,0,0
83,21,624,338,31,43,0.53,11,0,0
83,22,626,195,23,25,0.48,11,0,0
83,23,1054,206,41,30,0.45,11,0,0
83,24,551,451,44,66,0.44,11,0,0
83,25,475,103,14,15,0.39,11,0,0
83,26,1035,567,244,151,0.34,11,0,0
83,27,645,541,53,92,0.33,11,0,0
83,28,958,262,52,23,0.26,11,0,0
84,1,478,364,34,56,0.83,4,0,0
84,2,587,229,25,29,0.74,4,0,0
84,3,969,225,54,26,0.74,4,0,0
84,4,459,271,29,38,0.74,4,0,0
84,5,624,340,31,43,0.67,4,0,0
84,6,623,270,28,31,0.63,4,0,0
84,7,233,284,61,39,0.60,4,0,0
84,8,626,196,25,26,0.53,4,0,0
84,9,645,545,55,95,0.49,4,0,0
84,10,547,457,46,68,0.46,4,0,0
84,11,1062,213,40,30,0.44,4,0,0
84,12,318,573,55,91,0.42,4,0,0
84,13,964,269,51,23,0.31,4,0,0
84,14,492,100,18,21,0.30,4,0,0
84,15,1032,269,36,21,0.30,4,0,0
84,16,468,592,48,111,0.27,4,0,0
84,17,478,364,34,56,0.83,11,0,0
84,18,587,229,25,29,0.74,11,0,0
84,19,969,225,54,26,0.74,11,0,0
84,20,459,271,29,38,0.74,11,0,0
84,21,624,340,31,43,0.67,11,0,0
84,22,623,270,28,31,0.63,11,0,0
84,23,233,284,61,39,0.60,11,0,0
84,24,626,196,25,26,0.53,11,0,0
84,25,645,545,55,95,0.49,11,0,0
84,26,547,457,46,68,0.46,11,0,0
84,27,1062,213,40,30,0.44,11,0,0
84,28,318,573,55,91,0.42,11,0,0
84,29,964,269,51,23,0.31,11,0,0
84,30,492,100,18,21,0.30,11,0,0
84,31,1032,269,36,21,0.30,11,0,0
84,32,468,592,48,111,0.27,11,0,0
85,1,456,289,28,37,0.73,4,0,0
85,2,588,231,24,28,0.72,4,0,0
85,3,622,272,29,32,0.71,4,0,0
85,4,974,231,54,27,0.69,4,0,0
85,5,307,621,52,92,0.68,4,0,0
85,6,211,295,63,40,0.67,4,0,0
85,7,644,550,57,94,0.67,4,0,0
85,8,543,464,48,66,0.66,4,0,0
85,9,477,385,34,60,0.62,4,0,0
85,10,627,198,24,27,0.60,4,0,0
85,11,624,343,31,42,0.58,4,0,0
85,12,576,627,47,91,0.35,4,0,0
85,13,514,51,18,23,0.26,4,0,0
85,14,456,289,28,37,0.73,11,0,0
85,15,588,231,24,28,0.72,11,0,0
85,16,622,272,29,32,0.71,11,0,0
85,17,974,231,54,27,0.69,11,0,0
85,18,307,621,52,92,0.68,11,0,0
85,19,211,295,63,40,0.67,11,0,0
85,20,644,550,57,94,0.67,11,0,0
85,21,543,464,48,66,0.66,11,0,0
85,22,477,385,34,60,0.62,11,0,0
85,23,627,198,24,27,0.60,11,0,0
85,24,624,343,31,42,0.58,11,0,0
85,25,576,627,47,91,0.35,11,0,0
85,26,514,51,18,23,0.26,11,0,0
86,1,451,302,29,45,0.75,4,0,0
86,2,475,411,37,64,0.68,4,0,0
86,3,978,237,56,28,0.61,4,0,0
86,4,189,306,67,43,0.61,4,0,0
86,5,541,468,49,67,0.60,4,0,0
86,6,624,274,28,31,0.55,4,0,0
86,7,588,229,25,31,0.46,4,0,0
86,8,514,59,18,22,0.40,4,0,0
86,9,640,543,65,110,0.40,4,0,0
86,10,625,344,31,41,0.40,4,0,0
86,11,1071,222,44,34,0.38,4,0,0
86,12,486,115,23,21,0.38,4,0,0
86,13,451,302,29,45,0.75,11,0,0
86,14,475,411,37,64,0.68,11,0,0
86,15,978,237,56,28,0.61,11,0,0
86,16,189,306,67,43,0.61,11,0,0
86,17,541,468,49,67,0.60,11,0,0
86,18,624,274,28,31,0.55,11,0,0
86,19,588,229,25,31,0.46,11,0,0
86,20,514,59,18,22,0.40,11,0,0
86,21,640,543,65,110,0.40,11,0,0
86,22,625,344,31,41,0.40,11,0,0
86,23,1071,222,44,34,0.38,11,0,0
86,24,486,115,23,21,0.38,11,0,0
87,1,473,435,38,70,0.85,4,0,0
87,2,445,324,32,42,0.79,4,0,0
87,3,167,316,69,44,0.77,4,0,0
87,4,984,243,56,28,0.77,4,0,0
87,5,625,276,28,31,0.70,4,0,0
87,6,1076,228,45,34,0.68,4,0,0
87,7,534,468,53,72,0.68,4,0,0
87,8,590,231,24,30,0.66,4,0,0
87,9,513,64,18,22,0.62,4,0,0
87,10,484,121,22,25,0.60,4,0,0
87,11,397,255,38,25,0.47,4,0,0
87,12,641,555,58,98,0.42,4,0,0
87,13,625,344,32,43,0.40,4,0,0
87,14,468,128,16,17,0.30,4,0,0
87,15,627,197,25,31,0.29,4,0,0
87,16,473,435,38,70,0.85,11,0,0
87,17,445,324,32,42,0.79,11,0,0
87,18,167,316,69,44,0.77,11,0,0
87,19,984,243,56,28,0.77,11,0,0
87,20,625,276,28,31,0.70,11,0,0
87,21,1076,228,45,34,0.68,11,0,0
87,22,534,468,53,72,0.68,11,0,0
87,23,590,231,24,30,0.66,11,0,0
87,24,513,64,18,22,0.62,11,0,0
87,25,484,121,22,25,0.60,11,0,0
87,26,397,255,38,25,0.47,11,0,0
87,27,641,555,58,98,0.42,11,0,0
87,28,625,344,32,43,0.40,11,0,0
87,29,468,128,16,17,0.30,11,0,0
87,30,627,197,25,31,0.29,11,0,0
88,1,470,462,41,72,0.86,4,0,0
88,2,439,340,35,48,0.81,4,0,0
88,3,989,248,57,29,0.78,4,0,0
88,4,530,470,54,75,0.78,4,0,0
88,5,142,327,74,45,0.77,4,0,0
88,6,391,259,42,36,0.73,4,0,0
88,7,626,278,27,31,0.71,4,0,0
88,8,591,232,23,29,0.57,4,0,0
88,9,481,128,23,25,0.55,4,0,0
88,10,625,347,32,41,0.51,4,0,0
88,11,512,69,17,22,0.41,4,0,0
88,12,467,132,14,18,0.40,4,0,0
88,13,1085,233,43,34,0.37,4,0,0
88,14,649,565,51,92,0.32,4,0,0
88,15,628,199,24,32,0.31,4,0,0
88,16,575,629,50,89,0.27,4,0,0
88,17,470,462,41,72,0.86,11,0,0
88,18,439,340,35,48,0.81,11,0,0
88,19,989,248,57,29,0.78,11,0,0
88,20,530,470,54,75,0.78,11,0,0
88,21,142,327,74,45,0.77,11,0,0
88,22,391,259,42,36,0.73,11,0,0
88,23,626,278,27,31,0.71,11,0,0
88,24,591,232,23,29,0.57,11,0,0
88,25,481,128,23,25,0.55,11,0,0
88,26,625,347,32,41,0.51,11,0,0
88,27,512,69,17,22,0.41,11,0,0
88,28,467,132,14,18,0.40,11,0,0
88,29,1085,233,43,34,0.37,11,0,0
88,30,649,565,51,92,0.32,11,0,0
88,31,628,199,24,32,0.31,11,0,0
88,32,575,629,50,89,0.27,11,0,0
89,1,469,477,43,80,0.86,4,0,0
89,2,129,333,74,44,0.80,4,0,0
89,3,530,471,53,76,0.80,4,0,0
89,4,992,251,58,28,0.77,4,0,0
89,5,626,278,27,32,0.75,4,0,0
89,6,385,264,45,38,0.75,4,0,0
89,7,591,233,24,28,0.69,4,0,0
89,8,625,347,32,41,0.61,4,0,0
89,9,1086,237,46,33,0.60,4,0,0
89,10,437,354,34,46,0.58,4,0,0
89,11,510,73,19,22,0.56,4,0,0
89,12,481,131,22,27,0.53,4,0,0
89,13,466,134,15,20,0.52,4,0,0
89,14,574,630,49,88,0.43,4,0,0
89,15,1062,302,40,27,0.43,4,0,0
89,16,629,200,23,29,0.39,4,0,0
89,17,643,566,58,90,0.32,4,0,0
89,18,469,477,43,80,0.86,11,0,0
89,19,129,333,74,44,0.80,11,0,0
89,20,530,471,53,76,0.80,11,0,0
89,21,992,251,58,28,0.77,11,0,0
89,22,626,278,27,32,0.75,11,0,0
89,23,385,264,45,38,0.75,11,0,0
89,24,591,233,24,28,0.69,11,0,0
89,25,625,347,32,41,0.61,11,0,0
89,26,1086,237,46,33,0.60,11,0,0
89,27,437,354,34,46,0.58,11,0,0
89,28,510,73,19,22,0.56,11,0,0
89,29,481,131,22,27,0.53,11,0,0
89,30,466,134,15,20,0.52,11,0,0
89,31,574,630,49,88,0.43,11,0,0
89,32,1062,302,40,27,0.43,11,0,0
89,33,629,200,23,29,0.39,11,0,0
89,34,643,566,58,90,0.32,11,0,0
90,1,429,372,37,53,0.79,4,0,0
90,2,467,511,45,82,0.78,4,0,0
90,3,101,343,84,43,0.77,4,0,0
90,4,626,280,27,31,0.70,4,0,0
90,5,625,348,32,41,0.67,4,0,0
90,6,997,257,60,30,0.66,4,0,0
90,7,644,565,57,93,0.63,4,0,0
90,8,1099,243,39,31,0.61,4,0,0
90,9,526,480,55,73,0.61,4,0,0
90,10,591,233,24,28,0.58,4,0,0
90,11,508,77,21,24,0.57,4,0,0
90,12,477,138,23,28,0.36,4,0,0
90,13,1071,309,38,24,0.35,4,0,0
90,14,367,284,46,32,0.32,4,0,0
90,15,463,140,16,19,0.31,4,0,0
90,16,575,625,47,93,0.28,4,0,0
90,17,630,199,22,25,0.26,4,0,0
90,18,996,307,61,68,0.26,4,0,0
90,19,429,372,37,53,0.79,11,0,0
90,20,467,511,45,82,0.78,11,0,0
90,21,101,343,84,43,0.77,11,0,0
90,22,626,280,27,31,0.70,11,0,0
90,23,625,348,32,41,0.67,11,0,0
90,24,997,257,60,30,0.66,11,0,0
90,25,644,565,57,93,0.63,11,0,0
90,26,1099,243,39,31,0.61,11,0,0
90,27,526,480,55,73,0.61,11,0,0
90,28,591,233,24,28,0.58,11,0,0
90,29,508,77,21,24,0.57,11,0,0
90,30,477,138,23,28,0.36,11,0,0
90,31,1071,309,38,24,0.35,11,0,0
90,32,367,284,46,32,0.32,11,0,0
90,33,463,140,16,19,0.31,11,0,0
90,34,575,625,47,93,0.28,11,0,0
90,35,630,199,22,25,0.26,11,0,0
90,36,996,307,61,68,0.26,11,0,0
91,1,465,543,48,96,0.85,4,0,0
91,2,74,353,82,45,0.81,4,0,0
91,3,422,395,37,57,0.79,4,0,0
91,4,1003,262,59,30,0.77,4,0,0
91,5,519,483,58,77,0.75,4,0,0
91,6,646,565,54,95,0.67,4,0,0
91,7,626,349,32,41,0.60,4,0,0
91,8,506,80,21,25,0.55,4,0,0
91,9,627,282,27,31,0.54,4,0,0
91,10,574,621,52,97,0.53,4,0,0
91,11,461,145,16,17,0.49,4,0,0
91,12,631,198,23,26,0.44,4,0,0
91,13,350,307,34,24,0.41,4,0,0
91,14,476,148,21,27,0.39,4,0,0
91,15,1003,314,59,32,0.31,4,0,0
91,16,465,543,48,96,0.85,11,0,0
91,17,74,353,82,45,0.81,11,0,0
91,18,422,395,37,57,0.79,11,0,0
91,19,1003,262,59,30,0.77,11,0,0
91,20,519,483,58,77,0.75,11,0,0
91,21,646,565,54,95,0.67,11,0,0
91,22,626,349,32,41,0.60,11,0,0
91,23,506,80,21,25,0.55,11,0,0
91,24,627,282,27,31,0.54,11,0,0
91,25,574,621,52,97,0.53,11,0,0
91,26,461,145,16,17,0.49,11,0,0
91,27,631,198,23,26,0.44,11,0,0
91,28,350,307,34,24,0.41,11,0,0
91,29,476,148,21,27,0.39,11,0,0
91,30,1003,314,59,32,0.31,11,0,0
92,1,412,419,42,61,0.85,4,0,0
92,2,461,583,52,105,0.82,4,0,0
92,3,335,303,55,42,0.81,4,0,0
92,4,48,365,82,46,0.81,4,0,0
92,5,1009,267,60,31,0.78,4,0,0
92,6,648,566,55,96,0.72,4,0,0
92,7,574,625,50,93,0.69,4,0,0
92,8,627,283,27,32,0.63,4,0,0
92,9,513,493,60,69,0.62,4,0,0
92,10,505,86,20,27,0.55,4,0,0
92,11,457,149,18,20,0.54,4,0,0
92,12,626,351,31,41,0.50,4,0,0
92,13,1108,252,46,34,0.46,4,0,0
92,14,631,198,23,28,0.43,4,0,0
92,15,1009,322,61,32,0.41,4,0,0
92,16,471,154,25,30,0.34,4,0,0
92,17,412,419,42,61,0.85,11,0,0
92,18,461,583,52,105,0.82,11,0,0
92,19,335,303,55,42,0.81,11,0,0
92,20,48,365,82,46,0.81,11,0,0
92,21,1009,267,60,31,0.78,11,0,0
92,22,648,566,55,96,0.72,11,0,0
92,23,574,625,50,93,0.69,11,0,0
92,24,627,283,27,32,0.63,11,0,0
92,25,513,493,60,69,0.62,11,0,0
92,26,505,86,20,27,0.55,11,0,0
92,27,457,149,18,20,0.54,11,0,0
92,28,626,351,31,41,0.50,11,0,0
92,29,1108,252,46,34,0.46,11,0,0
92,30,631,198,23,28,0.43,11,0,0
92,31,1009,322,61,32,0.41,11,0,0
92,32,471,154,25,30,0.34,11,0,0
93,1,18,373,85,48,0.78,4,0,0
93,2,455,626,54,94,0.78,4,0,0
93,3,1017,274,60,30,0.77,4,0,0
93,4,402,446,45,69,0.69,4,0,0
93,5,320,315,58,44,0.67,4,0,0
93,6,628,285,27,32,0.66,4,0,0
93,7,503,93,23,27,0.64,4,0,0
93,8,504,496,65,73,0.53,4,0,0
93,9,1094,331,41,30,0.47,4,0,0
93,10,649,567,56,103,0.47,4,0,0
93,11,470,163,23,30,0.46,4,0,0
93,12,631,198,25,28,0.45,4,0,0
93,13,1115,259,48,34,0.42,4,0,0
93,14,572,627,55,91,0.35,4,0,0
93,15,0,650,50,66,0.30,4,0,0
93,16,592,230,27,32,0.29,4,0,0
93,17,628,352,30,42,0.25,4,0,0
93,18,18,373,85,48,0.78,11,0,0
93,19,455,626,54,94,0.78,11,0,0
93,20,1017,274,60,30,0.77,11,0,0
93,21,402,446,45,69,0.69,11,0,0
93,22,320,315,58,44,0.67,11,0,0
93,23,628,285,27,32,0.66,11,0,0
93,24,503,93,23,27,0.64,11,0,0
93,25,504,496,65,73,0.53,11,0,0
93,26,1094,331,41,30,0.47,11,0,0
93,27,649,567,56,103,0.47,11,0,0
93,28,470,163,23,30,0.46,11,0,0
93,29,631,198,25,28,0.45,11,0,0
93,30,1115,259,48,34,0.42,11,0,0
93,31,572,627,55,91,0.35,11,0,0
93,32,0,650,50,66,0.30,11,0,0
93,33,592,230,27,32,0.29,11,0,0
93,34,628,352,30,42,0.25,11,0,0
