1,1,340,613,53,64,0.83,4,0,0
1,2,626,462,29,27,0.70,4,0,0
1,3,364,584,50,31,0.60,4,0,0
1,4,435,484,30,32,0.60,4,0,0
1,5,582,366,15,16,0.59,4,0,0
1,6,423,515,32,39,0.57,4,0,0
1,7,477,434,24,23,0.51,4,0,0
1,8,382,540,35,49,0.50,4,0,0
1,9,823,479,37,39,0.46,4,0,0
1,10,593,349,15,15,0.43,4,0,0
1,11,383,556,32,34,0.42,4,0,0
1,12,680,431,21,36,0.37,6,0,0
1,13,633,393,18,24,0.37,4,0,0
1,14,666,364,15,14,0.36,4,0,0
1,15,823,605,43,54,0.32,4,0,0
1,16,445,471,23,24,0.31,4,0,0
1,17,487,412,26,24,0.30,4,0,0
1,18,465,474,18,28,0.30,4,0,0
1,19,340,613,53,64,0.83,11,0,0
1,20,626,462,29,27,0.70,11,0,0
1,21,364,584,50,31,0.60,11,0,0
1,22,435,484,30,32,0.60,11,0,0
1,23,582,366,15,16,0.59,11,0,0
1,24,423,515,32,39,0.57,11,0,0
1,25,477,434,24,23,0.51,11,0,0
1,26,382,540,35,49,0.50,11,0,0
1,27,823,479,37,39,0.46,11,0,0
1,28,593,349,15,15,0.43,11,0,0
1,29,383,556,32,34,0.42,11,0,0
1,30,680,431,21,36,0.37,11,0,0
1,31,633,393,18,24,0.37,11,0,0
1,32,666,364,15,14,0.36,11,0,0
1,33,823,605,43,54,0.32,11,0,0
1,34,445,471,23,24,0.31,11,0,0
1,35,487,412,26,24,0.30,11,0,0
1,36,465,474,18,28,0.30,11,0,0
2,1,337,616,55,67,0.82,4,0,0
2,2,433,485,31,34,0.72,4,0,0
2,3,425,518,30,39,0.67,4,0,0
2,4,381,542,35,49,0.66,4,0,0
2,5,627,460,28,28,0.65,4,0,0
2,6,581,369,15,16,0.60,4,0,0
2,7,362,585,52,30,0.55,4,0,0
2,8,475,436,26,23,0.54,4,0,0
2,9,633,393,18,23,0.50,4,0,0
2,10,464,477,18,27,0.47,4,0,0
2,11,445,471,23,22,0.44,4,0,0
2,12,823,481,37,39,0.34,4,0,0
2,13,487,413,22,24,0.33,4,0,0
2,14,680,432,22,37,0.33,6,0,0
2,15,665,364,16,15,0.32,4,0,0
2,16,687,469,21,33,0.30,4,0,0
2,17,337,616,55,67,0.82,11,0,0
2,18,433,485,31,34,0.72,11,0,0
2,19,425,518,30,39,0.67,11,0,0
2,20,381,542,35,49,0.66,11,0,0
2,21,627,460,28,28,0.65,11,0,0
2,22,581,369,15,16,0.60,11,0,0
2,23,362,585,52,30,0.55,11,0,0
2,24,475,436,26,23,0.54,11,0,0
2,25,633,393,18,23,0.50,11,0,0
2,26,464,477,18,27,0.47,11,0,0
2,27,445,471,23,22,0.44,11,0,0
2,28,823,481,37,39,0.34,11,0,0
2,29,487,413,22,24,0.33,11,0,0
2,30,680,432,22,37,0.33,11,0,0
2,31,665,364,16,15,0.32,11,0,0
2,32,687,469,21,33,0.30,11,0,0
3,1,336,619,54,67,0.85,4,0,0
3,2,433,486,30,35,0.73,4,0,0
3,3,425,519,29,40,0.67,4,0,0
3,4,627,461,28,28,0.66,4,0,0
3,5,379,545,37,48,0.66,4,0,0
3,6,474,437,27,24,0.58,4,0,0
3,7,632,393,19,20,0.55,4,0,0
3,8,581,370,14,17,0.53,4,0,0
3,9,824,483,37,39,0.46,4,0,0
3,10,463,479,18,26,0.44,4,0,0
3,11,687,470,23,34,0.44,4,0,0
3,12,361,587,52,32,0.43,4,0,0
3,13,444,472,25,23,0.41,4,0,0
3,14,486,415,24,23,0.39,4,0,0
3,15,680,434,23,37,0.32,6,0,0
3,16,666,365,15,15,0.31,4,0,0
3,17,680,434,22,37,0.27,4,0,0
3,18,336,619,54,67,0.85,11,0,0
3,19,433,486,30,35,0.73,11,0,0
3,20,425,519,29,40,0.67,11,0,0
3,21,627,461,28,28,0.66,11,0,0
3,22,379,545,37,48,0.66,11,0,0
3,23,474,437,27,24,0.58,11,0,0
3,24,632,393,19,20,0.55,11,0,0
3,25,581,370,14,17,0.53,11,0,0
3,26,824,483,37,39,0.46,11,0,0
3,27,463,479,18,26,0.44,11,0,0
3,28,687,470,23,34,0.44,11,0,0
3,29,361,587,52,32,0.43,11,0,0
3,30,444,472,25,23,0.41,11,0,0
3,31,486,415,24,23,0.39,11,0,0
3,32,680,434,23,37,0.32,11,0,0
3,33,666,365,15,15,0.31,11,0,0
3,34,680,434,22,37,0.27,11,0,0
4,1,333,622,55,68,0.83,4,0,0
4,2,432,488,30,34,0.72,4,0,0
4,3,423,520,30,41,0.70,4,0,0
4,4,474,439,26,24,0.66,4,0,0
4,5,628,460,27,29,0.64,4,0,0
4,6,582,373,14,18,0.62,4,0,0
4,7,632,393,19,19,0.60,4,0,0
4,8,360,591,51,32,0.57,4,0,0
4,9,377,547,38,49,0.54,4,0,0
4,10,486,417,23,24,0.51,4,0,0
4,11,463,482,18,26,0.49,4,0,0
4,12,688,471,22,36,0.47,4,0,0
4,13,825,484,37,40,0.43,4,0,0
4,14,681,435,22,37,0.42,6,0,0
4,15,444,475,25,21,0.33,4,0,0
4,16,666,365,15,16,0.29,4,0,0
4,17,593,354,13,15,0.25,4,0,0
4,18,333,622,55,68,0.83,11,0,0
4,19,432,488,30,34,0.72,11,0,0
4,20,423,520,30,41,0.70,11,0,0
4,21,474,439,26,24,0.66,11,0,0
4,22,628,460,27,29,0.64,11,0,0
4,23,582,373,14,18,0.62,11,0,0
4,24,632,393,19,19,0.60,11,0,0
4,25,360,591,51,32,0.57,11,0,0
4,26,377,547,38,49,0.54,11,0,0
4,27,486,417,23,24,0.51,11,0,0
4,28,463,482,18,26,0.49,11,0,0
4,29,688,471,22,36,0.47,11,0,0
4,30,825,484,37,40,0.43,11,0,0
4,31,681,435,22,37,0.42,11,0,0
4,32,444,475,25,21,0.33,11,0,0
4,33,666,365,15,16,0.29,11,0,0
4,34,593,354,13,15,0.25,11,0,0
5,1,329,629,57,71,0.82,4,0,0
5,2,591,359,15,15,0.72,4,0,0
5,3,579,379,15,16,0.67,4,0,0
5,4,629,461,26,28,0.65,4,0,0
5,5,429,492,33,35,0.64,4,0,0
5,6,421,526,31,41,0.63,4,0,0
5,7,473,442,24,23,0.58,4,0,0
5,8,632,392,18,20,0.56,4,0,0
5,9,827,489,38,40,0.56,4,0,0
5,10,357,598,52,34,0.54,4,0,0
5,11,688,473,21,38,0.51,4,0,0
5,12,460,486,19,25,0.49,4,0,0
5,13,375,554,35,49,0.44,4,0,0
5,14,485,419,22,26,0.43,4,0,0
5,15,681,439,22,36,0.42,6,0,0
5,16,329,629,57,71,0.82,11,0,0
5,17,591,359,15,15,0.72,11,0,0
5,18,579,379,15,16,0.67,11,0,0
5,19,629,461,26,28,0.65,11,0,0
5,20,429,492,33,35,0.64,11,0,0
5,21,421,526,31,41,0.63,11,0,0
5,22,473,442,24,23,0.58,11,0,0
5,23,632,392,18,20,0.56,11,0,0
5,24,827,489,38,40,0.56,11,0,0
5,25,357,598,52,34,0.54,11,0,0
5,26,688,473,21,38,0.51,11,0,0
5,27,460,486,19,25,0.49,11,0,0
5,28,375,554,35,49,0.44,11,0,0
5,29,485,419,22,26,0.43,11,0,0
5,30,681,439,22,36,0.42,11,0,0
6,1,323,636,61,76,0.75,4,0,0
6,2,577,386,16,19,0.67,4,0,0
6,3,630,461,24,28,0.61,4,0,0
6,4,471,444,26,27,0.61,4,0,0
6,5,590,365,14,15,0.57,4,0,0
6,6,682,441,21,38,0.54,6,0,0
6,7,426,500,31,33,0.49,4,0,0
6,8,484,422,22,25,0.47,4,0,0
6,9,631,392,18,20,0.47,4,0,0
6,10,417,533,32,39,0.44,4,0,0
6,11,666,370,15,16,0.43,4,0,0
6,12,828,493,36,38,0.39,4,0,0
6,13,459,490,18,26,0.36,4,0,0
6,14,214,567,49,37,0.35,4,0,0
6,15,370,559,37,52,0.33,4,0,0
6,16,688,477,22,38,0.27,4,0,0
6,17,354,605,50,32,0.25,4,0,0
6,18,323,636,61,76,0.75,11,0,0
6,19,577,386,16,19,0.67,11,0,0
6,20,630,461,24,28,0.61,11,0,0
6,21,471,444,26,27,0.61,11,0,0
6,22,590,365,14,15,0.57,11,0,0
6,23,682,441,21,38,0.54,11,0,0
6,24,426,500,31,33,0.49,11,0,0
6,25,484,422,22,25,0.47,11,0,0
6,26,631,392,18,20,0.47,11,0,0
6,27,417,533,32,39,0.44,11,0,0
6,28,666,370,15,16,0.43,11,0,0
6,29,828,493,36,38,0.39,11,0,0
6,30,459,490,18,26,0.36,11,0,0
6,31,214,567,49,37,0.35,11,0,0
6,32,370,559,37,52,0.33,11,0,0
6,33,688,477,22,38,0.27,11,0,0
6,34,354,605,50,32,0.25,11,0,0
7,1,317,646,59,70,0.80,4,0,0
7,2,574,392,17,20,0.71,4,0,0
7,3,468,448,27,25,0.70,4,0,0
7,4,629,463,24,26,0.68,4,0,0
7,5,423,502,30,35,0.56,4,0,0
7,6,588,369,14,16,0.56,4,0,0
7,7,681,445,23,38,0.56,6,0,0
7,8,482,425,26,27,0.55,4,0,0
7,9,631,391,18,20,0.52,4,0,0
7,10,413,537,34,39,0.48,4,0,0
7,11,366,584,32,34,0.43,4,0,0
7,12,348,612,52,34,0.43,4,0,0
7,13,207,569,64,43,0.38,4,0,0
7,14,375,564,30,28,0.36,4,0,0
7,15,666,371,15,17,0.34,4,0,0
7,16,512,433,17,25,0.32,4,0,0
7,17,456,495,19,26,0.31,4,0,0
7,18,830,497,35,38,0.30,4,0,0
7,19,317,646,59,70,0.80,11,0,0
7,20,574,392,17,20,0.71,11,0,0
7,21,468,448,27,25,0.70,11,0,0
7,22,629,463,24,26,0.68,11,0,0
7,23,423,502,30,35,0.56,11,0,0
7,24,588,369,14,16,0.56,11,0,0
7,25,681,445,23,38,0.56,11,0,0
7,26,482,425,26,27,0.55,11,0,0
7,27,631,391,18,20,0.52,11,0,0
7,28,413,537,34,39,0.48,11,0,0
7,29,366,584,32,34,0.43,11,0,0
7,30,348,612,52,34,0.43,11,0,0
7,31,207,569,64,43,0.38,11,0,0
7,32,375,564,30,28,0.36,11,0,0
7,33,666,371,15,17,0.34,11,0,0
7,34,512,433,17,25,0.32,11,0,0
7,35,456,495,19,26,0.31,11,0,0
7,36,830,497,35,38,0.30,11,0,0
8,1,313,654,60,64,0.74,4,0,0
8,2,572,398,18,20,0.66,4,0,0
8,3,421,507,32,36,0.65,4,0,0
8,4,629,462,24,27,0.65,4,0,0
8,5,466,452,27,27,0.58,4,0,0
8,6,681,448,23,40,0.57,6,0,0
8,7,480,427,24,26,0.54,4,0,0
8,8,586,375,15,15,0.48,4,0,0
8,9,410,542,34,41,0.48,4,0,0
8,10,631,391,18,20,0.45,4,0,0
8,11,345,617,53,36,0.41,4,0,0
8,12,510,437,16,24,0.40,4,0,0
8,13,361,570,39,56,0.39,4,0,0
8,14,689,487,22,36,0.38,4,0,0
8,15,666,374,15,16,0.37,4,0,0
8,16,454,501,19,25,0.32,4,0,0
8,17,201,574,66,45,0.26,4,0,0
8,18,369,571,32,26,0.25,4,0,0
8,19,831,502,37,40,0.25,4,0,0
8,20,313,654,60,64,0.74,11,0,0
8,21,572,398,18,20,0.66,11,0,0
8,22,421,507,32,36,0.65,11,0,0
8,23,629,462,24,27,0.65,11,0,0
8,24,466,452,27,27,0.58,11,0,0
8,25,681,448,23,40,0.57,11,0,0
8,26,480,427,24,26,0.54,11,0,0
8,27,586,375,15,15,0.48,11,0,0
8,28,410,542,34,41,0.48,11,0,0
8,29,631,391,18,20,0.45,11,0,0
8,30,345,617,53,36,0.41,11,0,0
8,31,510,437,16,24,0.40,11,0,0
8,32,361,570,39,56,0.39,11,0,0
8,33,689,487,22,36,0.38,11,0,0
8,34,666,374,15,16,0.37,11,0,0
8,35,454,501,19,25,0.32,11,0,0
8,36,201,574,66,45,0.26,11,0,0
8,37,369,571,32,26,0.25,11,0,0
8,38,831,502,37,40,0.25,11,0,0
9,1,311,659,59,60,0.79,4,0,0
9,2,465,453,28,28,0.69,4,0,0
9,3,570,401,20,21,0.68,4,0,0
9,4,629,463,24,26,0.64,4,0,0
9,5,420,509,32,35,0.62,4,0,0
9,6,682,450,22,38,0.56,6,0,0
9,7,341,623,51,35,0.47,4,0,0
9,8,585,378,16,16,0.46,4,0,0
9,9,478,431,25,24,0.45,4,0,0
9,10,666,376,15,15,0.45,4,0,0
9,11,406,546,36,41,0.43,4,0,0
9,12,689,489,21,28,0.43,4,0,0
9,13,630,391,18,20,0.37,4,0,0
9,14,453,501,19,28,0.29,4,0,0
9,15,509,439,17,25,0.27,4,0,0
9,16,366,573,33,41,0.27,4,0,0
9,17,311,659,59,60,0.79,11,0,0
9,18,465,453,28,28,0.69,11,0,0
9,19,570,401,20,21,0.68,11,0,0
9,20,629,463,24,26,0.64,11,0,0
9,21,420,509,32,35,0.62,11,0,0
9,22,682,450,22,38,0.56,11,0,0
9,23,341,623,51,35,0.47,11,0,0
9,24,585,378,16,16,0.46,11,0,0
9,25,478,431,25,24,0.45,11,0,0
9,26,666,376,15,15,0.45,11,0,0
9,27,406,546,36,41,0.43,11,0,0
9,28,689,489,21,28,0.43,11,0,0
9,29,630,391,18,20,0.37,11,0,0
9,30,453,501,19,28,0.29,11,0,0
9,31,509,439,17,25,0.27,11,0,0
9,32,366,573,33,41,0.27,11,0,0
10,1,465,455,28,27,0.71,4,0,0
10,2,305,665,61,53,0.70,4,0,0
10,3,417,514,33,37,0.62,4,0,0
10,4,628,463,25,26,0.61,4,0,0
10,5,478,432,24,25,0.54,4,0,0
10,6,682,453,25,40,0.54,6,0,0
10,7,410,552,32,41,0.52,4,0,0
10,8,568,408,19,20,0.51,4,0,0
10,9,835,508,33,38,0.49,4,0,0
10,10,688,492,24,32,0.46,4,0,0
10,11,666,377,16,16,0.45,4,0,0
10,12,338,627,54,36,0.44,4,0,0
10,13,190,583,70,46,0.43,4,0,0
10,14,631,391,18,20,0.34,4,0,0
10,15,368,580,26,26,0.29,4,0,0
10,16,584,382,17,18,0.29,4,0,0
10,17,452,504,19,28,0.28,4,0,0
10,18,355,599,38,36,0.27,4,0,0
10,19,465,455,28,27,0.71,11,0,0
10,20,305,665,61,53,0.70,11,0,0
10,21,417,514,33,37,0.62,11,0,0
10,22,628,463,25,26,0.61,11,0,0
10,23,478,432,24,25,0.54,11,0,0
10,24,682,453,25,40,0.54,11,0,0
10,25,410,552,32,41,0.52,11,0,0
10,26,568,408,19,20,0.51,11,0,0
10,27,835,508,33,38,0.49,11,0,0
10,28,688,492,24,32,0.46,11,0,0
10,29,666,377,16,16,0.45,11,0,0
10,30,338,627,54,36,0.44,11,0,0
10,31,190,583,70,46,0.43,11,0,0
10,32,631,391,18,20,0.34,11,0,0
10,33,368,580,26,26,0.29,11,0,0
10,34,584,382,17,18,0.29,11,0,0
10,35,452,504,19,28,0.28,11,0,0
10,36,355,599,38,36,0.27,11,0,0
11,1,306,675,56,44,0.73,4,0,0
11,2,463,459,29,27,0.69,4,0,0
11,3,415,517,33,37,0.68,4,0,0
11,4,404,553,36,46,0.62,4,0,0
11,5,627,461,26,28,0.57,4,0,0
11,6,477,435,24,24,0.56,4,0,0
11,7,845,665,54,54,0.53,4,0,0
11,8,683,456,24,39,0.52,6,0,0
11,9,689,495,25,39,0.52,4,0,0
11,10,666,379,16,17,0.45,4,0,0
11,11,186,587,86,50,0.43,4,0,0
11,12,450,507,20,30,0.40,4,0,0
11,13,428,502,27,27,0.38,4,0,0
11,14,836,511,34,37,0.33,4,0,0
11,15,567,414,18,21,0.33,4,0,0
11,16,350,606,43,39,0.32,4,0,0
11,17,365,583,31,28,0.27,4,0,0
11,18,306,675,56,44,0.73,11,0,0
11,19,463,459,29,27,0.69,11,0,0
11,20,415,517,33,37,0.68,11,0,0
11,21,404,553,36,46,0.62,11,0,0
11,22,627,461,26,28,0.57,11,0,0
11,23,477,435,24,24,0.56,11,0,0
11,24,845,665,54,54,0.53,11,0,0
11,25,683,456,24,39,0.52,11,0,0
11,26,689,495,25,39,0.52,11,0,0
11,27,666,379,16,17,0.45,11,0,0
11,28,186,587,86,50,0.43,11,0,0
11,29,450,507,20,30,0.40,11,0,0
11,30,428,502,27,27,0.38,11,0,0
11,31,836,511,34,37,0.33,11,0,0
11,32,567,414,18,21,0.33,11,0,0
11,33,350,606,43,39,0.32,11,0,0
11,34,365,583,31,28,0.27,11,0,0
12,1,302,683,55,36,0.69,4,0,0
12,2,412,523,36,36,0.68,4,0,0
12,3,398,559,38,46,0.63,4,0,0
12,4,565,422,17,21,0.62,4,0,0
12,5,627,461,26,28,0.55,4,0,0
12,6,475,437,24,27,0.55,4,0,0
12,7,690,502,24,37,0.52,4,0,0
12,8,462,462,28,27,0.50,4,0,0
12,9,583,392,15,19,0.49,4,0,0
12,10,331,647,53,33,0.39,4,0,0
12,11,666,380,16,18,0.36,4,0,0
12,12,683,460,26,42,0.35,6,0,0
12,13,448,513,19,30,0.32,4,0,0
12,14,347,615,38,38,0.32,4,0,0
12,15,849,675,54,43,0.31,4,0,0
12,16,683,460,26,41,0.31,4,0,0
12,17,839,516,40,43,0.29,4,0,0
12,18,631,390,18,20,0.29,4,0,0
12,19,302,683,55,36,0.69,11,0,0
12,20,412,523,36,36,0.68,11,0,0
12,21,398,559,38,46,0.63,11,0,0
12,22,565,422,17,21,0.62,11,0,0
12,23,627,461,26,28,0.55,11,0,0
12,24,475,437,24,27,0.55,11,0,0
12,25,690,502,24,37,0.52,11,0,0
12,26,462,462,28,27,0.50,11,0,0
12,27,583,392,15,19,0.49,11,0,0
12,28,331,647,53,33,0.39,11,0,0
12,29,666,380,16,18,0.36,11,0,0
12,30,683,460,26,42,0.35,11,0,0
12,31,448,513,19,30,0.32,11,0,0
12,32,347,615,38,38,0.32,11,0,0
12,33,849,675,54,43,0.31,11,0,0
12,34,683,460,26,41,0.31,11,0,0
12,35,839,516,40,43,0.29,11,0,0
12,36,631,390,18,20,0.29,11,0,0
13,1,560,429,21,22,0.71,4,0,0
13,2,410,529,32,37,0.63,4,0,0
13,3,627,463,26,27,0.61,4,0,0
13,4,461,467,27,27,0.60,4,0,0
13,5,580,397,18,20,0.56,4,0,0
13,6,397,568,36,45,0.55,4,0,0
13,7,325,656,56,37,0.54,4,0,0
13,8,667,384,16,17,0.50,4,0,0
13,9,841,521,39,43,0.45,4,0,0
13,10,684,464,26,41,0.44,6,0,0
13,11,474,440,25,28,0.43,4,0,0
13,12,690,505,25,29,0.39,4,0,0
13,13,446,517,20,30,0.34,4,0,0
13,14,631,391,18,19,0.27,4,0,0
13,15,560,429,21,22,0.71,11,0,0
13,16,410,529,32,37,0.63,11,0,0
13,17,627,463,26,27,0.61,11,0,0
13,18,461,467,27,27,0.60,11,0,0
13,19,580,397,18,20,0.56,11,0,0
13,20,397,568,36,45,0.55,11,0,0
13,21,325,656,56,37,0.54,11,0,0
13,22,667,384,16,17,0.50,11,0,0
13,23,841,521,39,43,0.45,11,0,0
13,24,684,464,26,41,0.44,11,0,0
13,25,474,440,25,28,0.43,11,0,0
13,26,690,505,25,29,0.39,11,0,0
13,27,446,517,20,30,0.34,11,0,0
13,28,631,391,18,19,0.27,11,0,0
14,1,397,578,39,43,0.70,4,0,0
14,2,576,404,18,22,0.69,4,0,0
14,3,556,437,21,24,0.69,4,0,0
14,4,457,470,29,30,0.67,4,0,0
14,5,405,534,33,36,0.64,4,0,0
14,6,666,387,17,16,0.58,4,0,0
14,7,627,464,26,26,0.53,4,0,0
14,8,499,466,17,24,0.45,4,0,0
14,9,691,510,25,41,0.44,4,0,0
14,10,683,468,26,42,0.42,4,0,0
14,11,163,609,78,52,0.40,4,0,0
14,12,472,445,24,26,0.32,4,0,0
14,13,419,514,42,39,0.31,4,0,0
14,14,845,526,38,43,0.28,4,0,0
14,15,397,578,39,43,0.70,11,0,0
14,16,576,404,18,22,0.69,11,0,0
14,17,556,437,21,24,0.69,11,0,0
14,18,457,470,29,30,0.67,11,0,0
14,19,405,534,33,36,0.64,11,0,0
14,20,666,387,17,16,0.58,11,0,0
14,21,627,464,26,26,0.53,11,0,0
14,22,499,466,17,24,0.45,11,0,0
14,23,691,510,25,41,0.44,11,0,0
14,24,683,468,26,42,0.42,11,0,0
14,25,163,609,78,52,0.40,11,0,0
14,26,472,445,24,26,0.32,11,0,0
14,27,419,514,42,39,0.31,11,0,0
14,28,845,526,38,43,0.28,11,0,0
15,1,554,446,21,25,0.74,4,0,0
15,2,402,538,33,40,0.71,4,0,0
15,3,454,473,30,30,0.65,4,0,0
15,4,393,583,35,42,0.64,4,0,0
15,5,573,412,19,20,0.63,4,0,0
15,6,667,390,15,15,0.58,4,0,0
15,7,626,465,27,26,0.56,4,0,0
15,8,471,448,22,25,0.44,4,0,0
15,9,155,616,78,56,0.43,4,0,0
15,10,630,390,18,18,0.40,4,0,0
15,11,496,468,18,28,0.39,4,0,0
15,12,845,530,37,44,0.37,4,0,0
15,13,691,516,23,38,0.36,4,0,0
15,14,684,471,26,42,0.33,4,0,0
15,15,311,678,58,34,0.31,4,0,0
15,16,416,517,41,40,0.31,4,0,0
15,17,683,471,27,42,0.27,6,0,0
15,18,554,446,21,25,0.74,11,0,0
15,19,402,538,33,40,0.71,11,0,0
15,20,454,473,30,30,0.65,11,0,0
15,21,393,583,35,42,0.64,11,0,0
15,22,573,412,19,20,0.63,11,0,0
15,23,667,390,15,15,0.58,11,0,0
15,24,626,465,27,26,0.56,11,0,0
15,25,471,448,22,25,0.44,11,0,0
15,26,155,616,78,56,0.43,11,0,0
15,27,630,390,18,18,0.40,11,0,0
15,28,496,468,18,28,0.39,11,0,0
15,29,845,530,37,44,0.37,11,0,0
15,30,691,516,23,38,0.36,11,0,0
15,31,684,471,26,42,0.33,11,0,0
15,32,311,678,58,34,0.31,11,0,0
15,33,416,517,41,40,0.31,11,0,0
15,34,683,471,27,42,0.27,11,0,0
16,1,550,455,22,26,0.73,4,0,0
16,2,570,419,19,21,0.72,4,0,0
16,3,398,544,35,39,0.65,4,0,0
16,4,451,476,31,31,0.62,4,0,0
16,5,666,391,15,16,0.52,4,0,0
16,6,845,535,41,45,0.46,4,0,0
16,7,468,451,26,28,0.45,4,0,0
16,8,388,589,36,45,0.43,4,0,0
16,9,691,520,22,36,0.37,4,0,0
16,10,625,465,27,27,0.36,4,0,0
16,11,682,475,27,43,0.36,6,0,0
16,12,629,390,18,17,0.34,4,0,0
16,13,145,625,77,54,0.33,4,0,0
16,14,595,364,14,15,0.26,4,0,0
16,15,550,455,22,26,0.73,11,0,0
16,16,570,419,19,21,0.72,11,0,0
16,17,398,544,35,39,0.65,11,0,0
16,18,451,476,31,31,0.62,11,0,0
16,19,666,391,15,16,0.52,11,0,0
16,20,845,535,41,45,0.46,11,0,0
16,21,468,451,26,28,0.45,11,0,0
16,22,388,589,36,45,0.43,11,0,0
16,23,691,520,22,36,0.37,11,0,0
16,24,625,465,27,27,0.36,11,0,0
16,25,682,475,27,43,0.36,11,0,0
16,26,629,390,18,17,0.34,11,0,0
16,27,145,625,77,54,0.33,11,0,0
16,28,595,364,14,15,0.26,11,0,0
17,1,548,462,21,25,0.76,4,0,0
17,2,396,547,35,40,0.68,4,0,0
17,3,449,479,30,30,0.65,4,0,0
17,4,568,423,19,21,0.60,4,0,0
17,5,624,465,27,27,0.58,4,0,0
17,6,665,392,16,17,0.52,4,0,0
17,7,465,453,26,29,0.51,4,0,0
17,8,846,538,41,44,0.42,4,0,0
17,9,629,390,17,17,0.39,4,0,0
17,10,682,477,26,41,0.37,6,0,0
17,11,690,524,23,37,0.34,4,0,0
17,12,385,591,34,48,0.32,4,0,0
17,13,593,365,14,17,0.28,4,0,0
17,14,548,462,21,25,0.76,11,0,0
17,15,396,547,35,40,0.68,11,0,0
17,16,449,479,30,30,0.65,11,0,0
17,17,568,423,19,21,0.60,11,0,0
17,18,624,465,27,27,0.58,11,0,0
17,19,665,392,16,17,0.52,11,0,0
17,20,465,453,26,29,0.51,11,0,0
17,21,846,538,41,44,0.42,11,0,0
17,22,629,390,17,17,0.39,11,0,0
17,23,682,477,26,41,0.37,11,0,0
17,24,690,524,23,37,0.34,11,0,0
17,25,385,591,34,48,0.32,11,0,0
17,26,593,365,14,17,0.28,11,0,0
18,1,544,471,21,27,0.74,4,0,0
18,2,391,552,35,39,0.73,4,0,0
18,3,446,482,31,32,0.71,4,0,0
18,4,564,431,20,22,0.62,4,0,0
18,5,461,455,28,29,0.58,4,0,0
18,6,681,480,28,45,0.57,6,0,0
18,7,664,393,17,18,0.53,4,0,0
18,8,627,465,24,25,0.51,4,0,0
18,9,592,366,15,17,0.47,4,0,0
18,10,430,539,21,33,0.46,4,0,0
18,11,628,388,18,19,0.46,4,0,0
18,12,379,596,38,51,0.44,4,0,0
18,13,689,527,26,39,0.35,4,0,0
18,14,407,534,25,28,0.33,4,0,0
18,15,544,471,21,27,0.74,11,0,0
18,16,391,552,35,39,0.73,11,0,0
18,17,446,482,31,32,0.71,11,0,0
18,18,564,431,20,22,0.62,11,0,0
18,19,461,455,28,29,0.58,11,0,0
18,20,681,480,28,45,0.57,11,0,0
18,21,664,393,17,18,0.53,11,0,0
18,22,627,465,24,25,0.51,11,0,0
18,23,592,366,15,17,0.47,11,0,0
18,24,430,539,21,33,0.46,11,0,0
18,25,628,388,18,19,0.46,11,0,0
18,26,379,596,38,51,0.44,11,0,0
18,27,689,527,26,39,0.35,11,0,0
18,28,407,534,25,28,0.33,11,0,0
19,1,387,557,35,41,0.77,4,0,0
19,2,444,486,30,31,0.76,4,0,0
19,3,459,458,30,30,0.64,4,0,0
19,4,535,481,26,30,0.59,4,0,0
19,5,662,394,18,19,0.51,4,0,0
19,6,561,437,21,26,0.49,4,0,0
19,7,592,368,14,17,0.48,4,0,0
19,8,627,466,24,24,0.45,4,0,0
19,9,426,543,23,35,0.40,4,0,0
19,10,628,387,18,18,0.36,4,0,0
19,11,483,485,21,30,0.36,4,0,0
19,12,681,483,29,46,0.34,6,0,0
19,13,689,530,26,37,0.33,4,0,0
19,14,403,537,29,38,0.29,4,0,0
19,15,305,673,42,45,0.28,4,0,0
19,16,376,604,32,44,0.25,4,0,0
19,17,387,557,35,41,0.77,11,0,0
19,18,444,486,30,31,0.76,11,0,0
19,19,459,458,30,30,0.64,11,0,0
19,20,535,481,26,30,0.59,11,0,0
19,21,662,394,18,19,0.51,11,0,0
19,22,561,437,21,26,0.49,11,0,0
19,23,592,368,14,17,0.48,11,0,0
19,24,627,466,24,24,0.45,11,0,0
19,25,426,543,23,35,0.40,11,0,0
19,26,628,387,18,18,0.36,11,0,0
19,27,483,485,21,30,0.36,11,0,0
19,28,681,483,29,46,0.34,11,0,0
19,29,689,530,26,37,0.33,11,0,0
19,30,403,537,29,38,0.29,11,0,0
19,31,305,673,42,45,0.28,11,0,0
19,32,376,604,32,44,0.25,11,0,0
20,1,441,490,31,31,0.77,4,0,0
20,2,383,562,36,42,0.74,4,0,0
20,3,532,494,27,28,0.71,4,0,0
20,4,458,462,28,31,0.56,4,0,0
20,5,481,490,19,32,0.51,4,0,0
20,6,591,373,14,16,0.51,4,0,0
20,7,628,466,23,23,0.49,4,0,0
20,8,662,395,18,20,0.48,4,0,0
20,9,852,552,46,48,0.46,4,0,0
20,10,558,445,21,26,0.44,4,0,0
20,11,423,549,22,35,0.43,4,0,0
20,12,690,535,25,41,0.40,4,0,0
20,13,681,487,29,47,0.38,6,0,0
20,14,108,655,89,62,0.37,4,0,0
20,15,628,387,18,18,0.33,4,0,0
20,16,397,544,32,31,0.29,4,0,0
20,17,733,326,19,19,0.28,4,0,0
20,18,372,613,31,45,0.27,4,0,0
20,19,441,490,31,31,0.77,11,0,0
20,20,383,562,36,42,0.74,11,0,0
20,21,532,494,27,28,0.71,11,0,0
20,22,458,462,28,31,0.56,11,0,0
20,23,481,490,19,32,0.51,11,0,0
20,24,591,373,14,16,0.51,11,0,0
20,25,628,466,23,23,0.49,11,0,0
20,26,662,395,18,20,0.48,11,0,0
20,27,852,552,46,48,0.46,11,0,0
20,28,558,445,21,26,0.44,11,0,0
20,29,423,549,22,35,0.43,11,0,0
20,30,690,535,25,41,0.40,11,0,0
20,31,681,487,29,47,0.38,11,0,0
20,32,108,655,89,62,0.37,11,0,0
20,33,628,387,18,18,0.33,11,0,0
20,34,397,544,32,31,0.29,11,0,0
20,35,733,326,19,19,0.28,11,0,0
20,36,372,613,31,45,0.27,11,0,0
21,1,528,507,24,29,0.79,4,0,0
21,2,438,494,32,34,0.74,4,0,0
21,3,378,570,39,42,0.72,4,0,0
21,4,554,455,21,27,0.62,4,0,0
21,5,591,376,14,16,0.61,4,0,0
21,6,454,466,31,32,0.60,4,0,0
21,7,627,466,24,24,0.53,4,0,0
21,8,365,620,41,53,0.43,4,0,0
21,9,682,492,28,45,0.43,4,0,0
21,10,690,541,26,40,0.41,4,0,0
21,11,662,397,18,20,0.41,4,0,0
21,12,395,550,29,32,0.40,4,0,0
21,13,629,387,17,18,0.33,4,0,0
21,14,420,556,23,35,0.30,4,0,0
21,15,661,376,18,15,0.28,4,0,0
21,16,855,558,41,39,0.27,4,0,0
21,17,297,660,54,58,0.25,4,0,0
21,18,528,507,24,29,0.79,11,0,0
21,19,438,494,32,34,0.74,11,0,0
21,20,378,570,39,42,0.72,11,0,0
21,21,554,455,21,27,0.62,11,0,0
21,22,591,376,14,16,0.61,11,0,0
21,23,454,466,31,32,0.60,11,0,0
21,24,627,466,24,24,0.53,11,0,0
21,25,365,620,41,53,0.43,11,0,0
21,26,682,492,28,45,0.43,11,0,0
21,27,690,541,26,40,0.41,11,0,0
21,28,662,397,18,20,0.41,11,0,0
21,29,395,550,29,32,0.40,11,0,0
21,30,629,387,17,18,0.33,11,0,0
21,31,420,556,23,35,0.30,11,0,0
21,32,661,376,18,15,0.28,11,0,0
21,33,855,558,41,39,0.27,11,0,0
21,34,297,660,54,58,0.25,11,0,0
22,1,523,520,25,32,0.79,4,0,0
22,2,436,497,32,35,0.74,4,0,0
22,3,374,575,36,43,0.74,4,0,0
22,4,453,468,30,31,0.61,4,0,0
22,5,553,465,20,27,0.61,4,0,0
22,6,626,463,25,26,0.58,4,0,0
22,7,591,378,13,17,0.54,4,0,0
22,8,690,547,29,40,0.53,4,0,0
22,9,362,628,44,50,0.51,4,0,0
22,10,664,400,16,19,0.43,4,0,0
22,11,682,495,27,46,0.39,6,0,0
22,12,588,362,15,12,0.37,4,0,0
22,13,661,377,19,15,0.29,4,0,0
22,14,859,563,44,45,0.28,4,0,0
22,15,523,520,25,32,0.79,11,0,0
22,16,436,497,32,35,0.74,11,0,0
22,17,374,575,36,43,0.74,11,0,0
22,18,453,468,30,31,0.61,11,0,0
22,19,553,465,20,27,0.61,11,0,0
22,20,626,463,25,26,0.58,11,0,0
22,21,591,378,13,17,0.54,11,0,0
22,22,690,547,29,40,0.53,11,0,0
22,23,362,628,44,50,0.51,11,0,0
22,24,664,400,16,19,0.43,11,0,0
22,25,682,495,27,46,0.39,11,0,0
22,26,588,362,15,12,0.37,11,0,0
22,27,661,377,19,15,0.29,11,0,0
22,28,859,563,44,45,0.28,11,0,0
23,1,516,531,29,36,0.79,4,0,0
23,2,371,581,36,43,0.74,4,0,0
23,3,434,500,32,35,0.68,4,0,0
23,4,625,463,26,26,0.66,4,0,0
23,5,451,470,31,33,0.65,4,0,0
23,6,549,474,22,27,0.62,4,0,0
23,7,590,380,14,19,0.59,4,0,0
23,8,664,403,17,18,0.56,4,0,0
23,9,358,636,36,51,0.54,4,0,0
23,10,683,498,29,50,0.41,6,0,0
23,11,587,361,14,15,0.40,4,0,0
23,12,691,550,27,44,0.40,4,0,0
23,13,628,384,17,19,0.38,4,0,0
23,14,662,378,18,15,0.34,4,0,0
23,15,861,569,51,53,0.31,4,0,0
23,16,482,446,16,22,0.30,4,0,0
23,17,414,565,23,36,0.28,4,0,0
23,18,300,676,38,42,0.28,4,0,0
23,19,322,650,34,44,0.26,4,0,0
23,20,516,531,29,36,0.79,11,0,0
23,21,371,581,36,43,0.74,11,0,0
23,22,434,500,32,35,0.68,11,0,0
23,23,625,463,26,26,0.66,11,0,0
23,24,451,470,31,33,0.65,11,0,0
23,25,549,474,22,27,0.62,11,0,0
23,26,590,380,14,19,0.59,11,0,0
23,27,664,403,17,18,0.56,11,0,0
23,28,358,636,36,51,0.54,11,0,0
23,29,683,498,29,50,0.41,11,0,0
23,30,587,361,14,15,0.40,11,0,0
23,31,691,550,27,44,0.40,11,0,0
23,32,628,384,17,19,0.38,11,0,0
23,33,662,378,18,15,0.34,11,0,0
23,34,861,569,51,53,0.31,11,0,0
23,35,482,446,16,22,0.30,11,0,0
23,36,414,565,23,36,0.28,11,0,0
23,37,300,676,38,42,0.28,11,0,0
23,38,322,650,34,44,0.26,11,0,0
24,1,366,586,38,43,0.80,4,0,0
24,2,511,546,32,38,0.77,4,0,0
24,3,449,473,34,33,0.72,4,0,0
24,4,432,504,32,35,0.71,4,0,0
24,5,545,483,23,30,0.70,4,0,0
24,6,625,463,26,26,0.67,4,0,0
24,7,664,405,17,17,0.62,4,0,0
24,8,591,385,14,16,0.57,4,0,0
24,9,692,556,27,44,0.55,4,0,0
24,10,863,574,50,52,0.48,4,0,0
24,11,384,565,31,37,0.42,4,0,0
24,12,353,643,33,50,0.41,4,0,0
24,13,683,501,29,51,0.39,6,0,0
24,14,628,384,18,19,0.37,4,0,0
24,15,469,514,22,34,0.34,4,0,0
24,16,316,657,37,49,0.33,4,0,0
24,17,586,364,15,16,0.28,4,0,0
24,18,292,683,41,35,0.26,4,0,0
24,19,366,586,38,43,0.80,11,0,0
24,20,511,546,32,38,0.77,11,0,0
24,21,449,473,34,33,0.72,11,0,0
24,22,432,504,32,35,0.71,11,0,0
24,23,545,483,23,30,0.70,11,0,0
24,24,625,463,26,26,0.67,11,0,0
24,25,664,405,17,17,0.62,11,0,0
24,26,591,385,14,16,0.57,11,0,0
24,27,692,556,27,44,0.55,11,0,0
24,28,863,574,50,52,0.48,11,0,0
24,29,384,565,31,37,0.42,11,0,0
24,30,353,643,33,50,0.41,11,0,0
24,31,683,501,29,51,0.39,11,0,0
24,32,628,384,18,19,0.37,11,0,0
24,33,469,514,22,34,0.34,11,0,0
24,34,316,657,37,49,0.33,11,0,0
24,35,586,364,15,16,0.28,11,0,0
24,36,292,683,41,35,0.26,11,0,0
25,1,365,589,38,43,0.78,4,0,0
25,2,508,553,29,41,0.75,4,0,0
25,3,544,489,22,30,0.70,4,0,0
25,4,431,506,32,37,0.69,4,0,0
25,5,625,464,26,25,0.69,4,0,0
25,6,589,387,14,16,0.65,4,0,0
25,7,664,405,17,18,0.60,4,0,0
25,8,448,475,33,34,0.53,4,0,0
25,9,865,576,49,53,0.48,4,0,0
25,10,684,504,28,45,0.45,6,0,0
25,11,350,646,35,50,0.42,4,0,0
25,12,693,558,27,46,0.37,4,0,0
25,13,585,366,16,16,0.37,4,0,0
25,14,381,567,36,39,0.37,4,0,0
25,15,627,384,19,18,0.36,4,0,0
25,16,662,381,18,15,0.33,4,0,0
25,17,292,689,37,30,0.28,4,0,0
25,18,754,442,21,24,0.26,4,0,0
25,19,365,589,38,43,0.78,11,0,0
25,20,508,553,29,41,0.75,11,0,0
25,21,544,489,22,30,0.70,11,0,0
25,22,431,506,32,37,0.69,11,0,0
25,23,625,464,26,25,0.69,11,0,0
25,24,589,387,14,16,0.65,11,0,0
25,25,664,405,17,18,0.60,11,0,0
25,26,448,475,33,34,0.53,11,0,0
25,27,865,576,49,53,0.48,11,0,0
25,28,684,504,28,45,0.45,11,0,0
25,29,350,646,35,50,0.42,11,0,0
25,30,693,558,27,46,0.37,11,0,0
25,31,585,366,16,16,0.37,11,0,0
25,32,381,567,36,39,0.37,11,0,0
25,33,627,384,19,18,0.36,11,0,0
25,34,662,381,18,15,0.33,11,0,0
25,35,292,689,37,30,0.28,11,0,0
25,36,754,442,21,24,0.26,11,0,0
26,1,536,499,25,32,0.73,4,0,0
26,2,360,594,39,46,0.69,4,0,0
26,3,428,509,32,36,0.67,4,0,0
26,4,496,556,35,56,0.64,4,0,0
26,5,625,463,26,25,0.62,4,0,0
26,6,589,394,16,14,0.59,4,0,0
26,7,445,478,36,37,0.58,4,0,0
26,8,663,406,18,20,0.49,4,0,0
26,9,683,507,29,51,0.48,6,0,0
26,10,581,373,15,14,0.40,4,0,0
26,11,692,564,30,46,0.39,4,0,0
26,12,867,581,43,49,0.39,4,0,0
26,13,627,381,18,20,0.34,4,0,0
26,14,536,499,25,32,0.73,11,0,0
26,15,360,594,39,46,0.69,11,0,0
26,16,428,509,32,36,0.67,11,0,0
26,17,496,556,35,56,0.64,11,0,0
26,18,625,463,26,25,0.62,11,0,0
26,19,589,394,16,14,0.59,11,0,0
26,20,445,478,36,37,0.58,11,0,0
26,21,663,406,18,20,0.49,11,0,0
26,22,683,507,29,51,0.48,11,0,0
26,23,581,373,15,14,0.40,11,0,0
26,24,692,564,30,46,0.39,11,0,0
26,25,867,581,43,49,0.39,11,0,0
26,26,627,381,18,20,0.34,11,0,0
27,1,531,512,30,35,0.77,4,0,0
27,2,491,588,35,42,0.74,4,0,0
27,3,355,601,38,45,0.74,4,0,0
27,4,425,514,32,36,0.72,4,0,0
27,5,623,463,28,25,0.60,4,0,0
27,6,441,480,36,36,0.58,4,0,0
27,7,576,378,16,12,0.53,4,0,0
27,8,662,408,17,20,0.51,4,0,0
27,9,692,568,28,47,0.49,4,0,0
27,10,589,396,13,15,0.44,4,0,0
27,11,681,511,32,54,0.41,6,0,0
27,12,338,659,50,57,0.36,4,0,0
27,13,869,587,55,56,0.34,4,0,0
27,14,659,381,18,18,0.30,4,0,0
27,15,626,381,18,18,0.29,4,0,0
27,16,531,512,30,35,0.77,11,0,0
27,17,491,588,35,42,0.74,11,0,0
27,18,355,601,38,45,0.74,11,0,0
27,19,425,514,32,36,0.72,11,0,0
27,20,623,463,28,25,0.60,11,0,0
27,21,441,480,36,36,0.58,11,0,0
27,22,576,378,16,12,0.53,11,0,0
27,23,662,408,17,20,0.51,11,0,0
27,24,692,568,28,47,0.49,11,0,0
27,25,589,396,13,15,0.44,11,0,0
27,26,681,511,32,54,0.41,11,0,0
27,27,338,659,50,57,0.36,11,0,0
27,28,869,587,55,56,0.34,11,0,0
27,29,659,381,18,18,0.30,11,0,0
27,30,626,381,18,18,0.29,11,0,0
28,1,524,524,29,37,0.75,4,0,0
28,2,348,608,40,47,0.75,4,0,0
28,3,479,609,39,50,0.74,4,0,0
28,4,420,519,33,38,0.68,4,0,0
28,5,660,410,19,21,0.66,4,0,0
28,6,438,484,35,34,0.63,4,0,0
28,7,691,574,30,49,0.57,4,0,0
28,8,586,399,16,16,0.50,4,0,0
28,9,681,516,31,50,0.46,6,0,0
28,10,623,463,26,26,0.46,4,0,0
28,11,574,382,14,14,0.37,4,0,0
28,12,871,592,55,58,0.36,4,0,0
28,13,368,585,30,34,0.29,4,0,0
28,14,511,391,21,16,0.29,4,0,0
28,15,329,671,48,47,0.28,4,0,0
28,16,396,591,24,40,0.28,4,0,0
28,17,658,385,18,16,0.27,4,0,0
28,18,524,524,29,37,0.75,11,0,0
28,19,348,608,40,47,0.75,11,0,0
28,20,479,609,39,50,0.74,11,0,0
28,21,420,519,33,38,0.68,11,0,0
28,22,660,410,19,21,0.66,11,0,0
28,23,438,484,35,34,0.63,11,0,0
28,24,691,574,30,49,0.57,11,0,0
28,25,586,399,16,16,0.50,11,0,0
28,26,681,516,31,50,0.46,11,0,0
28,27,623,463,26,26,0.46,11,0,0
28,28,574,382,14,14,0.37,11,0,0
28,29,871,592,55,58,0.36,11,0,0
28,30,368,585,30,34,0.29,11,0,0
28,31,511,391,21,16,0.29,11,0,0
28,32,329,671,48,47,0.28,11,0,0
28,33,396,591,24,40,0.28,11,0,0
28,34,658,385,18,16,0.27,11,0,0
29,1,468,633,41,52,0.79,4,0,0
29,2,517,540,32,40,0.77,4,0,0
29,3,342,615,41,48,0.74,4,0,0
29,4,415,524,36,37,0.72,4,0,0
29,5,435,488,37,40,0.64,4,0,0
29,6,660,413,18,20,0.64,4,0,0
29,7,624,464,24,26,0.58,4,0,0
29,8,874,599,57,62,0.53,4,0,0
29,9,584,401,15,17,0.49,4,0,0
29,10,690,579,31,51,0.47,4,0,0
29,11,364,594,27,35,0.36,4,0,0
29,12,681,520,31,54,0.36,6,0,0
29,13,657,387,17,17,0.30,4,0,0
29,14,373,573,41,60,0.27,4,0,0
29,15,681,521,31,53,0.26,4,0,0
29,16,468,633,41,52,0.79,11,0,0
29,17,517,540,32,40,0.77,11,0,0
29,18,342,615,41,48,0.74,11,0,0
29,19,415,524,36,37,0.72,11,0,0
29,20,435,488,37,40,0.64,11,0,0
29,21,660,413,18,20,0.64,11,0,0
29,22,624,464,24,26,0.58,11,0,0
29,23,874,599,57,62,0.53,11,0,0
29,24,584,401,15,17,0.49,11,0,0
29,25,690,579,31,51,0.47,11,0,0
29,26,364,594,27,35,0.36,11,0,0
29,27,681,520,31,54,0.36,11,0,0
29,28,657,387,17,17,0.30,11,0,0
29,29,373,573,41,60,0.27,11,0,0
29,30,681,521,31,53,0.26,11,0,0
30,1,512,555,32,42,0.75,4,0,0
30,2,447,660,52,57,0.75,4,0,0
30,3,411,529,38,40,0.74,4,0,0
30,4,335,621,43,54,0.71,4,0,0
30,5,431,494,38,37,0.71,4,0,0
30,6,626,464,22,24,0.68,4,0,0
30,7,660,415,18,20,0.62,4,0,0
30,8,692,588,31,53,0.62,4,0,0
30,9,877,607,54,58,0.51,4,0,0
30,10,680,525,32,58,0.51,6,0,0
30,11,657,389,17,17,0.39,4,0,0
30,12,482,409,31,41,0.34,6,0,0
30,13,583,404,15,20,0.34,4,0,0
30,14,813,473,27,31,0.27,4,0,0
30,15,512,555,32,42,0.75,11,0,0
30,16,447,660,52,57,0.75,11,0,0
30,17,411,529,38,40,0.74,11,0,0
30,18,335,621,43,54,0.71,11,0,0
30,19,431,494,38,37,0.71,11,0,0
30,20,626,464,22,24,0.68,11,0,0
30,21,660,415,18,20,0.62,11,0,0
30,22,692,588,31,53,0.62,11,0,0
30,23,877,607,54,58,0.51,11,0,0
30,24,680,525,32,58,0.51,11,0,0
30,25,657,389,17,17,0.39,11,0,0
30,26,482,409,31,41,0.34,11,0,0
30,27,583,404,15,20,0.34,11,0,0
30,28,813,473,27,31,0.27,11,0,0
31,1,408,534,37,40,0.77,4,0,0
31,2,331,632,42,52,0.75,4,0,0
31,3,505,572,30,45,0.71,4,0,0
31,4,428,497,39,40,0.70,4,0,0
31,5,661,418,16,19,0.68,4,0,0
31,6,626,464,22,24,0.65,4,0,0
31,7,880,613,59,65,0.60,4,0,0
31,8,351,606,33,42,0.53,4,0,0
31,9,656,391,17,17,0.51,4,0,0
31,10,680,530,31,54,0.50,6,0,0
31,11,691,594,31,55,0.46,4,0,0
31,12,440,560,25,41,0.45,4,0,0
31,13,564,395,16,18,0.44,4,0,0
31,14,366,586,33,32,0.43,4,0,0
31,15,594,363,12,13,0.36,4,0,0
31,16,582,409,17,20,0.36,4,0,0
31,17,481,412,31,42,0.34,6,0,0
31,18,464,467,19,25,0.33,4,0,0
31,19,691,594,32,55,0.30,6,0,0
31,20,507,396,21,18,0.28,4,0,0
31,21,382,611,24,40,0.26,4,0,0
31,22,408,534,37,40,0.77,11,0,0
31,23,331,632,42,52,0.75,11,0,0
31,24,505,572,30,45,0.71,11,0,0
31,25,428,497,39,40,0.70,11,0,0
31,26,661,418,16,19,0.68,11,0,0
31,27,626,464,22,24,0.65,11,0,0
31,28,880,613,59,65,0.60,11,0,0
31,29,351,606,33,42,0.53,11,0,0
31,30,656,391,17,17,0.51,11,0,0
31,31,680,530,31,54,0.50,11,0,0
31,32,691,594,31,55,0.46,11,0,0
31,33,440,560,25,41,0.45,11,0,0
31,34,564,395,16,18,0.44,11,0,0
31,35,366,586,33,32,0.43,11,0,0
31,36,594,363,12,13,0.36,11,0,0
31,37,582,409,17,20,0.36,11,0,0
31,38,481,412,31,42,0.34,11,0,0
31,39,464,467,19,25,0.33,11,0,0
31,40,691,594,32,55,0.30,11,0,0
31,41,507,396,21,18,0.28,11,0,0
31,42,382,611,24,40,0.26,11,0,0
32,1,495,591,35,50,0.77,4,0,0
32,2,404,538,38,41,0.75,4,0,0
32,3,659,420,19,19,0.72,4,0,0
32,4,425,501,39,41,0.68,4,0,0
32,5,324,637,45,55,0.68,4,0,0
32,6,626,464,22,24,0.66,4,0,0
32,7,883,619,59,67,0.62,4,0,0
32,8,690,600,32,54,0.60,4,0,0
32,9,581,412,17,21,0.49,4,0,0
32,10,680,535,32,55,0.49,6,0,0
32,11,656,393,17,16,0.48,4,0,0
32,12,348,614,30,33,0.36,4,0,0
32,13,479,415,31,42,0.35,6,0,0
32,14,561,398,17,18,0.35,4,0,0
32,15,592,366,13,12,0.33,4,0,0
32,16,461,471,20,24,0.27,4,0,0
32,17,495,591,35,50,0.77,11,0,0
32,18,404,538,38,41,0.75,11,0,0
32,19,659,420,19,19,0.72,11,0,0
32,20,425,501,39,41,0.68,11,0,0
32,21,324,637,45,55,0.68,11,0,0
32,22,626,464,22,24,0.66,11,0,0
32,23,883,619,59,67,0.62,11,0,0
32,24,690,600,32,54,0.60,11,0,0
32,25,581,412,17,21,0.49,11,0,0
32,26,680,535,32,55,0.49,11,0,0
32,27,656,393,17,16,0.48,11,0,0
32,28,348,614,30,33,0.36,11,0,0
32,29,479,415,31,42,0.35,11,0,0
32,30,561,398,17,18,0.35,11,0,0
32,31,592,366,13,12,0.33,11,0,0
32,32,461,471,20,24,0.27,11,0,0
33,1,491,603,38,51,0.77,4,0,0
33,2,402,541,38,41,0.74,4,0,0
33,3,659,421,19,20,0.72,4,0,0
33,4,422,503,42,43,0.71,4,0,0
33,5,625,464,23,24,0.67,4,0,0
33,6,884,623,61,67,0.65,4,0,0
33,7,692,604,31,46,0.59,4,0,0
33,8,656,395,18,16,0.53,4,0,0
33,9,321,643,44,52,0.52,4,0,0
33,10,561,402,16,16,0.47,4,0,0
33,11,581,414,17,21,0.46,4,0,0
33,12,680,538,35,61,0.38,6,0,0
33,13,591,366,14,14,0.32,4,0,0
33,14,477,416,33,43,0.27,6,0,0
33,15,624,378,16,17,0.26,4,0,0
33,16,491,603,38,51,0.77,11,0,0
33,17,402,541,38,41,0.74,11,0,0
33,18,659,421,19,20,0.72,11,0,0
33,19,422,503,42,43,0.71,11,0,0
33,20,625,464,23,24,0.67,11,0,0
33,21,884,623,61,67,0.65,11,0,0
33,22,692,604,31,46,0.59,11,0,0
33,23,656,395,18,16,0.53,11,0,0
33,24,321,643,44,52,0.52,11,0,0
33,25,561,402,16,16,0.47,11,0,0
33,26,581,414,17,21,0.46,11,0,0
33,27,680,538,35,61,0.38,11,0,0
33,28,591,366,14,14,0.32,11,0,0
33,29,477,416,33,43,0.27,11,0,0
33,30,624,378,16,17,0.26,11,0,0
34,1,480,626,36,52,0.77,4,0,0
34,2,398,546,39,43,0.75,4,0,0
34,3,313,651,48,56,0.74,4,0,0
34,4,657,422,20,22,0.67,4,0,0
34,5,692,610,32,53,0.62,4,0,0
34,6,419,508,40,41,0.62,4,0,0
34,7,581,418,17,21,0.61,4,0,0
34,8,887,630,61,67,0.60,4,0,0
34,9,556,402,17,22,0.59,4,0,0
34,10,625,463,22,26,0.58,4,0,0
34,11,656,395,18,18,0.54,4,0,0
34,12,678,543,33,51,0.49,6,0,0
34,13,817,484,30,34,0.48,4,0,0
34,14,425,579,28,47,0.47,4,0,0
34,15,475,419,31,44,0.41,6,0,0
34,16,502,402,22,20,0.37,4,0,0
34,17,590,367,13,17,0.32,4,0,0
34,18,337,624,34,45,0.32,4,0,0
34,19,480,626,36,52,0.77,11,0,0
34,20,398,546,39,43,0.75,11,0,0
34,21,313,651,48,56,0.74,11,0,0
34,22,657,422,20,22,0.67,11,0,0
34,23,692,610,32,53,0.62,11,0,0
34,24,419,508,40,41,0.62,11,0,0
34,25,581,418,17,21,0.61,11,0,0
34,26,887,630,61,67,0.60,11,0,0
34,27,556,402,17,22,0.59,11,0,0
34,28,625,463,22,26,0.58,11,0,0
34,29,656,395,18,18,0.54,11,0,0
34,30,678,543,33,51,0.49,11,0,0
34,31,817,484,30,34,0.48,11,0,0
34,32,425,579,28,47,0.47,11,0,0
34,33,475,419,31,44,0.41,11,0,0
34,34,502,402,22,20,0.37,11,0,0
34,35,590,367,13,17,0.32,11,0,0
34,36,337,624,34,45,0.32,11,0,0
35,1,394,550,40,43,0.80,4,0,0
35,2,307,660,48,54,0.76,4,0,0
35,3,414,510,43,43,0.69,4,0,0
35,4,658,425,18,21,0.67,4,0,0
35,5,580,422,18,20,0.65,4,0,0
35,6,552,408,18,22,0.62,4,0,0
35,7,818,488,29,34,0.59,4,0,0
35,8,623,464,24,25,0.59,4,0,0
35,9,691,617,34,52,0.56,4,0,0
35,10,890,637,63,68,0.51,4,0,0
35,11,679,547,34,59,0.50,6,0,0
35,12,471,647,40,57,0.48,4,0,0
35,13,500,404,23,19,0.47,4,0,0
35,14,656,398,16,17,0.46,4,0,0
35,15,347,610,43,34,0.39,4,0,0
35,16,473,422,31,41,0.37,6,0,0
35,17,589,370,13,16,0.32,4,0,0
35,18,758,471,23,28,0.27,4,0,0
35,19,419,588,30,49,0.27,4,0,0
35,20,332,632,35,46,0.26,4,0,0
35,21,622,379,16,15,0.26,4,0,0
35,22,394,550,40,43,0.80,11,0,0
35,23,307,660,48,54,0.76,11,0,0
35,24,414,510,43,43,0.69,11,0,0
35,25,658,425,18,21,0.67,11,0,0
35,26,580,422,18,20,0.65,11,0,0
35,27,552,408,18,22,0.62,11,0,0
35,28,818,488,29,34,0.59,11,0,0
35,29,623,464,24,25,0.59,11,0,0
35,30,691,617,34,52,0.56,11,0,0
35,31,890,637,63,68,0.51,11,0,0
35,32,679,547,34,59,0.50,11,0,0
35,33,471,647,40,57,0.48,11,0,0
35,34,500,404,23,19,0.47,11,0,0
35,35,656,398,16,17,0.46,11,0,0
35,36,347,610,43,34,0.39,11,0,0
35,37,473,422,31,41,0.37,11,0,0
35,38,589,370,13,16,0.32,11,0,0
35,39,758,471,23,28,0.27,11,0,0
35,40,419,588,30,49,0.27,11,0,0
35,41,332,632,35,46,0.26,11,0,0
35,42,622,379,16,15,0.26,11,0,0
36,1,388,556,41,46,0.73,4,0,0
36,2,578,426,18,21,0.72,4,0,0
36,3,300,669,45,50,0.71,4,0,0
36,4,657,428,18,21,0.66,4,0,0
36,5,621,464,26,25,0.66,4,0,0
36,6,549,414,18,22,0.57,4,0,0
36,7,411,515,42,46,0.53,4,0,0
36,8,655,400,17,17,0.52,4,0,0
36,9,691,625,34,50,0.52,4,0,0
36,10,677,553,37,64,0.49,6,0,0
36,11,894,644,66,72,0.43,4,0,0
36,12,819,492,31,34,0.38,4,0,0
36,13,621,379,16,15,0.36,4,0,0
36,14,325,642,34,43,0.34,4,0,0
36,15,470,424,32,45,0.34,6,0,0
36,16,553,377,19,15,0.33,4,0,0
36,17,499,406,22,19,0.32,4,0,0
36,18,459,675,41,44,0.28,4,0,0
36,19,451,484,19,28,0.28,4,0,0
36,20,340,617,46,39,0.26,4,0,0
36,21,758,479,25,24,0.25,4,0,0
36,22,388,556,41,46,0.73,11,0,0
36,23,578,426,18,21,0.72,11,0,0
36,24,300,669,45,50,0.71,11,0,0
36,25,657,428,18,21,0.66,11,0,0
36,26,621,464,26,25,0.66,11,0,0
36,27,549,414,18,22,0.57,11,0,0
36,28,411,515,42,46,0.53,11,0,0
36,29,655,400,17,17,0.52,11,0,0
36,30,691,625,34,50,0.52,11,0,0
36,31,677,553,37,64,0.49,11,0,0
36,32,894,644,66,72,0.43,11,0,0
36,33,819,492,31,34,0.38,11,0,0
36,34,621,379,16,15,0.36,11,0,0
36,35,325,642,34,43,0.34,11,0,0
36,36,470,424,32,45,0.34,11,0,0
36,37,553,377,19,15,0.33,11,0,0
36,38,499,406,22,19,0.32,11,0,0
36,39,459,675,41,44,0.28,11,0,0
36,40,451,484,19,28,0.28,11,0,0
36,41,340,617,46,39,0.26,11,0,0
36,42,758,479,25,24,0.25,11,0,0
37,1,383,562,41,46,0.77,4,0,0
37,2,656,431,19,21,0.68,4,0,0
37,3,821,496,30,34,0.68,4,0,0
37,4,291,681,47,38,0.66,4,0,0
37,5,545,418,19,22,0.66,4,0,0
37,6,622,466,24,24,0.62,4,0,0
37,7,898,652,67,66,0.58,4,0,0
37,8,655,402,15,17,0.57,4,0,0
37,9,406,520,42,45,0.56,4,0,0
37,10,676,559,37,62,0.55,6,0,0
37,11,466,426,33,48,0.53,6,0,0
37,12,577,427,19,23,0.52,4,0,0
37,13,690,633,34,48,0.45,4,0,0
37,14,318,651,35,50,0.37,4,0,0
37,15,620,380,16,14,0.35,4,0,0
37,16,350,658,27,48,0.34,4,0,0
37,17,497,408,21,20,0.33,4,0,0
37,18,332,626,42,36,0.33,4,0,0
37,19,759,481,23,27,0.32,4,0,0
37,20,446,488,22,29,0.32,4,0,0
37,21,407,611,28,49,0.30,4,0,0
37,22,383,562,41,46,0.77,11,0,0
37,23,656,431,19,21,0.68,11,0,0
37,24,821,496,30,34,0.68,11,0,0
37,25,291,681,47,38,0.66,11,0,0
37,26,545,418,19,22,0.66,11,0,0
37,27,622,466,24,24,0.62,11,0,0
37,28,898,652,67,66,0.58,11,0,0
37,29,655,402,15,17,0.57,11,0,0
37,30,406,520,42,45,0.56,11,0,0
37,31,676,559,37,62,0.55,11,0,0
37,32,466,426,33,48,0.53,11,0,0
37,33,577,427,19,23,0.52,11,0,0
37,34,690,633,34,48,0.45,11,0,0
37,35,318,651,35,50,0.37,11,0,0
37,36,620,380,16,14,0.35,11,0,0
37,37,350,658,27,48,0.34,11,0,0
37,38,497,408,21,20,0.33,11,0,0
37,39,332,626,42,36,0.33,11,0,0
37,40,759,481,23,27,0.32,11,0,0
37,41,446,488,22,29,0.32,11,0,0
37,42,407,611,28,49,0.30,11,0,0
38,1,379,569,42,47,0.75,4,0,0
38,2,657,433,18,22,0.70,4,0,0
38,3,690,642,36,60,0.68,4,0,0
38,4,623,466,22,24,0.63,4,0,0
38,5,758,481,26,31,0.58,4,0,0
38,6,402,527,43,44,0.57,4,0,0
38,7,823,500,30,35,0.54,4,0,0
38,8,654,403,16,18,0.47,4,0,0
38,9,676,564,41,67,0.46,6,0,0
38,10,540,422,20,27,0.44,4,0,0
38,11,494,411,22,19,0.42,4,0,0
38,12,576,432,21,23,0.42,4,0,0
38,13,463,430,35,47,0.37,6,0,0
38,14,399,621,32,54,0.37,4,0,0
38,15,900,660,65,58,0.35,4,0,0
38,16,379,569,42,47,0.75,11,0,0
38,17,657,433,18,22,0.70,11,0,0
38,18,690,642,36,60,0.68,11,0,0
38,19,623,466,22,24,0.63,11,0,0
38,20,758,481,26,31,0.58,11,0,0
38,21,402,527,43,44,0.57,11,0,0
38,22,823,500,30,35,0.54,11,0,0
38,23,654,403,16,18,0.47,11,0,0
38,24,676,564,41,67,0.46,11,0,0
38,25,540,422,20,27,0.44,11,0,0
38,26,494,411,22,19,0.42,11,0,0
38,27,576,432,21,23,0.42,11,0,0
38,28,463,430,35,47,0.37,11,0,0
38,29,399,621,32,54,0.37,11,0,0
38,30,900,660,65,58,0.35,11,0,0
39,1,375,573,41,47,0.75,4,0,0
39,2,689,651,36,48,0.67,4,0,0
39,3,655,435,19,22,0.66,4,0,0
39,4,398,532,42,45,0.65,4,0,0
39,5,535,432,21,24,0.64,4,0,0
39,6,624,466,21,24,0.63,4,0,0
39,7,439,495,23,31,0.57,4,0,0
39,8,824,504,30,34,0.51,4,0,0
39,9,576,435,20,22,0.49,4,0,0
39,10,653,406,17,17,0.49,4,0,0
39,11,759,484,25,31,0.48,4,0,0
39,12,676,570,37,59,0.43,6,0,0
39,13,392,632,33,54,0.43,4,0,0
39,14,905,669,62,50,0.42,4,0,0
39,15,460,431,36,49,0.38,6,0,0
39,16,492,412,22,20,0.30,4,0,0
39,17,460,431,35,50,0.28,4,0,0
39,18,322,641,40,37,0.26,4,0,0
39,19,304,669,59,49,0.26,4,0,0
39,20,375,573,41,47,0.75,11,0,0
39,21,689,651,36,48,0.67,11,0,0
39,22,655,435,19,22,0.66,11,0,0
39,23,398,532,42,45,0.65,11,0,0
39,24,535,432,21,24,0.64,11,0,0
39,25,624,466,21,24,0.63,11,0,0
39,26,439,495,23,31,0.57,11,0,0
39,27,824,504,30,34,0.51,11,0,0
39,28,576,435,20,22,0.49,11,0,0
39,29,653,406,17,17,0.49,11,0,0
39,30,759,484,25,31,0.48,11,0,0
39,31,676,570,37,59,0.43,11,0,0
39,32,392,632,33,54,0.43,11,0,0
39,33,905,669,62,50,0.42,11,0,0
39,34,460,431,36,49,0.38,11,0,0
39,35,492,412,22,20,0.30,11,0,0
39,36,460,431,35,50,0.28,11,0,0
39,37,322,641,40,37,0.26,11,0,0
39,38,304,669,59,49,0.26,11,0,0
40,1,370,580,44,48,0.79,4,0,0
40,2,531,440,21,24,0.75,4,0,0
40,3,654,438,19,22,0.71,4,0,0
40,4,393,534,46,49,0.68,4,0,0
40,5,623,467,21,23,0.62,4,0,0
40,6,576,439,19,24,0.62,4,0,0
40,7,653,408,17,16,0.62,4,0,0
40,8,676,576,39,65,0.59,6,0,0
40,9,689,658,38,58,0.58,4,0,0
40,10,908,680,59,39,0.55,4,0,0
40,11,437,498,22,30,0.40,4,0,0
40,12,315,649,41,41,0.34,4,0,0
40,13,579,389,13,16,0.31,4,0,0
40,14,759,487,26,32,0.29,4,0,0
40,15,458,434,36,48,0.29,6,0,0
40,16,385,642,34,60,0.28,4,0,0
40,17,370,580,44,48,0.79,11,0,0
40,18,531,440,21,24,0.75,11,0,0
40,19,654,438,19,22,0.71,11,0,0
40,20,393,534,46,49,0.68,11,0,0
40,21,623,467,21,23,0.62,11,0,0
40,22,576,439,19,24,0.62,11,0,0
40,23,653,408,17,16,0.62,11,0,0
40,24,676,576,39,65,0.59,11,0,0
40,25,689,658,38,58,0.58,11,0,0
40,26,908,680,59,39,0.55,11,0,0
40,27,437,498,22,30,0.40,11,0,0
40,28,315,649,41,41,0.34,11,0,0
40,29,579,389,13,16,0.31,11,0,0
40,30,759,487,26,32,0.29,11,0,0
40,31,458,434,36,48,0.29,11,0,0
40,32,385,642,34,60,0.28,11,0,0
41,1,367,584,43,46,0.80,4,0,0
41,2,654,439,19,22,0.75,4,0,0
41,3,529,441,21,26,0.75,4,0,0
41,4,391,536,46,50,0.69,4,0,0
41,5,575,440,20,25,0.63,4,0,0
41,6,623,467,21,23,0.60,4,0,0
41,7,652,409,19,18,0.58,4,0,0
41,8,690,665,37,52,0.58,4,0,0
41,9,911,684,58,35,0.55,4,0,0
41,10,675,580,39,64,0.50,6,0,0
41,11,291,682,62,37,0.41,4,0,0
41,12,435,502,22,26,0.40,4,0,0
41,13,381,650,35,60,0.38,4,0,0
41,14,577,392,15,15,0.38,4,0,0
41,15,826,510,30,34,0.30,4,0,0
41,16,488,416,24,21,0.29,4,0,0
41,17,309,653,44,39,0.28,4,0,0
41,18,457,436,35,47,0.25,6,0,0
41,19,367,584,43,46,0.80,11,0,0
41,20,654,439,19,22,0.75,11,0,0
41,21,529,441,21,26,0.75,11,0,0
41,22,391,536,46,50,0.69,11,0,0
41,23,575,440,20,25,0.63,11,0,0
41,24,623,467,21,23,0.60,11,0,0
41,25,652,409,19,18,0.58,11,0,0
41,26,690,665,37,52,0.58,11,0,0
41,27,911,684,58,35,0.55,11,0,0
41,28,675,580,39,64,0.50,11,0,0
41,29,291,682,62,37,0.41,11,0,0
41,30,435,502,22,26,0.40,11,0,0
41,31,381,650,35,60,0.38,11,0,0
41,32,577,392,15,15,0.38,11,0,0
41,33,826,510,30,34,0.30,11,0,0
41,34,488,416,24,21,0.29,11,0,0
41,35,309,653,44,39,0.28,11,0,0
41,36,457,436,35,47,0.25,11,0,0
42,1,360,590,44,50,0.76,4,0,0
42,2,653,440,20,24,0.71,4,0,0
42,3,622,467,20,23,0.68,4,0,0
42,4,525,452,21,24,0.65,4,0,0
42,5,575,443,21,25,0.62,4,0,0
42,6,576,395,14,16,0.57,4,0,0
42,7,652,411,18,18,0.50,4,0,0
42,8,486,417,24,21,0.50,4,0,0
42,9,387,539,47,52,0.44,4,0,0
42,10,453,438,36,49,0.43,6,0,0
42,11,677,585,38,65,0.41,6,0,0
42,12,690,672,39,46,0.41,4,0,0
42,13,433,504,21,29,0.30,4,0,0
42,14,360,590,44,50,0.76,11,0,0
42,15,653,440,20,24,0.71,11,0,0
42,16,622,467,20,23,0.68,11,0,0
42,17,525,452,21,24,0.65,11,0,0
42,18,575,443,21,25,0.62,11,0,0
42,19,576,395,14,16,0.57,11,0,0
42,20,652,411,18,18,0.50,11,0,0
42,21,486,417,24,21,0.50,11,0,0
42,22,387,539,47,52,0.44,11,0,0
42,23,453,438,36,49,0.43,11,0,0
42,24,677,585,38,65,0.41,11,0,0
42,25,690,672,39,46,0.41,11,0,0
42,26,433,504,21,29,0.30,11,0,0
43,1,354,594,47,52,0.79,4,0,0
43,2,521,456,22,28,0.75,4,0,0
43,3,653,443,19,23,0.70,4,0,0
43,4,622,467,20,23,0.68,4,0,0
43,5,575,447,23,22,0.64,4,0,0
43,6,382,549,47,47,0.59,4,0,0
43,7,652,412,16,19,0.56,4,0,0
43,8,484,419,25,20,0.53,4,0,0
43,9,451,441,37,50,0.49,6,0,0
43,10,689,681,40,38,0.47,4,0,0
43,11,574,398,15,17,0.44,4,0,0
43,12,837,552,14,27,0.42,1,0,0
43,13,676,590,41,66,0.36,6,0,0
43,14,428,506,24,32,0.33,4,0,0
43,15,362,675,39,44,0.32,4,0,0
43,16,828,516,33,39,0.28,4,0,0
43,17,354,594,47,52,0.79,11,0,0
43,18,521,456,22,28,0.75,11,0,0
43,19,653,443,19,23,0.70,11,0,0
43,20,622,467,20,23,0.68,11,0,0
43,21,575,447,23,22,0.64,11,0,0
43,22,382,549,47,47,0.59,11,0,0
43,23,652,412,16,19,0.56,11,0,0
43,24,484,419,25,20,0.53,11,0,0
43,25,451,441,37,50,0.49,11,0,0
43,26,689,681,40,38,0.47,11,0,0
43,27,574,398,15,17,0.44,11,0,0
43,28,837,552,14,27,0.42,11,0,0
43,29,676,590,41,66,0.36,11,0,0
43,30,428,506,24,32,0.33,11,0,0
43,31,362,675,39,44,0.32,11,0,0
43,32,828,516,33,39,0.28,11,0,0
44,1,349,601,48,52,0.78,4,0,0
44,2,652,447,21,22,0.70,4,0,0
44,3,621,468,21,23,0.69,4,0,0
44,4,515,465,23,30,0.65,4,0,0
44,5,576,452,25,24,0.62,4,0,0
44,6,377,554,46,49,0.52,4,0,0
44,7,447,444,38,50,0.51,6,0,0
44,8,482,421,25,20,0.45,4,0,0
44,9,572,403,14,17,0.44,4,0,0
44,10,425,511,24,32,0.38,4,0,0
44,11,275,681,63,37,0.38,4,0,0
44,12,652,413,18,17,0.30,4,0,0
44,13,651,418,18,14,0.29,4,0,0
44,14,349,601,48,52,0.78,11,0,0
44,15,652,447,21,22,0.70,11,0,0
44,16,621,468,21,23,0.69,11,0,0
44,17,515,465,23,30,0.65,11,0,0
44,18,576,452,25,24,0.62,11,0,0
44,19,377,554,46,49,0.52,11,0,0
44,20,447,444,38,50,0.51,11,0,0
44,21,482,421,25,20,0.45,11,0,0
44,22,572,403,14,17,0.44,11,0,0
44,23,425,511,24,32,0.38,11,0,0
44,24,275,681,63,37,0.38,11,0,0
44,25,652,413,18,17,0.30,11,0,0
44,26,651,418,18,14,0.29,11,0,0
45,1,343,609,49,53,0.76,4,0,0
45,2,652,449,20,23,0.74,4,0,0
45,3,621,468,21,24,0.68,4,0,0
45,4,510,475,23,31,0.68,4,0,0
45,5,576,455,25,25,0.62,4,0,0
45,6,650,418,19,17,0.59,4,0,0
45,7,373,560,44,49,0.54,4,0,0
45,8,481,423,23,20,0.53,4,0,0
45,9,570,407,15,18,0.49,4,0,0
45,10,444,446,38,51,0.48,6,0,0
45,11,675,605,44,79,0.45,6,0,0
45,12,420,515,25,31,0.43,4,0,0
45,13,541,389,18,14,0.31,4,0,0
45,14,343,609,49,53,0.76,11,0,0
45,15,652,449,20,23,0.74,11,0,0
45,16,621,468,21,24,0.68,11,0,0
45,17,510,475,23,31,0.68,11,0,0
45,18,576,455,25,25,0.62,11,0,0
45,19,650,418,19,17,0.59,11,0,0
45,20,373,560,44,49,0.54,11,0,0
45,21,481,423,23,20,0.53,11,0,0
45,22,570,407,15,18,0.49,11,0,0
45,23,444,446,38,51,0.48,11,0,0
45,24,675,605,44,79,0.45,11,0,0
45,25,420,515,25,31,0.43,11,0,0
45,26,541,389,18,14,0.31,11,0,0
46,1,337,616,52,55,0.76,4,0,0
46,2,503,486,26,29,0.75,4,0,0
46,3,652,451,20,23,0.74,4,0,0
46,4,621,469,20,23,0.65,4,0,0
46,5,366,566,46,51,0.65,4,0,0
46,6,649,418,19,19,0.60,4,0,0
46,7,477,425,25,21,0.55,4,0,0
46,8,576,458,29,26,0.53,4,0,0
46,9,834,528,34,42,0.52,4,0,0
46,10,443,448,37,52,0.52,6,0,0
46,11,566,411,16,20,0.42,4,0,0
46,12,540,390,18,15,0.41,4,0,0
46,13,418,519,24,34,0.40,4,0,0
46,14,850,575,11,26,0.40,1,0,0
46,15,688,451,29,29,0.34,4,0,0
46,16,674,612,43,76,0.34,6,0,0
46,17,337,616,52,55,0.76,11,0,0
46,18,503,486,26,29,0.75,11,0,0
46,19,652,451,20,23,0.74,11,0,0
46,20,621,469,20,23,0.65,11,0,0
46,21,366,566,46,51,0.65,11,0,0
46,22,649,418,19,19,0.60,11,0,0
46,23,477,425,25,21,0.55,11,0,0
46,24,576,458,29,26,0.53,11,0,0
46,25,834,528,34,42,0.52,11,0,0
46,26,443,448,37,52,0.52,11,0,0
46,27,566,411,16,20,0.42,11,0,0
46,28,540,390,18,15,0.41,11,0,0
46,29,418,519,24,34,0.40,11,0,0
46,30,850,575,11,26,0.40,11,0,0
46,31,688,451,29,29,0.34,11,0,0
46,32,674,612,43,76,0.34,11,0,0
47,1,500,495,27,33,0.81,4,0,0
47,2,330,621,53,60,0.73,4,0,0
47,3,652,454,19,24,0.73,4,0,0
47,4,649,421,19,18,0.65,4,0,0
47,5,576,465,32,28,0.58,4,0,0
47,6,620,467,21,24,0.54,4,0,0
47,7,362,566,55,59,0.49,4,0,0
47,8,539,390,18,16,0.48,4,0,0
47,9,440,450,39,54,0.48,6,0,0
47,10,565,415,16,21,0.41,4,0,0
47,11,413,522,26,36,0.39,4,0,0
47,12,688,453,30,30,0.39,4,0,0
47,13,836,532,34,42,0.38,4,0,0
47,14,675,619,40,68,0.35,6,0,0
47,15,362,564,54,60,0.31,6,0,0
47,16,657,406,17,18,0.27,4,0,0
47,17,500,495,27,33,0.81,11,0,0
47,18,330,621,53,60,0.73,11,0,0
47,19,652,454,19,24,0.73,11,0,0
47,20,649,421,19,18,0.65,11,0,0
47,21,576,465,32,28,0.58,11,0,0
47,22,620,467,21,24,0.54,11,0,0
47,23,362,566,55,59,0.49,11,0,0
47,24,539,390,18,16,0.48,11,0,0
47,25,440,450,39,54,0.48,11,0,0
47,26,565,415,16,21,0.41,11,0,0
47,27,413,522,26,36,0.39,11,0,0
47,28,688,453,30,30,0.39,11,0,0
47,29,836,532,34,42,0.38,11,0,0
47,30,675,619,40,68,0.35,11,0,0
47,31,362,564,54,60,0.31,11,0,0
47,32,657,406,17,18,0.27,11,0,0
48,1,327,628,51,59,0.73,4,0,0
48,2,652,456,19,24,0.72,4,0,0
48,3,495,500,27,40,0.69,4,0,0
48,4,649,421,19,20,0.68,4,0,0
48,5,578,469,32,29,0.67,4,0,0
48,6,564,420,16,21,0.60,4,0,0
48,7,437,453,40,56,0.60,6,0,0
48,8,620,468,21,23,0.55,4,0,0
48,9,838,537,36,44,0.53,4,0,0
48,10,411,526,25,36,0.53,4,0,0
48,11,538,392,19,15,0.52,4,0,0
48,12,674,626,43,73,0.45,6,0,0
48,13,358,576,51,54,0.44,4,0,0
48,14,688,454,30,31,0.39,4,0,0
48,15,765,515,30,34,0.36,4,0,0
48,16,658,406,17,19,0.30,4,0,0
48,17,327,628,51,59,0.73,11,0,0
48,18,652,456,19,24,0.72,11,0,0
48,19,495,500,27,40,0.69,11,0,0
48,20,649,421,19,20,0.68,11,0,0
48,21,578,469,32,29,0.67,11,0,0
48,22,564,420,16,21,0.60,11,0,0
48,23,437,453,40,56,0.60,11,0,0
48,24,620,468,21,23,0.55,11,0,0
48,25,838,537,36,44,0.53,11,0,0
48,26,411,526,25,36,0.53,11,0,0
48,27,538,392,19,15,0.52,11,0,0
48,28,674,626,43,73,0.45,11,0,0
48,29,358,576,51,54,0.44,11,0,0
48,30,688,454,30,31,0.39,11,0,0
48,31,765,515,30,34,0.36,11,0,0
48,32,658,406,17,19,0.30,11,0,0
49,1,323,634,53,58,0.74,4,0,0
49,2,649,423,20,19,0.71,4,0,0
49,3,578,471,34,29,0.71,4,0,0
49,4,652,457,20,25,0.71,4,0,0
49,5,492,504,28,44,0.71,4,0,0
49,6,563,423,16,18,0.68,4,0,0
49,7,435,454,41,57,0.60,6,0,0
49,8,840,538,36,46,0.59,4,0,0
49,9,621,468,20,23,0.57,4,0,0
49,10,538,392,18,16,0.50,4,0,0
49,11,410,530,25,35,0.48,4,0,0
49,12,674,630,43,75,0.42,6,0,0
49,13,658,408,17,19,0.38,4,0,0
49,14,356,579,52,52,0.37,4,0,0
49,15,687,455,32,32,0.30,4,0,0
49,16,323,634,53,58,0.74,11,0,0
49,17,649,423,20,19,0.71,11,0,0
49,18,578,471,34,29,0.71,11,0,0
49,19,652,457,20,25,0.71,11,0,0
49,20,492,504,28,44,0.71,11,0,0
49,21,563,423,16,18,0.68,11,0,0
49,22,435,454,41,57,0.60,11,0,0
49,23,840,538,36,46,0.59,11,0,0
49,24,621,468,20,23,0.57,11,0,0
49,25,538,392,18,16,0.50,11,0,0
49,26,410,530,25,35,0.48,11,0,0
49,27,674,630,43,75,0.42,11,0,0
49,28,658,408,17,19,0.38,11,0,0
49,29,356,579,52,52,0.37,11,0,0
49,30,687,455,32,32,0.30,11,0,0
50,1,315,641,56,60,0.74,4,0,0
50,2,486,524,30,37,0.73,4,0,0
50,3,649,425,19,19,0.70,4,0,0
50,4,583,475,33,28,0.67,4,0,0
50,5,651,459,21,25,0.67,4,0,0
50,6,560,429,16,19,0.64,4,0,0
50,7,431,457,43,55,0.62,6,0,0
50,8,841,542,38,45,0.58,4,0,0
50,9,403,534,29,36,0.57,4,0,0
50,10,537,393,17,15,0.54,4,0,0
50,11,351,578,55,62,0.51,4,0,0
50,12,620,468,21,23,0.44,4,0,0
50,13,675,636,43,77,0.43,6,0,0
50,14,658,410,18,18,0.36,4,0,0
50,15,865,596,13,32,0.35,1,0,0
50,16,470,432,28,23,0.32,4,0,0
50,17,765,517,32,37,0.28,4,0,0
50,18,315,641,56,60,0.74,11,0,0
50,19,486,524,30,37,0.73,11,0,0
50,20,649,425,19,19,0.70,11,0,0
50,21,583,475,33,28,0.67,11,0,0
50,22,651,459,21,25,0.67,11,0,0
50,23,560,429,16,19,0.64,11,0,0
50,24,431,457,43,55,0.62,11,0,0
50,25,841,542,38,45,0.58,11,0,0
50,26,403,534,29,36,0.57,11,0,0
50,27,537,393,17,15,0.54,11,0,0
50,28,351,578,55,62,0.51,11,0,0
50,29,620,468,21,23,0.44,11,0,0
50,30,675,636,43,77,0.43,11,0,0
50,31,658,410,18,18,0.36,11,0,0
50,32,865,596,13,32,0.35,11,0,0
50,33,470,432,28,23,0.32,11,0,0
50,34,765,517,32,37,0.28,11,0,0
51,1,310,649,55,61,0.82,4,0,0
51,2,479,538,31,41,0.75,4,0,0
51,3,651,462,22,25,0.74,4,0,0
51,4,585,479,37,32,0.73,4,0,0
51,5,648,425,20,21,0.70,4,0,0
51,6,430,459,42,56,0.65,6,0,0
51,7,674,644,51,74,0.63,6,0,0
51,8,345,593,52,57,0.59,4,0,0
51,9,559,435,15,19,0.57,4,0,0
51,10,844,547,40,47,0.55,4,0,0
51,11,401,538,28,37,0.47,4,0,0
51,12,535,395,19,16,0.45,4,0,0
51,13,471,434,25,21,0.43,4,0,0
51,14,620,467,20,24,0.43,4,0,0
51,15,658,411,17,18,0.41,4,0,0
51,16,768,522,30,38,0.37,4,0,0
51,17,310,649,55,61,0.82,11,0,0
51,18,479,538,31,41,0.75,11,0,0
51,19,651,462,22,25,0.74,11,0,0
51,20,585,479,37,32,0.73,11,0,0
51,21,648,425,20,21,0.70,11,0,0
51,22,430,459,42,56,0.65,11,0,0
51,23,674,644,51,74,0.63,11,0,0
51,24,345,593,52,57,0.59,11,0,0
51,25,559,435,15,19,0.57,11,0,0
51,26,844,547,40,47,0.55,11,0,0
51,27,401,538,28,37,0.47,11,0,0
51,28,535,395,19,16,0.45,11,0,0
51,29,471,434,25,21,0.43,11,0,0
51,30,620,467,20,24,0.43,11,0,0
51,31,658,411,17,18,0.41,11,0,0
51,32,768,522,30,38,0.37,11,0,0
52,1,472,552,33,43,0.79,4,0,0
52,2,651,464,22,26,0.76,4,0,0
52,3,648,427,19,21,0.75,4,0,0
52,4,303,656,57,59,0.74,4,0,0
52,5,557,439,17,20,0.71,4,0,0
52,6,588,482,39,33,0.70,4,0,0
52,7,846,553,39,45,0.69,4,0,0
52,8,471,435,25,21,0.58,4,0,0
52,9,427,462,43,56,0.56,6,0,0
52,10,535,395,18,17,0.52,4,0,0
52,11,875,615,12,29,0.49,1,0,0
52,12,398,542,28,35,0.46,4,0,0
52,13,658,412,18,19,0.45,4,0,0
52,14,620,467,20,24,0.43,4,0,0
52,15,676,651,49,68,0.40,6,0,0
52,16,341,588,57,67,0.32,4,0,0
52,17,769,524,30,38,0.28,4,0,0
52,18,341,589,57,66,0.25,6,0,0
52,19,472,552,33,43,0.79,11,0,0
52,20,651,464,22,26,0.76,11,0,0
52,21,648,427,19,21,0.75,11,0,0
52,22,303,656,57,59,0.74,11,0,0
52,23,557,439,17,20,0.71,11,0,0
52,24,588,482,39,33,0.70,11,0,0
52,25,846,553,39,45,0.69,11,0,0
52,26,471,435,25,21,0.58,11,0,0
52,27,427,462,43,56,0.56,11,0,0
52,28,535,395,18,17,0.52,11,0,0
52,29,875,615,12,29,0.49,11,0,0
52,30,398,542,28,35,0.46,11,0,0
52,31,658,412,18,19,0.45,11,0,0
52,32,620,467,20,24,0.43,11,0,0
52,33,676,651,49,68,0.40,11,0,0
52,34,341,588,57,67,0.32,11,0,0
52,35,769,524,30,38,0.28,11,0,0
52,36,341,589,57,66,0.25,11,0,0
53,1,464,567,34,46,0.79,4,0,0
53,2,297,664,58,53,0.77,4,0,0
53,3,590,489,40,31,0.77,4,0,0
53,4,652,467,21,26,0.72,4,0,0
53,5,553,445,18,20,0.67,4,0,0
53,6,648,429,20,20,0.65,4,0,0
53,7,619,467,21,25,0.58,4,0,0
53,8,468,438,26,21,0.56,4,0,0
53,9,534,396,19,19,0.37,4,0,0
53,10,424,465,44,59,0.35,6,0,0
53,11,335,603,54,59,0.33,4,0,0
53,12,395,546,28,38,0.29,4,0,0
53,13,849,556,35,46,0.29,4,0,0
53,14,657,414,19,19,0.25,4,0,0
53,15,464,567,34,46,0.79,11,0,0
53,16,297,664,58,53,0.77,11,0,0
53,17,590,489,40,31,0.77,11,0,0
53,18,652,467,21,26,0.72,11,0,0
53,19,553,445,18,20,0.67,11,0,0
53,20,648,429,20,20,0.65,11,0,0
53,21,619,467,21,25,0.58,11,0,0
53,22,468,438,26,21,0.56,11,0,0
53,23,534,396,19,19,0.37,11,0,0
53,24,424,465,44,59,0.35,11,0,0
53,25,335,603,54,59,0.33,11,0,0
53,26,395,546,28,38,0.29,11,0,0
53,27,849,556,35,46,0.29,11,0,0
53,28,657,414,19,19,0.25,11,0,0
54,1,592,492,44,32,0.76,4,0,0
54,2,652,469,21,26,0.72,4,0,0
54,3,456,583,38,46,0.69,4,0,0
54,4,649,431,19,21,0.66,4,0,0
54,5,291,672,58,46,0.64,4,0,0
54,6,422,467,44,61,0.59,6,0,0
54,7,620,467,20,25,0.54,4,0,0
54,8,465,439,28,23,0.54,4,0,0
54,9,551,449,19,23,0.52,4,0,0
54,10,388,550,32,42,0.47,4,0,0
54,11,774,537,30,37,0.40,4,0,0
54,12,532,397,19,18,0.35,4,0,0
54,13,329,611,49,60,0.30,4,0,0
54,14,592,492,44,32,0.76,11,0,0
54,15,652,469,21,26,0.72,11,0,0
54,16,456,583,38,46,0.69,11,0,0
54,17,649,431,19,21,0.66,11,0,0
54,18,291,672,58,46,0.64,11,0,0
54,19,422,467,44,61,0.59,11,0,0
54,20,620,467,20,25,0.54,11,0,0
54,21,465,439,28,23,0.54,11,0,0
54,22,551,449,19,23,0.52,11,0,0
54,23,388,550,32,42,0.47,11,0,0
54,24,774,537,30,37,0.40,11,0,0
54,25,532,397,19,18,0.35,11,0,0
54,26,329,611,49,60,0.30,11,0,0
55,1,548,454,20,25,0.76,4,0,0
55,2,596,498,44,31,0.75,4,0,0
55,3,651,471,22,27,0.74,4,0,0
55,4,648,432,20,22,0.64,4,0,0
55,5,291,681,51,38,0.63,4,0,0
55,6,618,465,23,26,0.61,4,0,0
55,7,447,606,39,53,0.59,4,0,0
55,8,323,619,53,58,0.56,4,0,0
55,9,386,555,31,43,0.52,4,0,0
55,10,418,470,46,63,0.50,6,0,0
55,11,463,441,27,23,0.49,4,0,0
55,12,854,567,43,49,0.48,4,0,0
55,13,776,541,29,39,0.45,4,0,0
55,14,531,397,20,19,0.39,4,0,0
55,15,940,626,12,29,0.28,1,0,0
55,16,548,454,20,25,0.76,11,0,0
55,17,596,498,44,31,0.75,11,0,0
55,18,651,471,22,27,0.74,11,0,0
55,19,648,432,20,22,0.64,11,0,0
55,20,291,681,51,38,0.63,11,0,0
55,21,618,465,23,26,0.61,11,0,0
55,22,447,606,39,53,0.59,11,0,0
55,23,323,619,53,58,0.56,11,0,0
55,24,386,555,31,43,0.52,11,0,0
55,25,418,470,46,63,0.50,11,0,0
55,26,463,441,27,23,0.49,11,0,0
55,27,854,567,43,49,0.48,11,0,0
55,28,776,541,29,39,0.45,11,0,0
55,29,531,397,20,19,0.39,11,0,0
55,30,940,626,12,29,0.28,11,0,0
56,1,546,460,19,26,0.74,4,0,0
56,2,651,474,21,27,0.73,4,0,0
56,3,600,504,48,32,0.71,4,0,0
56,4,435,626,43,60,0.70,4,0,0
56,5,617,466,23,24,0.64,4,0,0
56,6,648,434,19,22,0.61,4,0,0
56,7,856,570,43,51,0.61,4,0,0
56,8,415,473,46,63,0.56,6,0,0
56,9,316,624,55,64,0.51,4,0,0
56,10,462,443,26,21,0.48,4,0,0
56,11,531,401,18,18,0.48,4,0,0
56,12,288,689,50,30,0.47,4,0,0
56,13,776,545,31,39,0.46,4,0,0
56,14,413,327,37,27,0.29,4,0,0
56,15,658,420,16,19,0.28,4,0,0
56,16,407,348,25,20,0.25,4,0,0
56,17,546,460,19,26,0.74,11,0,0
56,18,651,474,21,27,0.73,11,0,0
56,19,600,504,48,32,0.71,11,0,0
56,20,435,626,43,60,0.70,11,0,0
56,21,617,466,23,24,0.64,11,0,0
56,22,648,434,19,22,0.61,11,0,0
56,23,856,570,43,51,0.61,11,0,0
56,24,415,473,46,63,0.56,11,0,0
56,25,316,624,55,64,0.51,11,0,0
56,26,462,443,26,21,0.48,11,0,0
56,27,531,401,18,18,0.48,11,0,0
56,28,288,689,50,30,0.47,11,0,0
56,29,776,545,31,39,0.46,11,0,0
56,30,413,327,37,27,0.29,11,0,0
56,31,658,420,16,19,0.28,11,0,0
56,32,407,348,25,20,0.25,11,0,0
57,1,651,476,22,27,0.77,4,0,0
57,2,430,637,41,62,0.70,4,0,0
57,3,543,464,21,25,0.70,4,0,0
57,4,616,466,23,24,0.65,4,0,0
57,5,648,436,19,21,0.60,4,0,0
57,6,601,506,47,30,0.59,4,0,0
57,7,858,574,43,51,0.58,4,0,0
57,8,414,474,46,64,0.53,6,0,0
57,9,529,402,20,18,0.52,4,0,0
57,10,461,444,26,23,0.46,4,0,0
57,11,892,656,16,32,0.43,1,0,0
57,12,378,564,32,46,0.40,4,0,0
57,13,314,627,56,64,0.40,4,0,0
57,14,778,548,29,37,0.30,4,0,0
57,15,657,421,18,19,0.30,4,0,0
57,16,285,694,47,25,0.27,4,0,0
57,17,651,476,22,27,0.77,11,0,0
57,18,430,637,41,62,0.70,11,0,0
57,19,543,464,21,25,0.70,11,0,0
57,20,616,466,23,24,0.65,11,0,0
57,21,648,436,19,21,0.60,11,0,0
57,22,601,506,47,30,0.59,11,0,0
57,23,858,574,43,51,0.58,11,0,0
57,24,414,474,46,64,0.53,11,0,0
57,25,529,402,20,18,0.52,11,0,0
57,26,461,444,26,23,0.46,11,0,0
57,27,892,656,16,32,0.43,11,0,0
57,28,378,564,32,46,0.40,11,0,0
57,29,314,627,56,64,0.40,11,0,0
57,30,778,548,29,37,0.30,11,0,0
57,31,657,421,18,19,0.30,11,0,0
57,32,285,694,47,25,0.27,11,0,0
58,1,651,478,22,28,0.78,4,0,0
58,2,540,470,21,25,0.72,4,0,0
58,3,648,437,19,22,0.67,4,0,0
58,4,417,662,45,56,0.67,4,0,0
58,5,528,400,21,21,0.64,4,0,0
58,6,605,510,48,31,0.62,4,0,0
58,7,860,579,43,51,0.62,4,0,0
58,8,780,553,31,40,0.58,4,0,0
58,9,411,477,48,66,0.58,6,0,0
58,10,616,466,23,24,0.57,4,0,0
58,11,374,568,34,44,0.53,4,0,0
58,12,458,447,28,23,0.50,4,0,0
58,13,658,422,20,20,0.48,4,0,0
58,14,307,634,63,63,0.33,4,0,0
58,15,651,478,22,28,0.78,11,0,0
58,16,540,470,21,25,0.72,11,0,0
58,17,648,437,19,22,0.67,11,0,0
58,18,417,662,45,56,0.67,11,0,0
58,19,528,400,21,21,0.64,11,0,0
58,20,605,510,48,31,0.62,11,0,0
58,21,860,579,43,51,0.62,11,0,0
58,22,780,553,31,40,0.58,11,0,0
58,23,411,477,48,66,0.58,11,0,0
58,24,616,466,23,24,0.57,11,0,0
58,25,374,568,34,44,0.53,11,0,0
58,26,458,447,28,23,0.50,11,0,0
58,27,658,422,20,20,0.48,11,0,0
58,28,307,634,63,63,0.33,11,0,0
59,1,651,481,22,27,0.79,4,0,0
59,2,538,476,22,28,0.72,4,0,0
59,3,610,515,47,30,0.71,4,0,0
59,4,648,439,20,22,0.68,4,0,0
59,5,864,583,44,53,0.66,4,0,0
59,6,527,402,21,19,0.64,4,0,0
59,7,408,480,48,66,0.60,6,0,0
59,8,783,557,30,41,0.59,4,0,0
59,9,456,449,29,23,0.58,4,0,0
59,10,657,422,21,23,0.56,4,0,0
59,11,616,465,23,25,0.48,4,0,0
59,12,302,642,58,65,0.47,4,0,0
59,13,371,572,33,44,0.34,4,0,0
59,14,722,468,33,27,0.25,4,0,0
59,15,345,622,28,30,0.25,4,0,0
59,16,651,481,22,27,0.79,11,0,0
59,17,538,476,22,28,0.72,11,0,0
59,18,610,515,47,30,0.71,11,0,0
59,19,648,439,20,22,0.68,11,0,0
59,20,864,583,44,53,0.66,11,0,0
59,21,527,402,21,19,0.64,11,0,0
59,22,408,480,48,66,0.60,11,0,0
59,23,783,557,30,41,0.59,11,0,0
59,24,456,449,29,23,0.58,11,0,0
59,25,657,422,21,23,0.56,11,0,0
59,26,616,465,23,25,0.48,11,0,0
59,27,302,642,58,65,0.47,11,0,0
59,28,371,572,33,44,0.34,11,0,0
59,29,722,468,33,27,0.25,11,0,0
59,30,345,622,28,30,0.25,11,0,0
60,1,652,483,21,29,0.75,4,0,0
60,2,615,518,47,30,0.75,4,0,0
60,3,648,441,20,22,0.73,4,0,0
60,4,533,483,25,29,0.73,4,0,0
60,5,867,588,48,57,0.65,4,0,0
60,6,454,451,29,23,0.64,4,0,0
60,7,526,403,21,19,0.63,4,0,0
60,8,406,483,47,68,0.60,6,0,0
60,9,783,561,32,42,0.60,4,0,0
60,10,657,425,21,21,0.60,4,0,0
60,11,616,465,23,24,0.45,4,0,0
60,12,367,577,34,49,0.43,4,0,0
60,13,296,650,57,55,0.38,4,0,0
60,14,333,630,36,33,0.37,4,0,0
60,15,693,484,53,37,0.28,4,0,0
60,16,652,483,21,29,0.75,11,0,0
60,17,615,518,47,30,0.75,11,0,0
60,18,648,441,20,22,0.73,11,0,0
60,19,533,483,25,29,0.73,11,0,0
60,20,867,588,48,57,0.65,11,0,0
60,21,454,451,29,23,0.64,11,0,0
60,22,526,403,21,19,0.63,11,0,0
60,23,406,483,47,68,0.60,11,0,0
60,24,783,561,32,42,0.60,11,0,0
60,25,657,425,21,21,0.60,11,0,0
60,26,616,465,23,24,0.45,11,0,0
60,27,367,577,34,49,0.43,11,0,0
60,28,296,650,57,55,0.38,11,0,0
60,29,333,630,36,33,0.37,11,0,0
60,30,693,484,53,37,0.28,11,0,0
61,1,529,491,27,29,0.78,4,0,0
61,2,870,593,46,57,0.74,4,0,0
61,3,652,486,22,29,0.73,4,0,0
61,4,648,442,19,23,0.71,4,0,0
61,5,525,404,22,20,0.61,4,0,0
61,6,620,524,46,30,0.60,4,0,0
61,7,658,426,21,22,0.57,4,0,0
61,8,452,453,29,24,0.53,4,0,0
61,9,402,486,49,67,0.52,6,0,0
61,10,618,465,21,24,0.50,4,0,0
61,11,362,583,35,49,0.48,4,0,0
61,12,787,568,31,41,0.47,4,0,0
61,13,291,658,57,58,0.46,4,0,0
61,14,693,485,58,39,0.42,4,0,0
61,15,723,473,34,26,0.31,4,0,0
61,16,331,634,31,36,0.26,4,0,0
61,17,400,354,25,18,0.26,4,0,0
61,18,529,491,27,29,0.78,11,0,0
61,19,870,593,46,57,0.74,11,0,0
61,20,652,486,22,29,0.73,11,0,0
61,21,648,442,19,23,0.71,11,0,0
61,22,525,404,22,20,0.61,11,0,0
61,23,620,524,46,30,0.60,11,0,0
61,24,658,426,21,22,0.57,11,0,0
61,25,452,453,29,24,0.53,11,0,0
61,26,402,486,49,67,0.52,11,0,0
61,27,618,465,21,24,0.50,11,0,0
61,28,362,583,35,49,0.48,11,0,0
61,29,787,568,31,41,0.47,11,0,0
61,30,291,658,57,58,0.46,11,0,0
61,31,693,485,58,39,0.42,11,0,0
61,32,723,473,34,26,0.31,11,0,0
61,33,331,634,31,36,0.26,11,0,0
61,34,400,354,25,18,0.26,11,0,0
62,1,526,498,27,29,0.80,4,0,0
62,2,652,488,23,29,0.78,4,0,0
62,3,648,443,21,24,0.72,4,0,0
62,4,524,408,21,17,0.63,4,0,0
62,5,451,454,29,25,0.60,4,0,0
62,6,618,463,21,25,0.55,4,0,0
62,7,658,427,21,22,0.52,4,0,0
62,8,283,665,62,53,0.49,4,0,0
62,9,626,529,52,32,0.46,4,0,0
62,10,694,488,59,38,0.40,4,0,0
62,11,787,572,35,39,0.38,4,0,0
62,12,874,598,46,59,0.34,4,0,0
62,13,399,358,26,14,0.31,4,0,0
62,14,399,488,51,69,0.30,6,0,0
62,15,727,475,33,24,0.29,4,0,0
62,16,740,375,25,17,0.25,4,0,0
62,17,526,498,27,29,0.80,11,0,0
62,18,652,488,23,29,0.78,11,0,0
62,19,648,443,21,24,0.72,11,0,0
62,20,524,408,21,17,0.63,11,0,0
62,21,451,454,29,25,0.60,11,0,0
62,22,618,463,21,25,0.55,11,0,0
62,23,658,427,21,22,0.52,11,0,0
62,24,283,665,62,53,0.49,11,0,0
62,25,626,529,52,32,0.46,11,0,0
62,26,694,488,59,38,0.40,11,0,0
62,27,787,572,35,39,0.38,11,0,0
62,28,874,598,46,59,0.34,11,0,0
62,29,399,358,26,14,0.31,11,0,0
62,30,399,488,51,69,0.30,11,0,0
62,31,727,475,33,24,0.29,11,0,0
62,32,740,375,25,17,0.25,11,0,0
63,1,523,505,27,30,0.80,4,0,0
63,2,652,490,24,29,0.79,4,0,0
63,3,648,444,21,24,0.67,4,0,0
63,4,353,593,38,51,0.66,4,0,0
63,5,878,603,49,60,0.63,4,0,0
63,6,524,409,21,16,0.62,4,0,0
63,7,618,461,21,24,0.62,4,0,0
63,8,449,455,30,25,0.54,4,0,0
63,9,658,428,21,20,0.47,4,0,0
63,10,278,672,62,46,0.42,4,0,0
63,11,696,489,58,40,0.42,4,0,0
63,12,397,490,52,71,0.37,6,0,0
63,13,630,533,52,32,0.35,4,0,0
63,14,399,358,25,14,0.31,4,0,0
63,15,740,368,26,24,0.30,4,0,0
63,16,789,576,33,38,0.29,4,0,0
63,17,726,477,35,26,0.26,4,0,0
63,18,523,505,27,30,0.80,11,0,0
63,19,652,490,24,29,0.79,11,0,0
63,20,648,444,21,24,0.67,11,0,0
63,21,353,593,38,51,0.66,11,0,0
63,22,878,603,49,60,0.63,11,0,0
63,23,524,409,21,16,0.62,11,0,0
63,24,618,461,21,24,0.62,11,0,0
63,25,449,455,30,25,0.54,11,0,0
63,26,658,428,21,20,0.47,11,0,0
63,27,278,672,62,46,0.42,11,0,0
63,28,696,489,58,40,0.42,11,0,0
63,29,397,490,52,71,0.37,11,0,0
63,30,630,533,52,32,0.35,11,0,0
63,31,399,358,25,14,0.31,11,0,0
63,32,740,368,26,24,0.30,11,0,0
63,33,789,576,33,38,0.29,11,0,0
63,34,726,477,35,26,0.26,11,0,0
64,1,652,493,23,29,0.77,4,0,0
64,2,518,514,30,32,0.71,4,0,0
64,3,648,446,21,23,0.70,4,0,0
64,4,618,459,21,25,0.65,4,0,0
64,5,522,409,21,17,0.63,4,0,0
64,6,881,608,52,64,0.54,4,0,0
64,7,448,457,30,25,0.46,4,0,0
64,8,635,538,51,33,0.45,4,0,0
64,9,695,490,61,42,0.45,4,0,0
64,10,727,479,37,26,0.42,4,0,0
64,11,658,428,21,23,0.41,4,0,0
64,12,392,493,53,71,0.40,6,0,0
64,13,791,580,35,45,0.37,4,0,0
64,14,740,371,27,21,0.35,4,0,0
64,15,396,358,26,15,0.28,4,0,0
64,16,652,493,23,29,0.77,11,0,0
64,17,518,514,30,32,0.71,11,0,0
64,18,648,446,21,23,0.70,11,0,0
64,19,618,459,21,25,0.65,11,0,0
64,20,522,409,21,17,0.63,11,0,0
64,21,881,608,52,64,0.54,11,0,0
64,22,448,457,30,25,0.46,11,0,0
64,23,635,538,51,33,0.45,11,0,0
64,24,695,490,61,42,0.45,11,0,0
64,25,727,479,37,26,0.42,11,0,0
64,26,658,428,21,23,0.41,11,0,0
64,27,392,493,53,71,0.40,11,0,0
64,28,791,580,35,45,0.37,11,0,0
64,29,740,371,27,21,0.35,11,0,0
64,30,396,358,26,15,0.28,11,0,0
65,1,516,518,29,34,0.77,4,0,0
65,2,651,494,24,29,0.77,4,0,0
65,3,522,410,20,17,0.65,4,0,0
65,4,618,459,21,24,0.63,4,0,0
65,5,648,448,21,22,0.63,4,0,0
65,6,883,611,51,64,0.53,4,0,0
65,7,638,541,50,32,0.52,4,0,0
65,8,447,458,29,26,0.50,4,0,0
65,9,500,473,8,22,0.43,1,0,0
65,10,392,494,53,72,0.41,6,0,0
65,11,346,601,39,52,0.40,4,0,0
65,12,695,492,60,42,0.38,4,0,0
65,13,741,374,26,18,0.37,4,0,0
65,14,727,480,37,26,0.36,4,0,0
65,15,396,359,25,14,0.30,4,0,0
65,16,268,685,63,34,0.27,4,0,0
65,17,659,429,21,23,0.25,4,0,0
65,18,516,518,29,34,0.77,11,0,0
65,19,651,494,24,29,0.77,11,0,0
65,20,522,410,20,17,0.65,11,0,0
65,21,618,459,21,24,0.63,11,0,0
65,22,648,448,21,22,0.63,11,0,0
65,23,883,611,51,64,0.53,11,0,0
65,24,638,541,50,32,0.52,11,0,0
65,25,447,458,29,26,0.50,11,0,0
65,26,500,473,8,22,0.43,11,0,0
65,27,392,494,53,72,0.41,11,0,0
65,28,346,601,39,52,0.40,11,0,0
65,29,695,492,60,42,0.38,11,0,0
65,30,741,374,26,18,0.37,11,0,0
65,31,727,480,37,26,0.36,11,0,0
65,32,396,359,25,14,0.30,11,0,0
65,33,268,685,63,34,0.27,11,0,0
65,34,659,429,21,23,0.25,11,0,0
66,1,651,496,24,30,0.78,4,0,0
66,2,512,528,32,34,0.77,4,0,0
66,3,886,616,51,65,0.72,4,0,0
66,4,444,459,30,29,0.60,4,0,0
66,5,618,458,21,24,0.60,4,0,0
66,6,387,497,55,73,0.58,6,0,0
66,7,648,450,21,23,0.58,4,0,0
66,8,522,410,20,18,0.57,4,0,0
66,9,695,493,61,42,0.53,4,0,0
66,10,641,543,55,35,0.45,4,0,0
66,11,342,605,40,56,0.41,4,0,0
66,12,495,479,10,21,0.40,1,0,0
66,13,575,362,15,12,0.39,4,0,0
66,14,394,452,37,38,0.33,4,0,0
66,15,742,373,26,19,0.33,4,0,0
66,16,798,593,32,39,0.33,4,0,0
66,17,730,483,36,25,0.33,4,0,0
66,18,651,496,24,30,0.78,11,0,0
66,19,512,528,32,34,0.77,11,0,0
66,20,886,616,51,65,0.72,11,0,0
66,21,444,459,30,29,0.60,11,0,0
66,22,618,458,21,24,0.60,11,0,0
66,23,387,497,55,73,0.58,11,0,0
66,24,648,450,21,23,0.58,11,0,0
66,25,522,410,20,18,0.57,11,0,0
66,26,695,493,61,42,0.53,11,0,0
66,27,641,543,55,35,0.45,11,0,0
66,28,342,605,40,56,0.41,11,0,0
66,29,495,479,10,21,0.40,11,0,0
66,30,575,362,15,12,0.39,11,0,0
66,31,394,452,37,38,0.33,11,0,0
66,32,742,373,26,19,0.33,11,0,0
66,33,798,593,32,39,0.33,11,0,0
66,34,730,483,36,25,0.33,11,0,0
67,1,652,499,24,30,0.75,4,0,0
67,2,506,536,33,37,0.68,4,0,0
67,3,442,461,30,28,0.65,4,0,0
67,4,618,456,20,24,0.60,4,0,0
67,5,697,496,60,43,0.59,4,0,0
67,6,648,452,21,22,0.59,4,0,0
67,7,521,411,20,19,0.59,4,0,0
67,8,338,610,39,53,0.52,4,0,0
67,9,646,548,51,33,0.50,4,0,0
67,10,889,622,54,66,0.49,4,0,0
67,11,384,499,56,78,0.46,6,0,0
67,12,491,484,11,21,0.46,1,0,0
67,13,742,370,26,23,0.36,4,0,0
67,14,393,454,36,35,0.36,4,0,0
67,15,271,493,52,23,0.35,4,0,0
67,16,730,485,35,27,0.33,4,0,0
67,17,573,365,16,11,0.26,4,0,0
67,18,652,499,24,30,0.75,11,0,0
67,19,506,536,33,37,0.68,11,0,0
67,20,442,461,30,28,0.65,11,0,0
67,21,618,456,20,24,0.60,11,0,0
67,22,697,496,60,43,0.59,11,0,0
67,23,648,452,21,22,0.59,11,0,0
67,24,521,411,20,19,0.59,11,0,0
67,25,338,610,39,53,0.52,11,0,0
67,26,646,548,51,33,0.50,11,0,0
67,27,889,622,54,66,0.49,11,0,0
67,28,384,499,56,78,0.46,11,0,0
67,29,491,484,11,21,0.46,11,0,0
67,30,742,370,26,23,0.36,11,0,0
67,31,393,454,36,35,0.36,11,0,0
67,32,271,493,52,23,0.35,11,0,0
67,33,730,485,35,27,0.33,11,0,0
67,34,573,365,16,11,0.26,11,0,0
68,1,651,501,25,31,0.79,4,0,0
68,2,502,547,32,36,0.68,4,0,0
68,3,894,628,54,67,0.68,4,0,0
68,4,440,464,30,26,0.66,4,0,0
68,5,648,452,21,24,0.65,4,0,0
68,6,520,411,21,20,0.63,4,0,0
68,7,618,456,20,23,0.63,4,0,0
68,8,649,553,53,32,0.59,4,0,0
68,9,380,501,58,79,0.57,6,0,0
68,10,573,365,15,13,0.49,4,0,0
68,11,488,487,10,24,0.47,1,0,0
68,12,742,367,27,26,0.44,4,0,0
68,13,334,616,37,49,0.41,4,0,0
68,14,698,500,60,43,0.39,4,0,0
68,15,269,495,51,22,0.35,4,0,0
68,16,391,457,37,31,0.32,4,0,0
68,17,661,435,19,22,0.31,4,0,0
68,18,731,488,35,29,0.31,4,0,0
68,19,802,604,34,40,0.25,4,0,0
68,20,651,501,25,31,0.79,11,0,0
68,21,502,547,32,36,0.68,11,0,0
68,22,894,628,54,67,0.68,11,0,0
68,23,440,464,30,26,0.66,11,0,0
68,24,648,452,21,24,0.65,11,0,0
68,25,520,411,21,20,0.63,11,0,0
68,26,618,456,20,23,0.63,11,0,0
68,27,649,553,53,32,0.59,11,0,0
68,28,380,501,58,79,0.57,11,0,0
68,29,573,365,15,13,0.49,11,0,0
68,30,488,487,10,24,0.47,11,0,0
68,31,742,367,27,26,0.44,11,0,0
68,32,334,616,37,49,0.41,11,0,0
68,33,698,500,60,43,0.39,11,0,0
68,34,269,495,51,22,0.35,11,0,0
68,35,391,457,37,31,0.32,11,0,0
68,36,661,435,19,22,0.31,11,0,0
68,37,731,488,35,29,0.31,11,0,0
68,38,802,604,34,40,0.25,11,0,0
69,1,652,504,25,33,0.80,4,0,0
69,2,496,558,35,42,0.78,4,0,0
69,3,898,635,54,70,0.72,4,0,0
69,4,648,453,21,26,0.70,4,0,0
69,5,617,455,21,24,0.63,4,0,0
69,6,438,465,31,27,0.62,4,0,0
69,7,651,557,55,34,0.55,4,0,0
69,8,572,366,16,15,0.52,4,0,0
69,9,519,412,21,20,0.51,4,0,0
69,10,375,505,60,79,0.43,6,0,0
69,11,484,492,10,25,0.40,1,0,0
69,12,660,437,21,21,0.38,4,0,0
69,13,733,491,34,28,0.38,4,0,0
69,14,263,497,52,24,0.35,4,0,0
69,15,806,610,33,41,0.34,4,0,0
69,16,328,623,40,59,0.31,4,0,0
69,17,743,368,27,26,0.30,4,0,0
69,18,698,504,61,40,0.26,4,0,0
69,19,652,504,25,33,0.80,11,0,0
69,20,496,558,35,42,0.78,11,0,0
69,21,898,635,54,70,0.72,11,0,0
69,22,648,453,21,26,0.70,11,0,0
69,23,617,455,21,24,0.63,11,0,0
69,24,438,465,31,27,0.62,11,0,0
69,25,651,557,55,34,0.55,11,0,0
69,26,572,366,16,15,0.52,11,0,0
69,27,519,412,21,20,0.51,11,0,0
69,28,375,505,60,79,0.43,11,0,0
69,29,484,492,10,25,0.40,11,0,0
69,30,660,437,21,21,0.38,11,0,0
69,31,733,491,34,28,0.38,11,0,0
69,32,263,497,52,24,0.35,11,0,0
69,33,806,610,33,41,0.34,11,0,0
69,34,328,623,40,59,0.31,11,0,0
69,35,743,368,27,26,0.30,11,0,0
69,36,698,504,61,40,0.26,11,0,0
70,1,652,506,25,34,0.80,4,0,0
70,2,903,641,58,74,0.76,4,0,0
70,3,648,455,22,25,0.71,4,0,0
70,4,491,569,37,43,0.71,4,0,0
70,5,436,467,30,27,0.64,4,0,0
70,6,616,454,22,24,0.57,4,0,0
70,7,656,559,55,38,0.45,4,0,0
70,8,318,628,46,64,0.44,4,0,0
70,9,518,413,21,20,0.43,4,0,0
70,10,659,437,22,23,0.40,4,0,0
70,11,731,493,39,28,0.37,4,0,0
70,12,480,498,11,25,0.34,1,0,0
70,13,261,500,51,21,0.26,4,0,0
70,14,652,506,25,34,0.80,11,0,0
70,15,903,641,58,74,0.76,11,0,0
70,16,648,455,22,25,0.71,11,0,0
70,17,491,569,37,43,0.71,11,0,0
70,18,436,467,30,27,0.64,11,0,0
70,19,616,454,22,24,0.57,11,0,0
70,20,656,559,55,38,0.45,11,0,0
70,21,318,628,46,64,0.44,11,0,0
70,22,518,413,21,20,0.43,11,0,0
70,23,659,437,22,23,0.40,11,0,0
70,24,731,493,39,28,0.37,11,0,0
70,25,480,498,11,25,0.34,11,0,0
70,26,261,500,51,21,0.26,11,0,0
71,1,652,509,26,34,0.79,4,0,0
71,2,483,581,40,48,0.71,4,0,0
71,3,648,456,22,25,0.70,4,0,0
71,4,433,469,32,28,0.57,4,0,0
71,5,517,416,21,18,0.47,4,0,0
71,6,662,565,54,37,0.44,4,0,0
71,7,659,438,21,23,0.44,4,0,0
71,8,616,452,21,25,0.42,4,0,0
71,9,368,512,60,84,0.38,6,0,0
71,10,906,648,58,70,0.37,4,0,0
71,11,733,496,39,28,0.31,4,0,0
71,12,312,634,46,65,0.29,4,0,0
71,13,652,509,26,34,0.79,11,0,0
71,14,483,581,40,48,0.71,11,0,0
71,15,648,456,22,25,0.70,11,0,0
71,16,433,469,32,28,0.57,11,0,0
71,17,517,416,21,18,0.47,11,0,0
71,18,662,565,54,37,0.44,11,0,0
71,19,659,438,21,23,0.44,11,0,0
71,20,616,452,21,25,0.42,11,0,0
71,21,368,512,60,84,0.38,11,0,0
71,22,906,648,58,70,0.37,11,0,0
71,23,733,496,39,28,0.31,11,0,0
71,24,312,634,46,65,0.29,11,0,0
72,1,651,513,27,34,0.76,4,0,0
72,2,648,458,22,26,0.74,4,0,0
72,3,479,595,39,48,0.71,4,0,0
72,4,430,471,34,29,0.61,4,0,0
72,5,515,417,21,18,0.56,4,0,0
72,6,910,655,56,62,0.56,4,0,0
72,7,616,451,21,24,0.48,4,0,0
72,8,364,515,61,83,0.46,6,0,0
72,9,658,439,22,24,0.42,4,0,0
72,10,308,641,44,62,0.34,4,0,0
72,11,699,512,56,29,0.33,4,0,0
72,12,666,572,54,38,0.30,4,0,0
72,13,732,500,43,26,0.30,4,0,0
72,14,698,520,67,38,0.26,4,0,0
72,15,651,513,27,34,0.76,11,0,0
72,16,648,458,22,26,0.74,11,0,0
72,17,479,595,39,48,0.71,11,0,0
72,18,430,471,34,29,0.61,11,0,0
72,19,515,417,21,18,0.56,11,0,0
72,20,910,655,56,62,0.56,11,0,0
72,21,616,451,21,24,0.48,11,0,0
72,22,364,515,61,83,0.46,11,0,0
72,23,658,439,22,24,0.42,11,0,0
72,24,308,641,44,62,0.34,11,0,0
72,25,699,512,56,29,0.33,11,0,0
72,26,666,572,54,38,0.30,11,0,0
72,27,732,500,43,26,0.30,11,0,0
72,28,698,520,67,38,0.26,11,0,0
73,1,475,604,40,53,0.78,4,0,0
73,2,648,459,21,26,0.74,4,0,0
73,3,651,515,27,34,0.72,4,0,0
73,4,429,473,34,28,0.65,4,0,0
73,5,514,416,22,20,0.62,4,0,0
73,6,615,451,22,23,0.58,4,0,0
73,7,913,660,56,59,0.57,4,0,0
73,8,305,647,46,58,0.46,4,0,0
73,9,659,441,21,24,0.45,4,0,0
73,10,362,517,62,84,0.42,6,0,0
73,11,735,501,40,28,0.37,4,0,0
73,12,699,513,53,30,0.31,4,0,0
73,13,668,573,53,39,0.29,4,0,0
73,14,377,466,36,37,0.28,4,0,0
73,15,703,532,62,30,0.27,4,0,0
73,16,475,604,40,53,0.78,11,0,0
73,17,648,459,21,26,0.74,11,0,0
73,18,651,515,27,34,0.72,11,0,0
73,19,429,473,34,28,0.65,11,0,0
73,20,514,416,22,20,0.62,11,0,0
73,21,615,451,22,23,0.58,11,0,0
73,22,913,660,56,59,0.57,11,0,0
73,23,305,647,46,58,0.46,11,0,0
73,24,659,441,21,24,0.45,11,0,0
73,25,362,517,62,84,0.42,11,0,0
73,26,735,501,40,28,0.37,11,0,0
73,27,699,513,53,30,0.31,11,0,0
73,28,668,573,53,39,0.29,11,0,0
73,29,377,466,36,37,0.28,11,0,0
73,30,703,532,62,30,0.27,11,0,0
74,1,468,618,41,54,0.75,4,0,0
74,2,651,517,28,36,0.74,4,0,0
74,3,648,461,22,26,0.72,4,0,0
74,4,514,417,20,20,0.71,4,0,0
74,5,428,475,31,28,0.60,4,0,0
74,6,357,521,65,88,0.51,6,0,0
74,7,670,575,59,41,0.46,4,0,0
74,8,616,449,21,24,0.44,4,0,0
74,9,735,503,40,30,0.42,4,0,0
74,10,660,442,21,25,0.38,4,0,0
74,11,525,462,9,26,0.37,1,0,0
74,12,918,667,54,51,0.37,4,0,0
74,13,239,510,57,26,0.36,4,0,0
74,14,566,381,16,14,0.34,4,0,0
74,15,468,618,41,54,0.75,11,0,0
74,16,651,517,28,36,0.74,11,0,0
74,17,648,461,22,26,0.72,11,0,0
74,18,514,417,20,20,0.71,11,0,0
74,19,428,475,31,28,0.60,11,0,0
74,20,357,521,65,88,0.51,11,0,0
74,21,670,575,59,41,0.46,11,0,0
74,22,616,449,21,24,0.44,11,0,0
74,23,735,503,40,30,0.42,11,0,0
74,24,660,442,21,25,0.38,11,0,0
74,25,525,462,9,26,0.37,11,0,0
74,26,918,667,54,51,0.37,11,0,0
74,27,239,510,57,26,0.36,11,0,0
74,28,566,381,16,14,0.34,11,0,0
75,1,462,632,40,58,0.77,4,0,0
75,2,648,519,31,37,0.76,4,0,0
75,3,648,463,23,26,0.72,4,0,0
75,4,513,418,21,20,0.69,4,0,0
75,5,423,477,35,31,0.51,4,0,0
75,6,672,576,62,44,0.47,4,0,0
75,7,616,448,21,23,0.46,4,0,0
75,8,461,528,13,28,0.42,1,0,0
75,9,736,505,40,31,0.41,4,0,0
75,10,566,382,15,16,0.40,4,0,0
75,11,236,514,58,23,0.38,4,0,0
75,12,354,523,65,89,0.33,6,0,0
75,13,701,519,57,27,0.32,4,0,0
75,14,660,443,21,25,0.28,4,0,0
75,15,462,632,40,58,0.77,11,0,0
75,16,648,519,31,37,0.76,11,0,0
75,17,648,463,23,26,0.72,11,0,0
75,18,513,418,21,20,0.69,11,0,0
75,19,423,477,35,31,0.51,11,0,0
75,20,672,576,62,44,0.47,11,0,0
75,21,616,448,21,23,0.46,11,0,0
75,22,461,528,13,28,0.42,11,0,0
75,23,736,505,40,31,0.41,11,0,0
75,24,566,382,15,16,0.40,11,0,0
75,25,236,514,58,23,0.38,11,0,0
75,26,354,523,65,89,0.33,11,0,0
75,27,701,519,57,27,0.32,11,0,0
75,28,660,443,21,25,0.28,11,0,0
76,1,649,523,30,37,0.81,4,0,0
76,2,455,650,42,59,0.78,4,0,0
76,3,512,419,21,21,0.74,4,0,0
76,4,648,465,23,26,0.71,4,0,0
76,5,421,479,35,31,0.65,4,0,0
76,6,676,583,62,42,0.58,4,0,0
76,7,616,446,21,23,0.52,4,0,0
76,8,737,508,42,29,0.46,4,0,0
76,9,564,383,16,19,0.39,4,0,0
76,10,455,534,14,30,0.38,1,0,0
76,11,662,446,21,24,0.33,4,0,0
76,12,702,519,57,33,0.31,4,0,0
76,13,350,527,66,92,0.30,6,0,0
76,14,649,523,30,37,0.81,11,0,0
76,15,455,650,42,59,0.78,11,0,0
76,16,512,419,21,21,0.74,11,0,0
76,17,648,465,23,26,0.71,11,0,0
76,18,421,479,35,31,0.65,11,0,0
76,19,676,583,62,42,0.58,11,0,0
76,20,616,446,21,23,0.52,11,0,0
76,21,737,508,42,29,0.46,11,0,0
76,22,564,383,16,19,0.39,11,0,0
76,23,455,534,14,30,0.38,11,0,0
76,24,662,446,21,24,0.33,11,0,0
76,25,702,519,57,33,0.31,11,0,0
76,26,350,527,66,92,0.30,11,0,0
77,1,652,526,28,38,0.76,4,0,0
77,2,510,419,22,22,0.75,4,0,0
77,3,648,466,23,29,0.73,4,0,0
77,4,446,669,44,49,0.67,4,0,0
77,5,681,588,61,46,0.64,4,0,0
77,6,421,481,33,29,0.64,4,0,0
77,7,702,525,67,54,0.60,4,0,0
77,8,562,388,17,17,0.57,4,0,0
77,9,616,446,21,22,0.47,4,0,0
77,10,345,532,67,95,0.44,6,0,0
77,11,662,448,21,24,0.36,4,0,0
77,12,375,363,28,15,0.34,4,0,0
77,13,739,511,41,31,0.31,4,0,0
77,14,364,489,37,30,0.26,4,0,0
77,15,451,543,14,28,0.26,1,0,0
77,16,652,526,28,38,0.76,11,0,0
77,17,510,419,22,22,0.75,11,0,0
77,18,648,466,23,29,0.73,11,0,0
77,19,446,669,44,49,0.67,11,0,0
77,20,681,588,61,46,0.64,11,0,0
77,21,421,481,33,29,0.64,11,0,0
77,22,702,525,67,54,0.60,11,0,0
77,23,562,388,17,17,0.57,11,0,0
77,24,616,446,21,22,0.47,11,0,0
77,25,345,532,67,95,0.44,11,0,0
77,26,662,448,21,24,0.36,11,0,0
77,27,375,363,28,15,0.34,11,0,0
77,28,739,511,41,31,0.31,11,0,0
77,29,364,489,37,30,0.26,11,0,0
77,30,451,543,14,28,0.26,11,0,0
78,1,653,529,27,38,0.77,4,0,0
78,2,509,418,23,25,0.74,4,0,0
78,3,649,468,22,29,0.71,4,0,0
78,4,560,392,17,18,0.65,4,0,0
78,5,686,594,62,43,0.64,4,0,0
78,6,417,483,35,32,0.62,4,0,0
78,7,340,535,70,94,0.54,6,0,0
78,8,445,687,36,32,0.52,4,0,0
78,9,704,529,67,52,0.52,4,0,0
78,10,362,489,37,31,0.44,4,0,0
78,11,616,444,20,22,0.42,4,0,0
78,12,662,449,21,25,0.42,4,0,0
78,13,448,550,13,29,0.42,1,0,0
78,14,216,523,66,31,0.34,4,0,0
78,15,375,363,27,15,0.33,4,0,0
78,16,301,601,65,93,0.27,4,0,0
78,17,737,514,45,32,0.27,4,0,0
78,18,653,529,27,38,0.77,11,0,0
78,19,509,418,23,25,0.74,11,0,0
78,20,649,468,22,29,0.71,11,0,0
78,21,560,392,17,18,0.65,11,0,0
78,22,686,594,62,43,0.64,11,0,0
78,23,417,483,35,32,0.62,11,0,0
78,24,340,535,70,94,0.54,11,0,0
78,25,445,687,36,32,0.52,11,0,0
78,26,704,529,67,52,0.52,11,0,0
78,27,362,489,37,31,0.44,11,0,0
78,28,616,444,20,22,0.42,11,0,0
78,29,662,449,21,25,0.42,11,0,0
78,30,448,550,13,29,0.42,11,0,0
78,31,216,523,66,31,0.34,11,0,0
78,32,375,363,27,15,0.33,11,0,0
78,33,301,601,65,93,0.27,11,0,0
78,34,737,514,45,32,0.27,11,0,0
79,1,509,419,21,25,0.74,4,0,0
79,2,649,470,22,28,0.72,4,0,0
79,3,653,532,27,39,0.72,4,0,0
79,4,558,395,18,19,0.67,4,0,0
79,5,415,486,35,32,0.64,4,0,0
79,6,704,531,68,55,0.55,4,0,0
79,7,688,600,66,46,0.55,4,0,0
79,8,617,441,20,23,0.53,4,0,0
79,9,662,450,22,26,0.48,4,0,0
79,10,337,538,72,95,0.40,6,0,0
79,11,358,483,40,47,0.31,4,0,0
79,12,502,499,14,29,0.29,1,0,0
79,13,213,525,65,29,0.27,4,0,0
79,14,739,517,44,33,0.27,4,0,0
79,15,375,363,25,15,0.25,4,0,0
79,16,509,419,21,25,0.74,11,0,0
79,17,649,470,22,28,0.72,11,0,0
79,18,653,532,27,39,0.72,11,0,0
79,19,558,395,18,19,0.67,11,0,0
79,20,415,486,35,32,0.64,11,0,0
79,21,704,531,68,55,0.55,11,0,0
79,22,688,600,66,46,0.55,11,0,0
79,23,617,441,20,23,0.53,11,0,0
79,24,662,450,22,26,0.48,11,0,0
79,25,337,538,72,95,0.40,11,0,0
79,26,358,483,40,47,0.31,11,0,0
79,27,502,499,14,29,0.29,11,0,0
79,28,213,525,65,29,0.27,11,0,0
79,29,739,517,44,33,0.27,11,0,0
79,30,978,456,301,254,0.26,11,0,0
79,31,375,363,25,15,0.25,11,0,0
80,1,508,419,22,26,0.73,4,0,0
80,2,649,471,23,29,0.71,4,0,0
80,3,654,535,28,40,0.69,4,0,0
80,4,413,487,37,32,0.65,4,0,0
80,5,692,605,64,45,0.58,4,0,0
80,6,556,399,18,18,0.56,4,0,0
80,7,617,440,20,23,0.54,4,0,0
80,8,332,541,73,99,0.47,6,0,0
80,9,705,535,70,55,0.41,4,0,0
80,10,662,451,23,26,0.40,4,0,0
80,11,741,518,43,34,0.38,4,0,0
80,12,208,528,64,30,0.33,4,0,0
80,13,500,504,12,33,0.30,1,0,0
80,14,356,483,41,47,0.30,4,0,0
80,15,508,419,22,26,0.73,11,0,0
80,16,649,471,23,29,0.71,11,0,0
80,17,654,535,28,40,0.69,11,0,0
80,18,413,487,37,32,0.65,11,0,0
80,19,692,605,64,45,0.58,11,0,0
80,20,556,399,18,18,0.56,11,0,0
80,21,617,440,20,23,0.54,11,0,0
80,22,332,541,73,99,0.47,11,0,0
80,23,705,535,70,55,0.41,11,0,0
80,24,662,451,23,26,0.40,11,0,0
80,25,741,518,43,34,0.38,11,0,0
80,26,208,528,64,30,0.33,11,0,0
80,27,500,504,12,33,0.30,11,0,0
80,28,356,483,41,47,0.30,11,0,0
81,1,507,422,22,24,0.72,4,0,0
81,2,649,473,23,28,0.71,4,0,0
81,3,655,537,27,41,0.70,4,0,0
81,4,412,489,37,31,0.69,4,0,0
81,5,556,402,18,20,0.67,4,0,0
81,6,696,608,63,43,0.61,4,0,0
81,7,617,439,20,23,0.55,4,0,0
81,8,330,543,73,99,0.54,6,0,0
81,9,706,537,69,55,0.43,4,0,0
81,10,205,530,64,31,0.40,4,0,0
81,11,741,520,45,33,0.39,4,0,0
81,12,663,452,22,26,0.35,4,0,0
81,13,507,422,22,24,0.72,11,0,0
81,14,649,473,23,28,0.71,11,0,0
81,15,655,537,27,41,0.70,11,0,0
81,16,412,489,37,31,0.69,11,0,0
81,17,556,402,18,20,0.67,11,0,0
81,18,696,608,63,43,0.61,11,0,0
81,19,617,439,20,23,0.55,11,0,0
81,20,330,543,73,99,0.54,11,0,0
81,21,706,537,69,55,0.43,11,0,0
81,22,205,530,64,31,0.40,11,0,0
81,23,741,520,45,33,0.39,11,0,0
81,24,663,452,22,26,0.35,11,0,0
82,1,505,420,23,27,0.78,4,0,0
82,2,654,540,28,38,0.74,4,0,0
82,3,699,611,66,48,0.74,4,0,0
82,4,649,475,24,29,0.68,4,0,0
82,5,554,406,19,20,0.67,4,0,0
82,6,410,491,38,34,0.61,4,0,0
82,7,615,436,22,24,0.55,4,0,0
82,8,707,538,72,56,0.52,4,0,0
82,9,741,523,47,34,0.44,4,0,0
82,10,663,453,21,27,0.42,4,0,0
82,11,325,546,76,101,0.37,6,0,0
82,12,505,420,23,27,0.78,11,0,0
82,13,654,540,28,38,0.74,11,0,0
82,14,699,611,66,48,0.74,11,0,0
82,15,649,475,24,29,0.68,11,0,0
82,16,554,406,19,20,0.67,11,0,0
82,17,410,491,38,34,0.61,11,0,0
82,18,615,436,22,24,0.55,11,0,0
82,19,707,538,72,56,0.52,11,0,0
82,20,741,523,47,34,0.44,11,0,0
82,21,663,453,21,27,0.42,11,0,0
82,22,325,546,76,101,0.37,11,0,0
83,1,505,420,23,28,0.76,4,0,0
83,2,654,542,27,39,0.75,4,0,0
83,3,705,614,66,51,0.73,4,0,0
83,4,553,410,20,21,0.71,4,0,0
83,5,650,475,24,30,0.69,4,0,0
83,6,408,492,38,35,0.55,4,0,0
83,7,614,435,24,23,0.55,4,0,0
83,8,663,454,22,27,0.46,4,0,0
83,9,743,524,47,35,0.39,4,0,0
83,10,425,587,15,30,0.31,1,0,0
83,11,322,550,77,100,0.26,6,0,0
83,12,336,369,23,22,0.26,4,0,0
83,13,505,420,23,28,0.76,11,0,0
83,14,654,542,27,39,0.75,11,0,0
83,15,705,614,66,51,0.73,11,0,0
83,16,553,410,20,21,0.71,11,0,0
83,17,650,475,24,30,0.69,11,0,0
83,18,408,492,38,35,0.55,11,0,0
83,19,614,435,24,23,0.55,11,0,0
83,20,663,454,22,27,0.46,11,0,0
83,21,743,524,47,35,0.39,11,0,0
83,22,425,587,15,30,0.31,11,0,0
83,23,322,550,77,100,0.26,11,0,0
83,24,336,369,23,22,0.26,11,0,0
84,1,655,545,27,39,0.75,4,0,0
84,2,505,421,23,28,0.73,4,0,0
84,3,650,478,25,30,0.70,4,0,0
84,4,551,415,20,22,0.65,4,0,0
84,5,406,494,39,34,0.65,4,0,0
84,6,711,619,67,48,0.65,4,0,0
84,7,617,433,21,24,0.55,4,0,0
84,8,663,456,23,27,0.49,4,0,0
84,9,319,553,77,106,0.35,6,0,0
84,10,745,528,49,35,0.32,4,0,0
84,11,575,348,15,18,0.26,4,0,0
84,12,707,544,78,59,0.25,4,0,0
84,13,655,545,27,39,0.75,11,0,0
84,14,505,421,23,28,0.73,11,0,0
84,15,650,478,25,30,0.70,11,0,0
84,16,551,415,20,22,0.65,11,0,0
84,17,406,494,39,34,0.65,11,0,0
84,18,711,619,67,48,0.65,11,0,0
84,19,617,433,21,24,0.55,11,0,0
84,20,663,456,23,27,0.49,11,0,0
84,21,319,553,77,106,0.35,11,0,0
84,22,745,528,49,35,0.32,11,0,0
84,23,575,348,15,18,0.26,11,0,0
84,24,707,544,78,59,0.25,11,0,0
85,1,655,549,29,42,0.79,4,0,0
85,2,548,419,19,23,0.77,4,0,0
85,3,503,424,23,26,0.76,4,0,0
85,4,650,481,24,30,0.73,4,0,0
85,5,614,431,24,23,0.65,4,0,0
85,6,715,625,67,52,0.64,4,0,0
85,7,311,557,80,110,0.58,6,0,0
85,8,403,496,37,34,0.58,4,0,0
85,9,663,457,23,28,0.55,4,0,0
85,10,708,547,78,62,0.36,4,0,0
85,11,367,362,26,16,0.36,4,0,0
85,12,746,532,47,35,0.35,4,0,0
85,13,574,353,16,16,0.28,4,0,0
85,14,655,549,29,42,0.79,11,0,0
85,15,548,419,19,23,0.77,11,0,0
85,16,503,424,23,26,0.76,11,0,0
85,17,650,481,24,30,0.73,11,0,0
85,18,614,431,24,23,0.65,11,0,0
85,19,715,625,67,52,0.64,11,0,0
85,20,311,557,80,110,0.58,11,0,0
85,21,403,496,37,34,0.58,11,0,0
85,22,663,457,23,28,0.55,11,0,0
85,23,708,547,78,62,0.36,11,0,0
85,24,367,362,26,16,0.36,11,0,0
85,25,746,532,47,35,0.35,11,0,0
85,26,574,353,16,16,0.28,11,0,0
86,1,655,551,30,42,0.82,4,0,0
86,2,546,424,20,25,0.76,4,0,0
86,3,650,481,25,32,0.75,4,0,0
86,4,502,424,24,26,0.72,4,0,0
86,5,720,632,67,53,0.64,4,0,0
86,6,615,429,23,23,0.63,4,0,0
86,7,709,551,77,62,0.49,4,0,0
86,8,663,458,24,28,0.47,4,0,0
86,9,308,560,81,112,0.47,6,0,0
86,10,401,499,38,36,0.46,4,0,0
86,11,367,362,25,16,0.35,4,0,0
86,12,572,358,16,13,0.32,4,0,0
86,13,748,533,46,34,0.30,4,0,0
86,14,655,551,30,42,0.82,11,0,0
86,15,546,424,20,25,0.76,11,0,0
86,16,650,481,25,32,0.75,11,0,0
86,17,502,424,24,26,0.72,11,0,0
86,18,720,632,67,53,0.64,11,0,0
86,19,615,429,23,23,0.63,11,0,0
86,20,709,551,77,62,0.49,11,0,0
86,21,663,458,24,28,0.47,11,0,0
86,22,308,560,81,112,0.47,11,0,0
86,23,401,499,38,36,0.46,11,0,0
86,24,367,362,25,16,0.35,11,0,0
86,25,572,358,16,13,0.32,11,0,0
86,26,748,533,46,34,0.30,11,0,0
87,1,655,554,30,43,0.81,4,0,0
87,2,650,483,26,31,0.75,4,0,0
87,3,543,428,22,26,0.74,4,0,0
87,4,725,637,73,52,0.72,4,0,0
87,5,501,425,24,26,0.68,4,0,0
87,6,616,427,22,22,0.60,4,0,0
87,7,399,500,38,36,0.58,4,0,0
87,8,663,458,24,29,0.51,4,0,0
87,9,570,359,17,15,0.51,4,0,0
87,10,303,564,84,112,0.49,6,0,0
87,11,751,534,44,35,0.47,4,0,0
87,12,710,553,76,60,0.43,4,0,0
87,13,364,362,26,17,0.39,4,0,0
87,14,329,369,22,22,0.33,4,0,0
87,15,458,434,24,34,0.26,4,0,0
87,16,512,373,18,15,0.25,4,0,0
87,17,655,554,30,43,0.81,11,0,0
87,18,650,483,26,31,0.75,11,0,0
87,19,543,428,22,26,0.74,11,0,0
87,20,725,637,73,52,0.72,11,0,0
87,21,501,425,24,26,0.68,11,0,0
87,22,616,427,22,22,0.60,11,0,0
87,23,399,500,38,36,0.58,11,0,0
87,24,663,458,24,29,0.51,11,0,0
87,25,570,359,17,15,0.51,11,0,0
87,26,303,564,84,112,0.49,11,0,0
87,27,751,534,44,35,0.47,11,0,0
87,28,710,553,76,60,0.43,11,0,0
87,29,364,362,26,17,0.39,11,0,0
87,30,329,369,22,22,0.33,11,0,0
87,31,458,434,24,34,0.26,11,0,0
87,32,512,373,18,15,0.25,11,0,0
88,1,655,556,31,43,0.81,4,0,0
88,2,651,483,25,33,0.75,4,0,0
88,3,541,434,23,26,0.74,4,0,0
88,4,731,640,78,55,0.69,4,0,0
88,5,618,425,19,22,0.65,4,0,0
88,6,501,424,24,28,0.64,4,0,0
88,7,398,502,38,36,0.62,4,0,0
88,8,663,459,25,30,0.56,4,0,0
88,9,569,361,16,16,0.56,4,0,0
88,10,300,567,86,113,0.45,6,0,0
88,11,363,363,26,15,0.40,4,0,0
88,12,458,438,23,30,0.39,4,0,0
88,13,752,538,44,34,0.35,4,0,0
88,14,327,369,22,22,0.34,4,0,0
88,15,655,556,31,43,0.81,11,0,0
88,16,651,483,25,33,0.75,11,0,0
88,17,541,434,23,26,0.74,11,0,0
88,18,731,640,78,55,0.69,11,0,0
88,19,618,425,19,22,0.65,11,0,0
88,20,501,424,24,28,0.64,11,0,0
88,21,398,502,38,36,0.62,11,0,0
88,22,663,459,25,30,0.56,11,0,0
88,23,569,361,16,16,0.56,11,0,0
88,24,300,567,86,113,0.45,11,0,0
88,25,363,363,26,15,0.40,11,0,0
88,26,458,438,23,30,0.39,11,0,0
88,27,752,538,44,34,0.35,11,0,0
88,28,327,369,22,22,0.34,11,0,0
89,1,655,558,32,45,0.79,4,0,0
89,2,539,437,22,27,0.76,4,0,0
89,3,651,484,25,33,0.75,4,0,0
89,4,734,644,74,55,0.65,4,0,0
89,5,397,503,38,35,0.64,4,0,0
89,6,501,425,23,28,0.64,4,0,0
89,7,618,424,19,22,0.62,4,0,0
89,8,568,361,17,17,0.57,4,0,0
89,9,664,460,23,30,0.57,4,0,0
89,10,297,568,86,114,0.45,6,0,0
89,11,363,362,26,16,0.39,4,0,0
89,12,753,539,44,34,0.36,4,0,0
89,13,457,438,24,30,0.33,4,0,0
89,14,326,368,23,23,0.33,4,0,0
89,15,168,553,72,33,0.26,4,0,0
89,16,655,558,32,45,0.79,11,0,0
89,17,539,437,22,27,0.76,11,0,0
89,18,651,484,25,33,0.75,11,0,0
89,19,734,644,74,55,0.65,11,0,0
89,20,397,503,38,35,0.64,11,0,0
89,21,501,425,23,28,0.64,11,0,0
89,22,618,424,19,22,0.62,11,0,0
89,23,568,361,17,17,0.57,11,0,0
89,24,664,460,23,30,0.57,11,0,0
89,25,297,568,86,114,0.45,11,0,0
89,26,363,362,26,16,0.39,11,0,0
89,27,753,539,44,34,0.36,11,0,0
89,28,457,438,24,30,0.33,11,0,0
89,29,326,368,23,23,0.33,11,0,0
89,30,168,553,72,33,0.26,11,0,0
90,1,656,560,31,47,0.81,4,0,0
90,2,738,648,72,53,0.74,4,0,0
90,3,537,444,23,27,0.72,4,0,0
90,4,651,486,26,32,0.72,4,0,0
90,5,499,426,25,28,0.61,4,0,0
90,6,395,505,40,36,0.57,4,0,0
90,7,293,572,88,117,0.54,6,0,0
90,8,618,423,20,21,0.52,4,0,0
90,9,664,461,23,30,0.44,4,0,0
90,10,388,649,18,37,0.40,1,0,0
90,11,566,365,17,17,0.31,4,0,0
90,12,362,362,26,17,0.31,4,0,0
90,13,165,555,68,32,0.29,4,0,0
90,14,656,560,31,47,0.81,11,0,0
90,15,738,648,72,53,0.74,11,0,0
90,16,537,444,23,27,0.72,11,0,0
90,17,651,486,26,32,0.72,11,0,0
90,18,499,426,25,28,0.61,11,0,0
90,19,395,505,40,36,0.57,11,0,0
90,20,293,572,88,117,0.54,11,0,0
90,21,618,423,20,21,0.52,11,0,0
90,22,664,461,23,30,0.44,11,0,0
90,23,388,649,18,37,0.40,11,0,0
90,24,566,365,17,17,0.31,11,0,0
90,25,362,362,26,17,0.31,11,0,0
90,26,165,555,68,32,0.29,11,0,0
91,1,656,564,32,44,0.81,4,0,0
91,2,651,488,26,31,0.75,4,0,0
91,3,533,450,25,28,0.72,4,0,0
91,4,743,654,73,50,0.64,4,0,0
91,5,498,428,25,27,0.64,4,0,0
91,6,393,507,39,36,0.58,4,0,0
91,7,617,420,21,22,0.56,4,0,0
91,8,664,463,24,30,0.53,4,0,0
91,9,290,577,88,116,0.40,6,0,0
91,10,713,564,76,60,0.39,4,0,0
91,11,564,365,17,19,0.36,4,0,0
91,12,428,657,16,38,0.36,1,0,0
91,13,382,659,17,39,0.33,1,0,0
91,14,456,439,22,29,0.29,4,0,0
91,15,322,369,22,23,0.27,4,0,0
91,16,656,564,32,44,0.81,11,0,0
91,17,651,488,26,31,0.75,11,0,0
91,18,533,450,25,28,0.72,11,0,0
91,19,743,654,73,50,0.64,11,0,0
91,20,498,428,25,27,0.64,11,0,0
91,21,393,507,39,36,0.58,11,0,0
91,22,617,420,21,22,0.56,11,0,0
91,23,664,463,24,30,0.53,11,0,0
91,24,290,577,88,116,0.40,11,0,0
91,25,713,564,76,60,0.39,11,0,0
91,26,564,365,17,19,0.36,11,0,0
91,27,428,657,16,38,0.36,11,0,0
91,28,382,659,17,39,0.33,11,0,0
91,29,456,439,22,29,0.29,11,0,0
91,30,322,369,22,23,0.27,11,0,0
92,1,656,567,32,46,0.81,4,0,0
92,2,651,490,27,33,0.72,4,0,0
92,3,530,456,25,30,0.69,4,0,0
92,4,496,429,26,27,0.64,4,0,0
92,5,282,580,92,119,0.61,6,0,0
92,6,747,660,75,56,0.61,4,0,0
92,7,390,509,40,37,0.57,4,0,0
92,8,617,418,21,22,0.56,4,0,0
92,9,665,466,23,28,0.52,4,0,0
92,10,562,369,17,19,0.44,4,0,0
92,11,416,679,17,40,0.40,1,0,0
92,12,372,672,19,41,0.39,1,0,0
92,13,750,548,52,37,0.30,4,0,0
92,14,319,368,24,24,0.28,4,0,0
92,15,155,562,70,30,0.27,4,0,0
92,16,656,567,32,46,0.81,11,0,0
92,17,651,490,27,33,0.72,11,0,0
92,18,530,456,25,30,0.69,11,0,0
92,19,496,429,26,27,0.64,11,0,0
92,20,282,580,92,119,0.61,11,0,0
92,21,747,660,75,56,0.61,11,0,0
92,22,390,509,40,37,0.57,11,0,0
92,23,617,418,21,22,0.56,11,0,0
92,24,665,466,23,28,0.52,11,0,0
92,25,562,369,17,19,0.44,11,0,0
92,26,416,679,17,40,0.40,11,0,0
92,27,372,672,19,41,0.39,11,0,0
92,28,750,548,52,37,0.30,11,0,0
92,29,319,368,24,24,0.28,11,0,0
92,30,155,562,70,30,0.27,11,0,0
93,1,656,571,33,46,0.80,4,0,0
93,2,277,585,93,123,0.75,6,0,0
93,3,651,492,27,35,0.73,4,0,0
93,4,526,464,25,33,0.59,4,0,0
93,5,495,430,26,28,0.59,4,0,0
93,6,753,667,76,52,0.49,4,0,0
93,7,387,512,41,39,0.49,4,0,0
93,8,560,373,18,19,0.47,4,0,0
93,9,666,467,23,31,0.47,4,0,0
93,10,617,415,21,23,0.43,4,0,0
93,11,315,369,26,24,0.38,4,0,0
93,12,756,551,48,36,0.36,4,0,0
93,13,450,437,28,37,0.27,4,0,0
93,14,656,571,33,46,0.80,11,0,0
93,15,277,585,93,123,0.75,11,0,0
93,16,651,492,27,35,0.73,11,0,0
93,17,526,464,25,33,0.59,11,0,0
93,18,495,430,26,28,0.59,11,0,0
93,19,753,667,76,52,0.49,11,0,0
93,20,387,512,41,39,0.49,11,0,0
93,21,560,373,18,19,0.47,11,0,0
93,22,666,467,23,31,0.47,11,0,0
93,23,617,415,21,23,0.43,11,0,0
93,24,315,369,26,24,0.38,11,0,0
93,25,756,551,48,36,0.36,11,0,0
93,26,450,437,28,37,0.27,11,0,0
