1,1,0,93,75,48,0.80,4,0,0
1,2,714,327,48,81,0.77,4,0,0
1,3,1155,151,99,43,0.76,4,0,0
1,4,1194,46,85,36,0.68,4,0,0
1,5,1215,107,64,40,0.68,4,0,0
1,6,567,385,57,115,0.67,4,0,0
1,7,0,5,40,37,0.67,4,0,0
1,8,471,438,61,141,0.62,4,0,0
1,9,488,658,55,61,0.49,4,0,0
1,10,1160,211,61,44,0.37,4,0,0
1,11,49,506,76,85,0.29,4,0,0
1,12,786,0,82,28,0.28,4,0,0
1,13,0,93,75,48,0.80,11,0,0
1,14,714,327,48,81,0.77,11,0,0
1,15,1155,151,99,43,0.76,11,0,0
1,16,1194,46,85,36,0.68,11,0,0
1,17,1215,107,64,40,0.68,11,0,0
1,18,567,385,57,115,0.67,11,0,0
1,19,0,5,40,37,0.67,11,0,0
1,20,471,438,61,141,0.62,11,0,0
1,21,488,658,55,61,0.49,11,0,0
1,22,1160,211,61,44,0.37,11,0,0
1,23,49,506,76,85,0.29,11,0,0
1,24,786,0,82,28,0.28,11,0,0
2,1,0,94,74,47,0.78,4,0,0
2,2,1156,152,99,44,0.77,4,0,0
2,3,1186,47,90,35,0.75,4,0,0
2,4,715,329,47,81,0.71,4,0,0
2,5,0,5,40,38,0.67,4,0,0
2,6,568,384,56,113,0.67,4,0,0
2,7,1227,108,52,39,0.53,4,0,0
2,8,472,440,58,136,0.50,4,0,0
2,9,489,660,54,59,0.31,4,0,0
2,10,0,94,74,47,0.78,11,0,0
2,11,1156,152,99,44,0.77,11,0,0
2,12,1186,47,90,35,0.75,11,0,0
2,13,715,329,47,81,0.71,11,0,0
2,14,0,5,40,38,0.67,11,0,0
2,15,568,384,56,113,0.67,11,0,0
2,16,1227,108,52,39,0.53,11,0,0
2,17,472,440,58,136,0.50,11,0,0
2,18,489,660,54,59,0.31,11,0,0
3,1,0,95,75,48,0.79,4,0,0
3,2,1157,153,99,45,0.76,4,0,0
3,3,1178,46,92,36,0.74,4,0,0
3,4,716,330,48,83,0.73,4,0,0
3,5,473,457,57,117,0.71,4,0,0
3,6,568,383,56,113,0.70,4,0,0
3,7,0,6,40,38,0.64,4,0,0
3,8,1241,112,38,37,0.40,4,0,0
3,9,1162,213,63,47,0.36,4,0,0
3,10,490,663,54,56,0.29,4,0,0
3,11,0,95,75,48,0.79,11,0,0
3,12,1157,153,99,45,0.76,11,0,0
3,13,1178,46,92,36,0.74,11,0,0
3,14,716,330,48,83,0.73,11,0,0
3,15,473,457,57,117,0.71,11,0,0
3,16,568,383,56,113,0.70,11,0,0
3,17,0,6,40,38,0.64,11,0,0
3,18,1241,112,38,37,0.40,11,0,0
3,19,1162,213,63,47,0.36,11,0,0
3,20,490,663,54,56,0.29,11,0,0
4,1,0,96,74,48,0.78,4,0,0
4,2,717,333,48,83,0.78,4,0,0
4,3,1159,156,99,44,0.77,4,0,0
4,4,474,455,57,116,0.75,4,0,0
4,5,1171,45,91,38,0.75,4,0,0
4,6,569,383,54,111,0.71,4,0,0
4,7,0,7,39,38,0.70,4,0,0
4,8,490,666,54,53,0.32,4,0,0
4,9,1162,214,64,48,0.31,4,0,0
4,10,0,96,74,48,0.78,11,0,0
4,11,717,333,48,83,0.78,11,0,0
4,12,1159,156,99,44,0.77,11,0,0
4,13,474,455,57,116,0.75,11,0,0
4,14,1171,45,91,38,0.75,11,0,0
4,15,569,383,54,111,0.71,11,0,0
4,16,0,7,39,38,0.70,11,0,0
4,17,490,666,54,53,0.32,11,0,0
4,18,1162,214,64,48,0.31,11,0,0
5,1,0,98,72,49,0.82,4,0,0
5,2,1161,159,100,44,0.80,4,0,0
5,3,475,452,56,115,0.78,4,0,0
5,4,570,382,54,108,0.74,4,0,0
5,5,1159,47,92,38,0.70,4,0,0
5,6,718,337,50,83,0.65,4,0,0
5,7,0,10,38,38,0.62,4,0,0
5,8,1165,218,67,49,0.49,4,0,0
5,9,490,672,55,47,0.34,4,0,0
5,10,32,12,124,40,0.34,4,0,0
5,11,789,0,85,34,0.26,4,0,0
5,12,45,518,77,85,0.26,4,0,0
5,13,0,98,72,49,0.82,11,0,0
5,14,1161,159,100,44,0.80,11,0,0
5,15,475,452,56,115,0.78,11,0,0
5,16,570,382,54,108,0.74,11,0,0
5,17,1159,47,92,38,0.70,11,0,0
5,18,718,337,50,83,0.65,11,0,0
5,19,0,10,38,38,0.62,11,0,0
5,20,1165,218,67,49,0.49,11,0,0
5,21,490,672,55,47,0.34,11,0,0
5,22,32,12,124,40,0.34,11,0,0
5,23,789,0,85,34,0.26,11,0,0
5,24,45,518,77,85,0.26,11,0,0
6,1,476,451,56,112,0.81,4,0,0
6,2,1164,162,100,45,0.78,4,0,0
6,3,571,381,53,111,0.78,4,0,0
6,4,0,103,71,47,0.77,4,0,0
6,5,1146,49,90,40,0.67,4,0,0
6,6,0,14,36,37,0.62,4,0,0
6,7,500,261,51,85,0.52,4,0,0
6,8,719,343,69,84,0.47,4,0,0
6,9,1169,224,74,51,0.41,4,0,0
6,10,719,343,49,83,0.39,4,0,0
6,11,796,0,80,37,0.33,4,0,0
6,12,476,451,56,112,0.81,11,0,0
6,13,1164,162,100,45,0.78,11,0,0
6,14,571,381,53,111,0.78,11,0,0
6,15,0,103,71,47,0.77,11,0,0
6,16,1146,49,90,40,0.67,11,0,0
6,17,0,14,36,37,0.62,11,0,0
6,18,500,261,51,85,0.52,11,0,0
6,19,719,343,69,84,0.47,11,0,0
6,20,1169,224,74,51,0.41,11,0,0
6,21,719,343,49,83,0.39,11,0,0
6,22,796,0,80,37,0.33,11,0,0
7,1,1166,167,101,45,0.79,4,0,0
7,2,477,450,57,111,0.78,4,0,0
7,3,0,109,70,48,0.75,4,0,0
7,4,571,381,54,110,0.74,4,0,0
7,5,1135,52,90,39,0.70,4,0,0
7,6,720,350,49,84,0.67,4,0,0
7,7,1171,229,77,49,0.66,4,0,0
7,8,0,16,35,38,0.58,4,0,0
7,9,797,0,81,41,0.44,4,0,0
7,10,500,261,51,84,0.42,4,0,0
7,11,1166,167,101,45,0.79,11,0,0
7,12,477,450,57,111,0.78,11,0,0
7,13,0,109,70,48,0.75,11,0,0
7,14,571,381,54,110,0.74,11,0,0
7,15,1135,52,90,39,0.70,11,0,0
7,16,720,350,49,84,0.67,11,0,0
7,17,1171,229,77,49,0.66,11,0,0
7,18,0,16,35,38,0.58,11,0,0
7,19,797,0,81,41,0.44,11,0,0
7,20,500,261,51,84,0.42,11,0,0
8,1,478,449,56,110,0.86,4,0,0
8,2,1169,173,102,46,0.83,4,0,0
8,3,0,113,67,49,0.80,4,0,0
8,4,1121,56,91,39,0.76,4,0,0
8,5,720,358,50,85,0.74,4,0,0
8,6,570,380,56,110,0.73,4,0,0
8,7,1173,235,81,53,0.72,4,0,0
8,8,0,23,33,37,0.65,4,0,0
8,9,797,3,82,43,0.65,4,0,0
8,10,499,261,52,85,0.45,4,0,0
8,11,478,449,56,110,0.86,11,0,0
8,12,1169,173,102,46,0.83,11,0,0
8,13,0,113,67,49,0.80,11,0,0
8,14,1121,56,91,39,0.76,11,0,0
8,15,720,358,50,85,0.74,11,0,0
8,16,570,380,56,110,0.73,11,0,0
8,17,1173,235,81,53,0.72,11,0,0
8,18,0,23,33,37,0.65,11,0,0
8,19,797,3,82,43,0.65,11,0,0
8,20,499,261,52,85,0.45,11,0,0
9,1,478,448,56,110,0.87,4,0,0
9,2,1171,176,101,46,0.82,4,0,0
9,3,720,361,50,87,0.81,4,0,0
9,4,0,116,66,48,0.80,4,0,0
9,5,1115,59,89,38,0.75,4,0,0
9,6,570,380,56,111,0.72,4,0,0
9,7,1175,238,83,56,0.71,4,0,0
9,8,0,25,32,38,0.70,4,0,0
9,9,799,7,80,41,0.59,4,0,0
9,10,498,263,52,85,0.55,4,0,0
9,11,1014,226,51,46,0.26,4,0,0
9,12,478,448,56,110,0.87,11,0,0
9,13,1171,176,101,46,0.82,11,0,0
9,14,720,361,50,87,0.81,11,0,0
9,15,0,116,66,48,0.80,11,0,0
9,16,1115,59,89,38,0.75,11,0,0
9,17,570,380,56,111,0.72,11,0,0
9,18,1175,238,83,56,0.71,11,0,0
9,19,0,25,32,38,0.70,11,0,0
9,20,799,7,80,41,0.59,11,0,0
9,21,498,263,52,85,0.55,11,0,0
9,22,1014,226,51,46,0.26,11,0,0
10,1,1172,182,103,46,0.80,4,0,0
10,2,478,445,56,116,0.79,4,0,0
10,3,1103,64,90,40,0.77,4,0,0
10,4,1178,245,83,61,0.71,4,0,0
10,5,568,379,58,112,0.66,4,0,0
10,6,0,31,30,33,0.66,4,0,0
10,7,0,122,65,50,0.64,4,0,0
10,8,799,11,81,41,0.62,4,0,0
10,9,497,264,51,84,0.62,4,0,0
10,10,721,369,72,86,0.46,4,0,0
10,11,681,0,77,36,0.35,4,0,0
10,12,579,179,35,53,0.31,4,0,0
10,13,1016,232,51,46,0.30,4,0,0
10,14,722,369,50,85,0.27,4,0,0
10,15,1172,182,103,46,0.80,11,0,0
10,16,478,445,56,116,0.79,11,0,0
10,17,1103,64,90,40,0.77,11,0,0
10,18,1178,245,83,61,0.71,11,0,0
10,19,568,379,58,112,0.66,11,0,0
10,20,0,31,30,33,0.66,11,0,0
10,21,0,122,65,50,0.64,11,0,0
10,22,799,11,81,41,0.62,11,0,0
10,23,497,264,51,84,0.62,11,0,0
10,24,721,369,72,86,0.46,11,0,0
10,25,681,0,77,36,0.35,11,0,0
10,26,579,179,35,53,0.31,11,0,0
10,27,1016,232,51,46,0.30,11,0,0
10,28,722,369,50,85,0.27,11,0,0
11,1,1090,67,93,40,0.77,4,0,0
11,2,1175,189,103,46,0.77,4,0,0
11,3,478,443,58,137,0.76,4,0,0
11,4,0,128,64,49,0.69,4,0,0
11,5,1180,252,97,61,0.64,4,0,0
11,6,497,266,51,85,0.57,4,0,0
11,7,0,36,28,33,0.56,4,0,0
11,8,570,377,57,114,0.48,4,0,0
11,9,800,15,81,43,0.40,4,0,0
11,10,681,0,77,41,0.40,4,0,0
11,11,31,341,86,73,0.38,4,0,0
11,12,722,377,52,88,0.34,4,0,0
11,13,1090,67,93,40,0.77,11,0,0
11,14,1175,189,103,46,0.77,11,0,0
11,15,478,443,58,137,0.76,11,0,0
11,16,0,128,64,49,0.69,11,0,0
11,17,1180,252,97,61,0.64,11,0,0
11,18,497,266,51,85,0.57,11,0,0
11,19,0,36,28,33,0.56,11,0,0
11,20,570,377,57,114,0.48,11,0,0
11,21,800,15,81,43,0.40,11,0,0
11,22,681,0,77,41,0.40,11,0,0
11,23,31,341,86,73,0.38,11,0,0
11,24,722,377,52,88,0.34,11,0,0
12,1,1178,194,101,46,0.81,4,0,0
12,2,1183,258,95,66,0.78,4,0,0
12,3,1079,71,91,40,0.77,4,0,0
12,4,0,134,61,49,0.68,4,0,0
12,5,0,40,26,34,0.59,4,0,0
12,6,478,442,57,109,0.58,4,0,0
12,7,494,268,54,86,0.55,4,0,0
12,8,722,385,51,89,0.53,4,0,0
12,9,800,19,82,44,0.49,4,0,0
12,10,59,49,87,32,0.48,4,0,0
12,11,571,374,56,122,0.44,4,0,0
12,12,681,2,78,43,0.40,4,0,0
12,13,1178,194,101,46,0.81,11,0,0
12,14,1183,258,95,66,0.78,11,0,0
12,15,1079,71,91,40,0.77,11,0,0
12,16,0,134,61,49,0.68,11,0,0
12,17,0,40,26,34,0.59,11,0,0
12,18,478,442,57,109,0.58,11,0,0
12,19,494,268,54,86,0.55,11,0,0
12,20,722,385,51,89,0.53,11,0,0
12,21,800,19,82,44,0.49,11,0,0
12,22,59,49,87,32,0.48,11,0,0
12,23,571,374,56,122,0.44,11,0,0
12,24,681,2,78,43,0.40,11,0,0
13,1,1186,264,93,72,0.81,4,0,0
13,2,1180,199,99,47,0.78,4,0,0
13,3,1069,75,90,39,0.75,4,0,0
13,4,478,441,57,109,0.72,4,0,0
13,5,494,270,52,85,0.71,4,0,0
13,6,569,370,58,110,0.63,4,0,0
13,7,0,140,63,48,0.63,4,0,0
13,8,723,392,51,90,0.55,4,0,0
13,9,0,46,24,33,0.47,4,0,0
13,10,802,25,81,42,0.39,4,0,0
13,11,682,8,78,42,0.39,4,0,0
13,12,723,392,76,91,0.37,4,0,0
13,13,57,49,91,37,0.28,4,0,0
13,14,1186,264,93,72,0.81,11,0,0
13,15,1180,199,99,47,0.78,11,0,0
13,16,1069,75,90,39,0.75,11,0,0
13,17,478,441,57,109,0.72,11,0,0
13,18,494,270,52,85,0.71,11,0,0
13,19,569,370,58,110,0.63,11,0,0
13,20,0,140,63,48,0.63,11,0,0
13,21,723,392,51,90,0.55,11,0,0
13,22,0,46,24,33,0.47,11,0,0
13,23,802,25,81,42,0.39,11,0,0
13,24,682,8,78,42,0.39,11,0,0
13,25,723,392,76,91,0.37,11,0,0
13,26,57,49,91,37,0.28,11,0,0
14,1,479,439,56,109,0.83,4,0,0
14,2,1184,206,95,47,0.83,4,0,0
14,3,1190,272,88,67,0.80,4,0,0
14,4,1056,80,92,40,0.78,4,0,0
14,5,492,271,53,86,0.70,4,0,0
14,6,724,401,52,91,0.68,4,0,0
14,7,800,28,85,44,0.62,4,0,0
14,8,0,146,58,49,0.60,4,0,0
14,9,682,12,78,43,0.59,4,0,0
14,10,0,51,21,33,0.51,4,0,0
14,11,571,367,55,108,0.43,4,0,0
14,12,577,167,38,54,0.36,4,0,0
14,13,56,53,90,40,0.29,4,0,0
14,14,479,439,56,109,0.83,11,0,0
14,15,1184,206,95,47,0.83,11,0,0
14,16,1190,272,88,67,0.80,11,0,0
14,17,1056,80,92,40,0.78,11,0,0
14,18,492,271,53,86,0.70,11,0,0
14,19,724,401,52,91,0.68,11,0,0
14,20,800,28,85,44,0.62,11,0,0
14,21,0,146,58,49,0.60,11,0,0
14,22,682,12,78,43,0.59,11,0,0
14,23,0,51,21,33,0.51,11,0,0
14,24,571,367,55,108,0.43,11,0,0
14,25,577,167,38,54,0.36,11,0,0
14,26,56,53,90,40,0.29,11,0,0
15,1,479,438,56,110,0.83,4,0,0
15,2,1046,83,91,40,0.81,4,0,0
15,3,1185,211,94,47,0.80,4,0,0
15,4,1191,277,88,67,0.78,4,0,0
15,5,490,272,56,90,0.73,4,0,0
15,6,724,409,76,91,0.68,4,0,0
15,7,0,151,58,48,0.57,4,0,0
15,8,682,16,78,42,0.54,4,0,0
15,9,570,361,57,108,0.46,4,0,0
15,10,0,55,18,30,0.43,4,0,0
15,11,801,33,84,44,0.42,4,0,0
15,12,56,56,89,38,0.33,4,0,0
15,13,479,438,56,110,0.83,11,0,0
15,14,1046,83,91,40,0.81,11,0,0
15,15,1185,211,94,47,0.80,11,0,0
15,16,1191,277,88,67,0.78,11,0,0
15,17,490,272,56,90,0.73,11,0,0
15,18,724,409,76,91,0.68,11,0,0
15,19,0,151,58,48,0.57,11,0,0
15,20,682,16,78,42,0.54,11,0,0
15,21,570,361,57,108,0.46,11,0,0
15,22,0,55,18,30,0.43,11,0,0
15,23,801,33,84,44,0.42,11,0,0
15,24,56,56,89,38,0.33,11,0,0
16,1,1194,282,85,71,0.81,4,0,0
16,2,479,437,55,109,0.81,4,0,0
16,3,1186,216,92,48,0.79,4,0,0
16,4,1034,87,92,40,0.78,4,0,0
16,5,725,415,53,93,0.67,4,0,0
16,6,801,36,86,45,0.52,4,0,0
16,7,571,355,55,106,0.45,4,0,0
16,8,489,271,55,86,0.45,4,0,0
16,9,683,19,78,43,0.35,4,0,0
16,10,0,155,51,50,0.32,4,0,0
16,11,0,60,16,29,0.31,4,0,0
16,12,724,416,78,93,0.29,4,0,0
16,13,1194,282,85,71,0.81,11,0,0
16,14,479,437,55,109,0.81,11,0,0
16,15,1186,216,92,48,0.79,11,0,0
16,16,1034,87,92,40,0.78,11,0,0
16,17,725,415,53,93,0.67,11,0,0
16,18,801,36,86,45,0.52,11,0,0
16,19,571,355,55,106,0.45,11,0,0
16,20,489,271,55,86,0.45,11,0,0
16,21,683,19,78,43,0.35,11,0,0
16,22,0,155,51,50,0.32,11,0,0
16,23,0,60,16,29,0.31,11,0,0
16,24,724,416,78,93,0.29,11,0,0
17,1,479,433,54,110,0.81,4,0,0
17,2,1028,88,94,40,0.79,4,0,0
17,3,1189,217,90,48,0.77,4,0,0
17,4,1195,284,84,71,0.75,4,0,0
17,5,725,417,53,93,0.69,4,0,0
17,6,802,36,86,45,0.59,4,0,0
17,7,488,268,56,83,0.46,4,0,0
17,8,571,351,54,104,0.37,4,0,0
17,9,683,19,78,43,0.33,4,0,0
17,10,725,417,76,94,0.30,4,0,0
17,11,0,157,50,49,0.27,4,0,0
17,12,0,63,14,28,0.26,4,0,0
17,13,479,433,54,110,0.81,11,0,0
17,14,1028,88,94,40,0.79,11,0,0
17,15,1189,217,90,48,0.77,11,0,0
17,16,1195,284,84,71,0.75,11,0,0
17,17,725,417,53,93,0.69,11,0,0
17,18,802,36,86,45,0.59,11,0,0
17,19,488,268,56,83,0.46,11,0,0
17,20,571,351,54,104,0.37,11,0,0
17,21,683,19,78,43,0.33,11,0,0
17,22,725,417,76,94,0.30,11,0,0
17,23,0,157,50,49,0.27,11,0,0
17,24,0,63,14,28,0.26,11,0,0
18,1,482,415,51,104,0.79,4,0,0
18,2,1193,202,86,48,0.71,4,0,0
18,3,726,403,53,94,0.67,4,0,0
18,4,1018,69,96,45,0.52,4,0,0
18,5,1200,269,79,71,0.39,4,0,0
18,6,683,1,80,43,0.26,4,0,0
18,7,482,415,51,104,0.79,11,0,0
18,8,1193,202,86,48,0.71,11,0,0
18,9,726,403,53,94,0.67,11,0,0
18,10,1018,69,96,45,0.52,11,0,0
18,11,1200,269,79,71,0.39,11,0,0
18,12,683,1,80,43,0.26,11,0,0
19,1,481,412,52,105,0.81,4,0,0
19,2,1197,206,82,47,0.79,4,0,0
19,3,1202,274,77,69,0.79,4,0,0
19,4,726,409,52,93,0.66,4,0,0
19,5,1010,72,96,42,0.65,4,0,0
19,6,571,315,52,105,0.63,4,0,0
19,7,482,245,57,86,0.46,4,0,0
19,8,799,19,93,45,0.45,4,0,0
19,9,119,535,79,96,0.34,4,0,0
19,10,487,682,56,37,0.31,4,0,0
19,11,684,3,79,42,0.27,4,0,0
19,12,481,412,52,105,0.81,11,0,0
19,13,1197,206,82,47,0.79,11,0,0
19,14,1202,274,77,69,0.79,11,0,0
19,15,726,409,52,93,0.66,11,0,0
19,16,1010,72,96,42,0.65,11,0,0
19,17,571,315,52,105,0.63,11,0,0
19,18,482,245,57,86,0.46,11,0,0
19,19,799,19,93,45,0.45,11,0,0
19,20,119,535,79,96,0.34,11,0,0
19,21,487,682,56,37,0.31,11,0,0
19,22,684,3,79,42,0.27,11,0,0
20,1,481,410,53,105,0.84,4,0,0
20,2,1197,211,82,47,0.78,4,0,0
20,3,1204,280,75,70,0.73,4,0,0
20,4,570,305,53,101,0.72,4,0,0
20,5,1000,75,92,42,0.66,4,0,0
20,6,726,417,54,95,0.64,4,0,0
20,7,479,243,56,85,0.55,4,0,0
20,8,803,23,90,45,0.51,4,0,0
20,9,683,7,81,44,0.44,4,0,0
20,10,43,50,91,40,0.40,4,0,0
20,11,0,153,42,48,0.35,4,0,0
20,12,485,677,58,41,0.30,4,0,0
20,13,481,410,53,105,0.84,11,0,0
20,14,1197,211,82,47,0.78,11,0,0
20,15,1204,280,75,70,0.73,11,0,0
20,16,570,305,53,101,0.72,11,0,0
20,17,1000,75,92,42,0.66,11,0,0
20,18,726,417,54,95,0.64,11,0,0
20,19,479,243,56,85,0.55,11,0,0
20,20,803,23,90,45,0.51,11,0,0
20,21,683,7,81,44,0.44,11,0,0
20,22,43,50,91,40,0.40,11,0,0
20,23,0,153,42,48,0.35,11,0,0
20,24,485,677,58,41,0.30,11,0,0
21,1,1198,216,81,48,0.78,4,0,0
21,2,1206,286,73,70,0.70,4,0,0
21,3,988,79,95,42,0.68,4,0,0
21,4,562,293,56,99,0.63,4,0,0
21,5,481,409,52,104,0.62,4,0,0
21,6,683,10,83,45,0.61,4,0,0
21,7,802,27,92,45,0.55,4,0,0
21,8,727,422,53,97,0.55,4,0,0
21,9,42,54,90,39,0.40,4,0,0
21,10,477,241,58,85,0.38,4,0,0
21,11,489,670,54,48,0.35,4,0,0
21,12,727,424,77,97,0.32,4,0,0
21,13,1198,216,81,48,0.78,11,0,0
21,14,1206,286,73,70,0.70,11,0,0
21,15,988,79,95,42,0.68,11,0,0
21,16,562,293,56,99,0.63,11,0,0
21,17,481,409,52,104,0.62,11,0,0
21,18,683,10,83,45,0.61,11,0,0
21,19,802,27,92,45,0.55,11,0,0
21,20,727,422,53,97,0.55,11,0,0
21,21,42,54,90,39,0.40,11,0,0
21,22,477,241,58,85,0.38,11,0,0
21,23,489,670,54,48,0.35,11,0,0
21,24,727,424,77,97,0.32,11,0,0
22,1,1193,222,86,47,0.74,4,0,0
22,2,1208,293,71,66,0.73,4,0,0
22,3,474,240,55,83,0.55,4,0,0
22,4,561,286,56,97,0.47,4,0,0
22,5,975,85,99,42,0.47,4,0,0
22,6,727,431,54,97,0.45,4,0,0
22,7,727,431,77,97,0.34,4,0,0
22,8,684,14,81,45,0.32,4,0,0
22,9,481,410,51,102,0.31,4,0,0
22,10,1193,222,86,47,0.74,11,0,0
22,11,1208,293,71,66,0.73,11,0,0
22,12,474,240,55,83,0.55,11,0,0
22,13,561,286,56,97,0.47,11,0,0
22,14,975,85,99,42,0.47,11,0,0
22,15,727,431,54,97,0.45,11,0,0
22,16,727,431,77,97,0.34,11,0,0
22,17,684,14,81,45,0.32,11,0,0
22,18,481,410,51,102,0.31,11,0,0
23,1,1197,229,82,49,0.71,4,0,0
23,2,1211,301,68,63,0.62,4,0,0
23,3,558,279,57,114,0.52,4,0,0
23,4,1016,408,263,309,0.26,6,0,0
23,5,1197,229,82,49,0.71,11,0,0
23,6,1211,301,68,63,0.62,11,0,0
23,7,558,279,57,114,0.52,11,0,0
23,8,483,411,49,98,0.33,11,0,0
23,9,1016,408,263,309,0.26,11,0,0
24,1,1201,299,78,50,0.81,4,0,0
24,2,958,162,95,40,0.73,4,0,0
24,3,556,330,55,94,0.72,4,0,0
24,4,1212,370,67,67,0.72,4,0,0
24,5,478,475,51,109,0.67,4,0,0
24,6,231,48,58,48,0.56,4,0,0
24,7,730,515,54,102,0.55,4,0,0
24,8,180,71,53,51,0.47,4,0,0
24,9,465,305,62,88,0.44,4,0,0
24,10,805,104,91,48,0.36,4,0,0
24,11,840,478,41,37,0.33,4,0,0
24,12,805,105,90,47,0.30,6,0,0
24,13,0,239,58,61,0.30,4,0,0
24,14,684,89,80,44,0.29,4,0,0
24,15,451,53,44,57,0.27,4,0,0
24,16,1201,299,78,50,0.81,11,0,0
24,17,958,162,95,40,0.73,11,0,0
24,18,556,330,55,94,0.72,11,0,0
24,19,1212,370,67,67,0.72,11,0,0
24,20,478,475,51,109,0.67,11,0,0
24,21,231,48,58,48,0.56,11,0,0
24,22,730,515,54,102,0.55,11,0,0
24,23,180,71,53,51,0.47,11,0,0
24,24,465,305,62,88,0.44,11,0,0
24,25,805,104,91,48,0.36,11,0,0
24,26,840,478,41,37,0.33,11,0,0
24,27,805,105,90,47,0.30,11,0,0
24,28,0,239,58,61,0.30,11,0,0
24,29,684,89,80,44,0.29,11,0,0
24,30,451,53,44,57,0.27,11,0,0
25,1,948,187,92,41,0.75,4,0,0
25,2,475,492,51,105,0.70,4,0,0
25,3,1203,323,76,46,0.68,4,0,0
25,4,728,537,58,102,0.66,4,0,0
25,5,554,344,54,86,0.60,4,0,0
25,6,460,320,65,90,0.54,4,0,0
25,7,802,133,90,45,0.54,4,0,0
25,8,1216,395,63,64,0.47,4,0,0
25,9,189,75,100,49,0.43,4,0,0
25,10,131,107,101,45,0.28,4,0,0
25,11,165,111,68,40,0.26,4,0,0
25,12,948,187,92,41,0.75,11,0,0
25,13,475,492,51,105,0.70,11,0,0
25,14,1203,323,76,46,0.68,11,0,0
25,15,728,537,58,102,0.66,11,0,0
25,16,554,344,54,86,0.60,11,0,0
25,17,460,320,65,90,0.54,11,0,0
25,18,802,133,90,45,0.54,11,0,0
25,19,1216,395,63,64,0.47,11,0,0
25,20,189,75,100,49,0.43,11,0,0
25,21,131,107,101,45,0.28,11,0,0
25,22,165,111,68,40,0.26,11,0,0
26,1,549,332,56,90,0.82,4,0,0
26,2,1205,328,74,45,0.81,4,0,0
26,3,939,193,93,40,0.81,4,0,0
26,4,456,322,67,84,0.79,4,0,0
26,5,1217,399,62,64,0.74,4,0,0
26,6,474,487,52,108,0.74,4,0,0
26,7,237,83,53,46,0.70,4,0,0
26,8,728,544,58,101,0.57,4,0,0
26,9,806,139,85,44,0.57,4,0,0
26,10,177,107,56,48,0.49,4,0,0
26,11,579,199,35,47,0.34,4,0,0
26,12,3,166,132,40,0.34,4,0,0
26,13,44,166,92,41,0.33,4,0,0
26,14,552,130,49,32,0.31,4,0,0
26,15,729,545,82,101,0.30,4,0,0
26,16,0,148,135,57,0.26,4,0,0
26,17,154,106,78,48,0.26,4,0,0
26,18,549,332,56,90,0.82,11,0,0
26,19,1205,328,74,45,0.81,11,0,0
26,20,939,193,93,40,0.81,11,0,0
26,21,456,322,67,84,0.79,11,0,0
26,22,1217,399,62,64,0.74,11,0,0
26,23,474,487,52,108,0.74,11,0,0
26,24,237,83,53,46,0.70,11,0,0
26,25,564,7,13,25,0.64,11,0,0
26,26,728,544,58,101,0.57,11,0,0
26,27,806,139,85,44,0.57,11,0,0
26,28,591,7,12,25,0.54,11,0,0
26,29,177,107,56,48,0.49,11,0,0
26,30,579,199,35,47,0.34,11,0,0
26,31,3,166,132,40,0.34,11,0,0
26,32,44,166,92,41,0.33,11,0,0
26,33,552,130,49,32,0.31,11,0,0
26,34,729,545,82,101,0.30,11,0,0
26,35,0,148,135,57,0.26,11,0,0
26,36,154,106,78,48,0.26,11,0,0
26,37,652,10,11,25,0.26,11,0,0
27,1,451,322,67,83,0.83,4,0,0
27,2,1207,333,72,45,0.81,4,0,0
27,3,932,194,92,41,0.77,4,0,0
27,4,546,324,56,92,0.75,4,0,0
27,5,1218,405,61,62,0.74,4,0,0
27,6,473,484,52,109,0.69,4,0,0
27,7,729,549,81,104,0.69,4,0,0
27,8,804,142,89,44,0.64,4,0,0
27,9,237,84,52,48,0.52,4,0,0
27,10,177,109,54,50,0.46,4,0,0
27,11,968,174,14,25,0.35,1,0,0
27,12,0,145,135,66,0.31,4,0,0
27,13,930,478,27,37,0.26,1,0,0
27,14,451,322,67,83,0.83,11,0,0
27,15,1207,333,72,45,0.81,11,0,0
27,16,932,194,92,41,0.77,11,0,0
27,17,546,324,56,92,0.75,11,0,0
27,18,1218,405,61,62,0.74,11,0,0
27,19,473,484,52,109,0.69,11,0,0
27,20,729,549,81,104,0.69,11,0,0
27,21,804,142,89,44,0.64,11,0,0
27,22,237,84,52,48,0.52,11,0,0
27,23,177,109,54,50,0.46,11,0,0
27,24,563,10,14,26,0.39,11,0,0
27,25,590,10,13,25,0.35,11,0,0
27,26,968,174,14,25,0.35,11,0,0
27,27,0,145,135,66,0.31,11,0,0
27,28,930,478,27,37,0.26,11,0,0
28,1,445,319,70,83,0.85,4,0,0
28,2,1209,336,70,47,0.78,4,0,0
28,3,922,197,94,42,0.76,4,0,0
28,4,542,312,57,93,0.75,4,0,0
28,5,472,481,52,109,0.74,4,0,0
28,6,803,145,90,45,0.73,4,0,0
28,7,729,556,82,105,0.73,4,0,0
28,8,1220,409,59,61,0.71,4,0,0
28,9,38,176,96,39,0.51,4,0,0
28,10,195,87,94,49,0.47,4,0,0
28,11,126,111,103,54,0.43,4,0,0
28,12,233,87,56,49,0.36,4,0,0
28,13,685,129,78,43,0.35,4,0,0
28,14,960,434,21,45,0.30,1,0,0
28,15,972,179,13,19,0.29,1,0,0
28,16,756,303,13,26,0.27,1,0,0
28,17,445,319,70,83,0.85,11,0,0
28,18,1209,336,70,47,0.78,11,0,0
28,19,922,197,94,42,0.76,11,0,0
28,20,542,312,57,93,0.75,11,0,0
28,21,472,481,52,109,0.74,11,0,0
28,22,803,145,90,45,0.73,11,0,0
28,23,729,556,82,105,0.73,11,0,0
28,24,1220,409,59,61,0.71,11,0,0
28,25,38,176,96,39,0.51,11,0,0
28,26,195,87,94,49,0.47,11,0,0
28,27,126,111,103,54,0.43,11,0,0
28,28,233,87,56,49,0.36,11,0,0
28,29,685,129,78,43,0.35,11,0,0
28,30,960,434,21,45,0.30,11,0,0
28,31,972,179,13,19,0.29,11,0,0
28,32,590,13,13,25,0.28,11,0,0
28,33,563,14,13,25,0.28,11,0,0
28,34,756,303,13,26,0.27,11,0,0
29,1,437,319,73,81,0.84,4,0,0
29,2,1211,342,68,46,0.78,4,0,0
29,3,1222,413,57,63,0.76,4,0,0
29,4,728,562,84,107,0.75,4,0,0
29,5,805,148,88,45,0.75,4,0,0
29,6,469,478,54,107,0.72,4,0,0
29,7,537,303,57,92,0.72,4,0,0
29,8,35,177,96,42,0.64,4,0,0
29,9,125,116,103,52,0.62,4,0,0
29,10,233,90,55,48,0.59,4,0,0
29,11,680,132,83,43,0.56,4,0,0
29,12,911,200,95,40,0.55,4,0,0
29,13,437,319,73,81,0.84,11,0,0
29,14,1211,342,68,46,0.78,11,0,0
29,15,1222,413,57,63,0.76,11,0,0
29,16,728,562,84,107,0.75,11,0,0
29,17,805,148,88,45,0.75,11,0,0
29,18,469,478,54,107,0.72,11,0,0
29,19,537,303,57,92,0.72,11,0,0
29,20,35,177,96,42,0.64,11,0,0
29,21,125,116,103,52,0.62,11,0,0
29,22,233,90,55,48,0.59,11,0,0
29,23,680,132,83,43,0.56,11,0,0
29,24,911,200,95,40,0.55,11,0,0
29,25,0,366,39,70,0.37,11,0,0
29,26,590,16,13,26,0.36,11,0,0
29,27,563,17,14,25,0.34,11,0,0
30,1,428,315,77,81,0.80,4,0,0
30,2,1214,346,65,47,0.77,4,0,0
30,3,807,152,88,43,0.76,4,0,0
30,4,730,568,82,106,0.74,4,0,0
30,5,468,473,55,107,0.72,4,0,0
30,6,231,93,55,48,0.65,4,0,0
30,7,899,203,97,40,0.64,4,0,0
30,8,122,117,106,53,0.58,4,0,0
30,9,685,134,79,44,0.53,4,0,0
30,10,1225,403,54,76,0.51,4,0,0
30,11,328,305,44,56,0.50,4,0,0
30,12,532,295,59,88,0.45,4,0,0
30,13,32,181,98,40,0.42,4,0,0
30,14,977,189,15,35,0.35,1,0,0
30,15,803,263,13,32,0.30,1,0,0
30,16,1047,409,62,46,0.28,4,0,0
30,17,428,315,77,81,0.80,11,0,0
30,18,1214,346,65,47,0.77,11,0,0
30,19,807,152,88,43,0.76,11,0,0
30,20,730,568,82,106,0.74,11,0,0
30,21,468,473,55,107,0.72,11,0,0
30,22,231,93,55,48,0.65,11,0,0
30,23,899,203,97,40,0.64,11,0,0
30,24,122,117,106,53,0.58,11,0,0
30,25,685,134,79,44,0.53,11,0,0
30,26,1225,403,54,76,0.51,11,0,0
30,27,328,305,44,56,0.50,11,0,0
30,28,532,295,59,88,0.45,11,0,0
30,29,32,181,98,40,0.42,11,0,0
30,30,977,189,15,35,0.35,11,0,0
30,31,0,372,37,66,0.34,11,0,0
30,32,590,18,13,26,0.33,11,0,0
30,33,562,19,14,26,0.32,11,0,0
30,34,803,263,13,32,0.30,11,0,0
30,35,1047,409,62,46,0.28,11,0,0
31,1,420,312,80,80,0.82,4,0,0
31,2,1215,349,64,48,0.81,4,0,0
31,3,466,470,56,105,0.75,4,0,0
31,4,730,574,83,107,0.74,4,0,0
31,5,808,154,88,44,0.71,4,0,0
31,6,231,96,53,48,0.70,4,0,0
31,7,890,206,98,40,0.68,4,0,0
31,8,32,183,96,42,0.67,4,0,0
31,9,1227,397,52,85,0.65,4,0,0
31,10,530,286,57,88,0.57,4,0,0
31,11,120,119,107,54,0.47,4,0,0
31,12,323,315,44,57,0.40,4,0,0
31,13,689,137,76,44,0.35,4,0,0
31,14,578,185,36,38,0.26,4,0,0
31,15,420,312,80,80,0.82,11,0,0
31,16,1215,349,64,48,0.81,11,0,0
31,17,466,470,56,105,0.75,11,0,0
31,18,730,574,83,107,0.74,11,0,0
31,19,808,154,88,44,0.71,11,0,0
31,20,231,96,53,48,0.70,11,0,0
31,21,890,206,98,40,0.68,11,0,0
31,22,32,183,96,42,0.67,11,0,0
31,23,1227,397,52,85,0.65,11,0,0
31,24,530,286,57,88,0.57,11,0,0
31,25,120,119,107,54,0.47,11,0,0
31,26,323,315,44,57,0.40,11,0,0
31,27,689,137,76,44,0.35,11,0,0
31,28,562,22,14,25,0.27,11,0,0
31,29,578,185,36,38,0.26,11,0,0
32,1,410,310,84,80,0.86,4,0,0
32,2,1217,353,62,48,0.82,4,0,0
32,3,524,278,60,84,0.81,4,0,0
32,4,463,465,57,103,0.77,4,0,0
32,5,882,209,93,41,0.76,4,0,0
32,6,730,578,84,109,0.75,4,0,0
32,7,228,97,56,49,0.72,4,0,0
32,8,808,157,88,44,0.71,4,0,0
32,9,1229,416,50,70,0.67,4,0,0
32,10,320,325,44,56,0.49,4,0,0
32,11,29,185,98,42,0.38,4,0,0
32,12,685,139,80,45,0.32,4,0,0
32,13,805,275,12,32,0.31,1,0,0
32,14,388,402,24,39,0.29,1,0,0
32,15,771,291,13,28,0.28,1,0,0
32,16,119,123,105,53,0.27,4,0,0
32,17,170,123,54,50,0.26,4,0,0
32,18,578,176,36,43,0.25,4,0,0
32,19,410,310,84,80,0.86,11,0,0
32,20,1217,353,62,48,0.82,11,0,0
32,21,524,278,60,84,0.81,11,0,0
32,22,463,465,57,103,0.77,11,0,0
32,23,882,209,93,41,0.76,11,0,0
32,24,730,578,84,109,0.75,11,0,0
32,25,228,97,56,49,0.72,11,0,0
32,26,808,157,88,44,0.71,11,0,0
32,27,1229,416,50,70,0.67,11,0,0
32,28,562,25,13,26,0.52,11,0,0
32,29,320,325,44,56,0.49,11,0,0
32,30,590,24,12,24,0.44,11,0,0
32,31,29,185,98,42,0.38,11,0,0
32,32,685,139,80,45,0.32,11,0,0
32,33,805,275,12,32,0.31,11,0,0
32,34,388,402,24,39,0.29,11,0,0
32,35,771,291,13,28,0.28,11,0,0
32,36,119,123,105,53,0.27,11,0,0
32,37,170,123,54,50,0.26,11,0,0
32,38,578,176,36,43,0.25,11,0,0
33,1,406,308,85,79,0.87,4,0,0
33,2,1218,354,61,48,0.81,4,0,0
33,3,878,210,98,41,0.79,4,0,0
33,4,523,275,59,82,0.79,4,0,0
33,5,1229,421,50,68,0.77,4,0,0
33,6,730,582,85,108,0.75,4,0,0
33,7,227,98,57,51,0.74,4,0,0
33,8,461,463,58,100,0.73,4,0,0
33,9,808,158,88,45,0.71,4,0,0
33,10,28,187,98,43,0.58,4,0,0
33,11,320,329,41,61,0.58,4,0,0
33,12,684,141,82,44,0.43,4,0,0
33,13,805,276,13,33,0.34,1,0,0
33,14,386,406,25,40,0.33,1,0,0
33,15,771,292,13,28,0.28,1,0,0
33,16,834,283,10,24,0.25,1,0,0
33,17,406,308,85,79,0.87,11,0,0
33,18,1218,354,61,48,0.81,11,0,0
33,19,878,210,98,41,0.79,11,0,0
33,20,523,275,59,82,0.79,11,0,0
33,21,1229,421,50,68,0.77,11,0,0
33,22,730,582,85,108,0.75,11,0,0
33,23,227,98,57,51,0.74,11,0,0
33,24,461,463,58,100,0.73,11,0,0
33,25,808,158,88,45,0.71,11,0,0
33,26,28,187,98,43,0.58,11,0,0
33,27,320,329,41,61,0.58,11,0,0
33,28,562,26,13,26,0.55,11,0,0
33,29,684,141,82,44,0.43,11,0,0
33,30,589,25,13,26,0.39,11,0,0
33,31,805,276,13,33,0.34,11,0,0
33,32,386,406,25,40,0.33,11,0,0
33,33,771,292,13,28,0.28,11,0,0
33,34,834,283,10,24,0.25,11,0,0
34,1,1219,359,60,47,0.81,4,0,0
34,2,396,307,88,76,0.80,4,0,0
34,3,1231,433,48,58,0.79,4,0,0
34,4,225,100,58,51,0.73,4,0,0
34,5,807,161,90,44,0.71,4,0,0
34,6,871,212,97,43,0.69,4,0,0
34,7,458,453,58,103,0.62,4,0,0
34,8,684,143,82,44,0.50,4,0,0
34,9,731,587,83,109,0.49,4,0,0
34,10,28,191,95,42,0.38,4,0,0
34,11,520,266,57,81,0.37,4,0,0
34,12,731,586,58,109,0.33,4,0,0
34,13,106,127,116,54,0.29,4,0,0
34,14,1219,359,60,47,0.81,11,0,0
34,15,396,307,88,76,0.80,11,0,0
34,16,1231,433,48,58,0.79,11,0,0
34,17,225,100,58,51,0.73,11,0,0
34,18,807,161,90,44,0.71,11,0,0
34,19,871,212,97,43,0.69,11,0,0
34,20,458,453,58,103,0.62,11,0,0
34,21,684,143,82,44,0.50,11,0,0
34,22,731,587,83,109,0.49,11,0,0
34,23,28,191,95,42,0.38,11,0,0
34,24,561,29,14,24,0.37,11,0,0
34,25,520,266,57,81,0.37,11,0,0
34,26,731,586,58,109,0.33,11,0,0
34,27,106,127,116,54,0.29,11,0,0
35,1,1221,362,58,49,0.82,4,0,0
35,2,385,306,91,74,0.80,4,0,0
35,3,731,593,84,109,0.80,4,0,0
35,4,450,450,62,98,0.78,4,0,0
35,5,1233,437,46,58,0.78,4,0,0
35,6,860,216,98,42,0.75,4,0,0
35,7,809,164,88,44,0.74,4,0,0
35,8,225,102,57,51,0.72,4,0,0
35,9,27,192,96,44,0.70,4,0,0
35,10,684,146,82,44,0.63,4,0,0
35,11,107,129,115,54,0.49,4,0,0
35,12,770,293,12,31,0.39,1,0,0
35,13,516,257,57,79,0.39,4,0,0
35,14,0,178,53,51,0.38,4,0,0
35,15,291,213,13,30,0.36,1,0,0
35,16,808,291,12,31,0.29,1,0,0
35,17,1221,362,58,49,0.82,11,0,0
35,18,385,306,91,74,0.80,11,0,0
35,19,731,593,84,109,0.80,11,0,0
35,20,450,450,62,98,0.78,11,0,0
35,21,1233,437,46,58,0.78,11,0,0
35,22,860,216,98,42,0.75,11,0,0
35,23,809,164,88,44,0.74,11,0,0
35,24,225,102,57,51,0.72,11,0,0
35,25,27,192,96,44,0.70,11,0,0
35,26,684,146,82,44,0.63,11,0,0
35,27,561,30,13,25,0.57,11,0,0
35,28,107,129,115,54,0.49,11,0,0
35,29,770,293,12,31,0.39,11,0,0
35,30,516,257,57,79,0.39,11,0,0
35,31,0,178,53,51,0.38,11,0,0
35,32,291,213,13,30,0.36,11,0,0
35,33,589,31,12,24,0.33,11,0,0
35,34,808,291,12,31,0.29,11,0,0
36,1,373,304,93,73,0.86,4,0,0
36,2,1222,366,57,48,0.81,4,0,0
36,3,446,446,64,102,0.78,4,0,0
36,4,811,167,86,44,0.73,4,0,0
36,5,224,105,58,51,0.72,4,0,0
36,6,731,598,84,110,0.72,4,0,0
36,7,1234,440,45,59,0.69,4,0,0
36,8,851,218,97,43,0.67,4,0,0
36,9,25,194,99,44,0.63,4,0,0
36,10,684,148,83,46,0.56,4,0,0
36,11,512,250,56,78,0.55,4,0,0
36,12,115,133,105,53,0.48,4,0,0
36,13,996,218,13,30,0.48,1,0,0
36,14,290,219,13,29,0.41,1,0,0
36,15,770,295,11,31,0.38,1,0,0
36,16,975,218,14,27,0.33,1,0,0
36,17,808,295,13,32,0.30,1,0,0
36,18,706,270,17,32,0.28,1,0,0
36,19,166,134,55,49,0.26,4,0,0
36,20,373,304,93,73,0.86,11,0,0
36,21,1222,366,57,48,0.81,11,0,0
36,22,446,446,64,102,0.78,11,0,0
36,23,811,167,86,44,0.73,11,0,0
36,24,224,105,58,51,0.72,11,0,0
36,25,731,598,84,110,0.72,11,0,0
36,26,1234,440,45,59,0.69,11,0,0
36,27,851,218,97,43,0.67,11,0,0
36,28,25,194,99,44,0.63,11,0,0
36,29,561,32,14,26,0.62,11,0,0
36,30,684,148,83,46,0.56,11,0,0
36,31,512,250,56,78,0.55,11,0,0
36,32,589,33,12,24,0.52,11,0,0
36,33,115,133,105,53,0.48,11,0,0
36,34,996,218,13,30,0.48,11,0,0
36,35,290,219,13,29,0.41,11,0,0
36,36,770,295,11,31,0.38,11,0,0
36,37,651,34,11,25,0.36,11,0,0
36,38,975,218,14,27,0.33,11,0,0
36,39,808,295,13,32,0.30,11,0,0
36,40,706,270,17,32,0.28,11,0,0
36,41,166,134,55,49,0.26,11,0,0
37,1,360,304,97,75,0.87,4,0,0
37,2,1224,370,55,47,0.80,4,0,0
37,3,442,439,66,102,0.76,4,0,0
37,4,812,169,85,44,0.74,4,0,0
37,5,24,198,98,43,0.69,4,0,0
37,6,1237,445,42,58,0.69,4,0,0
37,7,223,107,59,51,0.67,4,0,0
37,8,731,602,84,112,0.66,4,0,0
37,9,684,151,83,45,0.56,4,0,0
37,10,113,135,106,53,0.49,4,0,0
37,11,846,222,95,42,0.49,4,0,0
37,12,979,222,13,27,0.41,1,0,0
37,13,999,223,13,30,0.36,1,0,0
37,14,304,376,42,59,0.27,4,0,0
37,15,808,302,13,31,0.26,1,0,0
37,16,360,304,97,75,0.87,11,0,0
37,17,1224,370,55,47,0.80,11,0,0
37,18,442,439,66,102,0.76,11,0,0
37,19,812,169,85,44,0.74,11,0,0
37,20,24,198,98,43,0.69,11,0,0
37,21,1237,445,42,58,0.69,11,0,0
37,22,223,107,59,51,0.67,11,0,0
37,23,731,602,84,112,0.66,11,0,0
37,24,684,151,83,45,0.56,11,0,0
37,25,561,35,14,25,0.53,11,0,0
37,26,113,135,106,53,0.49,11,0,0
37,27,846,222,95,42,0.49,11,0,0
37,28,979,222,13,27,0.41,11,0,0
37,29,999,223,13,30,0.36,11,0,0
37,30,589,35,12,24,0.36,11,0,0
37,31,304,376,42,59,0.27,11,0,0
37,32,808,302,13,31,0.26,11,0,0
38,1,348,303,98,72,0.85,4,0,0
38,2,436,434,68,95,0.84,4,0,0
38,3,1226,374,53,47,0.82,4,0,0
38,4,21,200,98,44,0.71,4,0,0
38,5,1238,449,41,58,0.70,4,0,0
38,6,732,608,83,110,0.69,4,0,0
38,7,684,153,83,45,0.66,4,0,0
38,8,811,172,87,43,0.64,4,0,0
38,9,837,226,97,41,0.60,4,0,0
38,10,224,109,57,52,0.60,4,0,0
38,11,111,136,108,54,0.51,4,0,0
38,12,1002,229,14,27,0.49,1,0,0
38,13,426,185,50,72,0.43,4,0,0
38,14,505,235,55,78,0.43,4,0,0
38,15,286,231,13,30,0.34,1,0,0
38,16,300,387,42,77,0.34,4,0,0
38,17,982,227,13,28,0.26,1,0,0
38,18,348,303,98,72,0.85,11,0,0
38,19,436,434,68,95,0.84,11,0,0
38,20,1226,374,53,47,0.82,11,0,0
38,21,21,200,98,44,0.71,11,0,0
38,22,1238,449,41,58,0.70,11,0,0
38,23,732,608,83,110,0.69,11,0,0
38,24,684,153,83,45,0.66,11,0,0
38,25,811,172,87,43,0.64,11,0,0
38,26,837,226,97,41,0.60,11,0,0
38,27,224,109,57,52,0.60,11,0,0
38,28,561,37,13,26,0.51,11,0,0
38,29,111,136,108,54,0.51,11,0,0
38,30,1002,229,14,27,0.49,11,0,0
38,31,426,185,50,72,0.43,11,0,0
38,32,505,235,55,78,0.43,11,0,0
38,33,286,231,13,30,0.34,11,0,0
38,34,300,387,42,77,0.34,11,0,0
38,35,589,37,12,24,0.32,11,0,0
38,36,982,227,13,28,0.26,11,0,0
39,1,335,302,100,67,0.85,4,0,0
39,2,431,428,69,93,0.83,4,0,0
39,3,1227,377,52,47,0.80,4,0,0
39,4,831,229,94,41,0.77,4,0,0
39,5,809,173,91,44,0.75,4,0,0
39,6,1240,452,39,56,0.73,4,0,0
39,7,684,154,83,47,0.69,4,0,0
39,8,732,613,83,107,0.65,4,0,0
39,9,18,202,100,44,0.64,4,0,0
39,10,223,112,56,50,0.61,4,0,0
39,11,424,191,51,74,0.57,4,0,0
39,12,294,400,45,69,0.51,4,0,0
39,13,111,140,107,53,0.49,4,0,0
39,14,285,234,14,31,0.40,1,0,0
39,15,1005,232,14,31,0.40,1,0,0
39,16,172,111,107,53,0.33,4,0,0
39,17,502,229,55,74,0.32,4,0,0
39,18,483,675,55,44,0.28,4,0,0
39,19,335,302,100,67,0.85,11,0,0
39,20,431,428,69,93,0.83,11,0,0
39,21,1227,377,52,47,0.80,11,0,0
39,22,831,229,94,41,0.77,11,0,0
39,23,809,173,91,44,0.75,11,0,0
39,24,1240,452,39,56,0.73,11,0,0
39,25,684,154,83,47,0.69,11,0,0
39,26,561,38,13,26,0.66,11,0,0
39,27,732,613,83,107,0.65,11,0,0
39,28,18,202,100,44,0.64,11,0,0
39,29,223,112,56,50,0.61,11,0,0
39,30,424,191,51,74,0.57,11,0,0
39,31,294,400,45,69,0.51,11,0,0
39,32,589,38,12,25,0.49,11,0,0
39,33,111,140,107,53,0.49,11,0,0
39,34,651,40,12,25,0.41,11,0,0
39,35,285,234,14,31,0.40,11,0,0
39,36,1005,232,14,31,0.40,11,0,0
39,37,172,111,107,53,0.33,11,0,0
39,38,502,229,55,74,0.32,11,0,0
39,39,483,675,55,44,0.28,11,0,0
40,1,321,301,101,65,0.86,4,0,0
40,2,1229,380,50,47,0.77,4,0,0
40,3,425,423,70,94,0.77,4,0,0
40,4,19,205,98,44,0.75,4,0,0
40,5,684,157,83,45,0.72,4,0,0
40,6,809,174,91,46,0.71,4,0,0
40,7,1242,455,37,55,0.65,4,0,0
40,8,822,231,94,42,0.61,4,0,0
40,9,423,198,51,75,0.59,4,0,0
40,10,223,113,56,51,0.52,4,0,0
40,11,110,141,107,54,0.48,4,0,0
40,12,733,617,82,102,0.48,4,0,0
40,13,500,223,53,72,0.46,4,0,0
40,14,171,112,108,53,0.46,4,0,0
40,15,1011,238,11,30,0.38,1,0,0
40,16,988,234,14,31,0.28,1,0,0
40,17,768,296,12,32,0.26,1,0,0
40,18,321,301,101,65,0.86,11,0,0
40,19,1229,380,50,47,0.77,11,0,0
40,20,425,423,70,94,0.77,11,0,0
40,21,19,205,98,44,0.75,11,0,0
40,22,684,157,83,45,0.72,11,0,0
40,23,809,174,91,46,0.71,11,0,0
40,24,1242,455,37,55,0.65,11,0,0
40,25,822,231,94,42,0.61,11,0,0
40,26,423,198,51,75,0.59,11,0,0
40,27,561,41,13,26,0.54,11,0,0
40,28,223,113,56,51,0.52,11,0,0
40,29,110,141,107,54,0.48,11,0,0
40,30,733,617,82,102,0.48,11,0,0
40,31,500,223,53,72,0.46,11,0,0
40,32,171,112,108,53,0.46,11,0,0
40,33,651,42,12,26,0.46,11,0,0
40,34,589,40,12,24,0.44,11,0,0
40,35,1011,238,11,30,0.38,11,0,0
40,36,988,234,14,31,0.28,11,0,0
40,37,768,296,12,32,0.26,11,0,0
41,1,314,300,101,64,0.88,4,0,0
41,2,422,421,73,93,0.78,4,0,0
41,3,1230,381,49,47,0.75,4,0,0
41,4,18,207,100,43,0.74,4,0,0
41,5,819,232,95,42,0.70,4,0,0
41,6,810,176,91,45,0.70,4,0,0
41,7,685,158,82,45,0.67,4,0,0
41,8,1243,456,36,55,0.64,4,0,0
41,9,423,201,51,76,0.64,4,0,0
41,10,170,113,108,53,0.54,4,0,0
41,11,110,141,107,55,0.52,4,0,0
41,12,285,241,12,31,0.45,1,0,0
41,13,1012,240,12,31,0.44,1,0,0
41,14,222,114,56,52,0.37,4,0,0
41,15,732,618,72,101,0.37,4,0,0
41,16,501,221,51,72,0.35,4,0,0
41,17,990,236,13,33,0.29,1,0,0
41,18,314,300,101,64,0.88,11,0,0
41,19,422,421,73,93,0.78,11,0,0
41,20,1230,381,49,47,0.75,11,0,0
41,21,18,207,100,43,0.74,11,0,0
41,22,819,232,95,42,0.70,11,0,0
41,23,810,176,91,45,0.70,11,0,0
41,24,685,158,82,45,0.67,11,0,0
41,25,1243,456,36,55,0.64,11,0,0
41,26,423,201,51,76,0.64,11,0,0
41,27,170,113,108,53,0.54,11,0,0
41,28,110,141,107,55,0.52,11,0,0
41,29,561,41,13,26,0.51,11,0,0
41,30,285,241,12,31,0.45,11,0,0
41,31,1012,240,12,31,0.44,11,0,0
41,32,589,41,12,24,0.42,11,0,0
41,33,222,114,56,52,0.37,11,0,0
41,34,732,618,72,101,0.37,11,0,0
41,35,651,43,12,26,0.36,11,0,0
41,36,501,221,51,72,0.35,11,0,0
41,37,990,236,13,33,0.29,11,0,0
42,1,300,297,104,64,0.85,4,0,0
42,2,1232,383,47,48,0.76,4,0,0
42,3,415,416,74,90,0.76,4,0,0
42,4,17,208,100,43,0.73,4,0,0
42,5,811,178,92,45,0.66,4,0,0
42,6,812,235,95,42,0.61,4,0,0
42,7,1245,459,34,57,0.54,4,0,0
42,8,109,143,107,54,0.50,4,0,0
42,9,685,160,83,45,0.48,4,0,0
42,10,201,114,77,53,0.47,4,0,0
42,11,284,244,12,30,0.40,1,0,0
42,12,734,622,58,96,0.34,4,0,0
42,13,767,298,13,29,0.33,1,0,0
42,14,169,114,109,54,0.31,4,0,0
42,15,993,242,15,30,0.29,1,0,0
42,16,969,265,20,41,0.26,1,0,0
42,17,300,297,104,64,0.85,11,0,0
42,18,1232,383,47,48,0.76,11,0,0
42,19,415,416,74,90,0.76,11,0,0
42,20,17,208,100,43,0.73,11,0,0
42,21,811,178,92,45,0.66,11,0,0
42,22,812,235,95,42,0.61,11,0,0
42,23,1245,459,34,57,0.54,11,0,0
42,24,561,42,13,26,0.53,11,0,0
42,25,109,143,107,54,0.50,11,0,0
42,26,685,160,83,45,0.48,11,0,0
42,27,201,114,77,53,0.47,11,0,0
42,28,284,244,12,30,0.40,11,0,0
42,29,734,622,58,96,0.34,11,0,0
42,30,767,298,13,29,0.33,11,0,0
42,31,169,114,109,54,0.31,11,0,0
42,32,993,242,15,30,0.29,11,0,0
42,33,651,44,12,25,0.28,11,0,0
42,34,589,42,13,43,0.28,11,0,0
42,35,969,265,20,41,0.26,11,0,0
43,1,409,410,76,88,0.87,4,0,0
43,2,285,296,105,63,0.86,4,0,0
43,3,16,210,100,42,0.77,4,0,0
43,4,1234,386,45,48,0.76,4,0,0
43,5,805,237,95,42,0.74,4,0,0
43,6,810,179,93,46,0.62,4,0,0
43,7,108,143,108,56,0.57,4,0,0
43,8,1247,461,32,56,0.55,4,0,0
43,9,685,161,84,45,0.55,4,0,0
43,10,217,115,60,53,0.47,4,0,0
43,11,283,247,14,30,0.46,1,0,0
43,12,422,214,47,73,0.41,4,0,0
43,13,766,296,13,30,0.40,1,0,0
43,14,995,246,15,30,0.36,1,0,0
43,15,735,626,60,93,0.30,4,0,0
43,16,1019,249,14,32,0.26,1,0,0
43,17,971,543,29,37,0.25,1,0,0
43,18,170,114,107,55,0.25,4,0,0
43,19,409,410,76,88,0.87,11,0,0
43,20,285,296,105,63,0.86,11,0,0
43,21,16,210,100,42,0.77,11,0,0
43,22,1234,386,45,48,0.76,11,0,0
43,23,805,237,95,42,0.74,11,0,0
43,24,810,179,93,46,0.62,11,0,0
43,25,108,143,108,56,0.57,11,0,0
43,26,1247,461,32,56,0.55,11,0,0
43,27,685,161,84,45,0.55,11,0,0
43,28,217,115,60,53,0.47,11,0,0
43,29,283,247,14,30,0.46,11,0,0
43,30,561,44,13,25,0.42,11,0,0
43,31,422,214,47,73,0.41,11,0,0
43,32,766,296,13,30,0.40,11,0,0
43,33,995,246,15,30,0.36,11,0,0
43,34,735,626,60,93,0.30,11,0,0
43,35,1019,249,14,32,0.26,11,0,0
43,36,971,543,29,37,0.25,11,0,0
43,37,590,43,12,39,0.25,11,0,0
43,38,170,114,107,55,0.25,11,0,0
44,1,269,294,106,63,0.88,4,0,0
44,2,400,404,78,88,0.87,4,0,0
44,3,13,212,103,43,0.69,4,0,0
44,4,1236,389,43,46,0.68,4,0,0
44,5,421,218,50,75,0.66,4,0,0
44,6,811,180,93,46,0.64,4,0,0
44,7,1249,464,30,58,0.59,4,0,0
44,8,220,117,56,52,0.55,4,0,0
44,9,106,146,110,54,0.53,4,0,0
44,10,685,162,84,46,0.46,4,0,0
44,11,282,249,15,31,0.46,1,0,0
44,12,798,239,96,43,0.43,4,0,0
44,13,1022,254,14,28,0.43,1,0,0
44,14,766,294,13,31,0.30,1,0,0
44,15,735,629,61,90,0.29,4,0,0
44,16,756,400,14,30,0.28,1,0,0
44,17,707,261,12,31,0.26,1,0,0
44,18,860,405,18,34,0.25,1,0,0
44,19,269,294,106,63,0.88,11,0,0
44,20,400,404,78,88,0.87,11,0,0
44,21,13,212,103,43,0.69,11,0,0
44,22,1236,389,43,46,0.68,11,0,0
44,23,421,218,50,75,0.66,11,0,0
44,24,811,180,93,46,0.64,11,0,0
44,25,1249,464,30,58,0.59,11,0,0
44,26,220,117,56,52,0.55,11,0,0
44,27,106,146,110,54,0.53,11,0,0
44,28,685,162,84,46,0.46,11,0,0
44,29,282,249,15,31,0.46,11,0,0
44,30,798,239,96,43,0.43,11,0,0
44,31,1022,254,14,28,0.43,11,0,0
44,32,652,46,12,26,0.41,11,0,0
44,33,561,45,13,25,0.39,11,0,0
44,34,590,45,13,25,0.35,11,0,0
44,35,766,294,13,31,0.30,11,0,0
44,36,735,629,61,90,0.29,11,0,0
44,37,756,400,14,30,0.28,11,0,0
44,38,707,261,12,31,0.26,11,0,0
44,39,860,405,18,34,0.25,11,0,0
45,1,392,398,80,89,0.89,4,0,0
45,2,254,294,107,60,0.86,4,0,0
45,3,13,213,100,44,0.74,4,0,0
45,4,1238,391,41,47,0.64,4,0,0
45,5,421,223,50,74,0.63,4,0,0
45,6,814,182,91,46,0.62,4,0,0
45,7,106,147,109,54,0.61,4,0,0
45,8,1251,468,28,55,0.61,4,0,0
45,9,686,163,84,46,0.53,4,0,0
45,10,793,240,96,44,0.50,4,0,0
45,11,220,119,56,51,0.45,4,0,0
45,12,281,253,15,32,0.44,1,0,0
45,13,816,336,14,33,0.33,1,0,0
45,14,1026,258,14,30,0.29,1,0,0
45,15,1003,253,16,32,0.27,1,0,0
45,16,973,272,24,45,0.26,1,0,0
45,17,392,398,80,89,0.89,11,0,0
45,18,254,294,107,60,0.86,11,0,0
45,19,13,213,100,44,0.74,11,0,0
45,20,1238,391,41,47,0.64,11,0,0
45,21,421,223,50,74,0.63,11,0,0
45,22,814,182,91,46,0.62,11,0,0
45,23,106,147,109,54,0.61,11,0,0
45,24,1251,468,28,55,0.61,11,0,0
45,25,686,163,84,46,0.53,11,0,0
45,26,793,240,96,44,0.50,11,0,0
45,27,220,119,56,51,0.45,11,0,0
45,28,281,253,15,32,0.44,11,0,0
45,29,561,46,13,26,0.34,11,0,0
45,30,653,46,12,27,0.34,11,0,0
45,31,816,336,14,33,0.33,11,0,0
45,32,1026,258,14,30,0.29,11,0,0
45,33,1003,253,16,32,0.27,11,0,0
45,34,590,46,13,25,0.27,11,0,0
45,35,973,272,24,45,0.26,11,0,0
46,1,384,394,84,85,0.87,4,0,0
46,2,238,291,107,61,0.84,4,0,0
46,3,814,184,92,45,0.79,4,0,0
46,4,788,242,95,43,0.70,4,0,0
46,5,106,149,109,54,0.65,4,0,0
46,6,1240,393,39,47,0.63,4,0,0
46,7,12,214,101,45,0.63,4,0,0
46,8,419,228,53,76,0.57,4,0,0
46,9,1254,469,25,56,0.55,4,0,0
46,10,687,165,83,45,0.53,4,0,0
46,11,219,120,58,51,0.34,4,0,0
46,12,184,119,93,52,0.32,4,0,0
46,13,1008,259,14,29,0.31,1,0,0
46,14,1029,263,15,29,0.30,1,0,0
46,15,384,394,84,85,0.87,11,0,0
46,16,238,291,107,61,0.84,11,0,0
46,17,814,184,92,45,0.79,11,0,0
46,18,788,242,95,43,0.70,11,0,0
46,19,106,149,109,54,0.65,11,0,0
46,20,1240,393,39,47,0.63,11,0,0
46,21,12,214,101,45,0.63,11,0,0
46,22,419,228,53,76,0.57,11,0,0
46,23,1254,469,25,56,0.55,11,0,0
46,24,687,165,83,45,0.53,11,0,0
46,25,219,120,58,51,0.34,11,0,0
46,26,561,47,14,25,0.34,11,0,0
46,27,184,119,93,52,0.32,11,0,0
46,28,1008,259,14,29,0.31,11,0,0
46,29,1029,263,15,29,0.30,11,0,0
46,30,590,47,14,23,0.26,11,0,0
47,1,374,386,84,84,0.87,4,0,0
47,2,816,185,90,46,0.79,4,0,0
47,3,221,287,107,61,0.78,4,0,0
47,4,783,243,95,43,0.74,4,0,0
47,5,12,215,99,45,0.66,4,0,0
47,6,1242,396,37,46,0.61,4,0,0
47,7,419,232,53,77,0.59,4,0,0
47,8,105,151,109,53,0.53,4,0,0
47,9,687,166,84,44,0.48,4,0,0
47,10,219,119,58,52,0.44,4,0,0
47,11,1255,474,24,54,0.44,4,0,0
47,12,374,386,84,84,0.87,11,0,0
47,13,816,185,90,46,0.79,11,0,0
47,14,221,287,107,61,0.78,11,0,0
47,15,783,243,95,43,0.74,11,0,0
47,16,12,215,99,45,0.66,11,0,0
47,17,1242,396,37,46,0.61,11,0,0
47,18,419,232,53,77,0.59,11,0,0
47,19,105,151,109,53,0.53,11,0,0
47,20,687,166,84,44,0.48,11,0,0
47,21,219,119,58,52,0.44,11,0,0
47,22,1255,474,24,54,0.44,11,0,0
47,23,562,48,14,26,0.42,11,0,0
47,24,590,47,14,25,0.36,11,0,0
48,1,365,382,86,83,0.89,4,0,0
48,2,201,285,110,62,0.80,4,0,0
48,3,815,186,93,46,0.80,4,0,0
48,4,11,216,100,45,0.74,4,0,0
48,5,1244,398,35,46,0.70,4,0,0
48,6,418,236,52,79,0.59,4,0,0
48,7,778,244,96,45,0.59,4,0,0
48,8,1258,477,21,53,0.52,4,0,0
48,9,218,121,59,52,0.51,4,0,0
48,10,105,151,109,54,0.48,4,0,0
48,11,688,167,84,45,0.44,4,0,0
48,12,484,613,54,103,0.31,4,0,0
48,13,982,505,25,50,0.26,1,0,0
48,14,1074,470,59,45,0.26,4,0,0
48,15,365,382,86,83,0.89,11,0,0
48,16,201,285,110,62,0.80,11,0,0
48,17,815,186,93,46,0.80,11,0,0
48,18,11,216,100,45,0.74,11,0,0
48,19,1244,398,35,46,0.70,11,0,0
48,20,418,236,52,79,0.59,11,0,0
48,21,778,244,96,45,0.59,11,0,0
48,22,1258,477,21,53,0.52,11,0,0
48,23,218,121,59,52,0.51,11,0,0
48,24,105,151,109,54,0.48,11,0,0
48,25,688,167,84,45,0.44,11,0,0
48,26,562,49,14,25,0.34,11,0,0
48,27,484,613,54,103,0.31,11,0,0
48,28,591,49,13,24,0.27,11,0,0
48,29,982,505,25,50,0.26,11,0,0
48,30,1074,470,59,45,0.26,11,0,0
49,1,360,380,87,81,0.89,4,0,0
49,2,193,286,109,61,0.80,4,0,0
49,3,815,187,93,45,0.79,4,0,0
49,4,1245,400,34,45,0.72,4,0,0
49,5,11,216,100,46,0.71,4,0,0
49,6,218,122,58,52,0.59,4,0,0
49,7,776,245,95,44,0.58,4,0,0
49,8,418,239,52,79,0.51,4,0,0
49,9,105,152,109,54,0.50,4,0,0
49,10,688,168,83,46,0.47,4,0,0
49,11,1074,471,60,45,0.45,4,0,0
49,12,1260,481,19,50,0.37,4,0,0
49,13,1039,273,16,29,0.26,1,0,0
49,14,360,380,87,81,0.89,11,0,0
49,15,193,286,109,61,0.80,11,0,0
49,16,815,187,93,45,0.79,11,0,0
49,17,1245,400,34,45,0.72,11,0,0
49,18,11,216,100,46,0.71,11,0,0
49,19,218,122,58,52,0.59,11,0,0
49,20,776,245,95,44,0.58,11,0,0
49,21,418,239,52,79,0.51,11,0,0
49,22,105,152,109,54,0.50,11,0,0
49,23,688,168,83,46,0.47,11,0,0
49,24,1074,471,60,45,0.45,11,0,0
49,25,1260,481,19,50,0.37,11,0,0
49,26,1039,273,16,29,0.26,11,0,0
49,27,562,50,14,25,0.26,11,0,0
50,1,349,376,88,78,0.88,4,0,0
50,2,174,286,115,57,0.75,4,0,0
50,3,816,188,93,46,0.74,4,0,0
50,4,1246,402,33,45,0.68,4,0,0
50,5,218,125,58,51,0.66,4,0,0
50,6,417,244,53,80,0.57,4,0,0
50,7,103,152,111,56,0.54,4,0,0
50,8,772,248,95,44,0.51,4,0,0
50,9,2,218,107,47,0.44,4,0,0
50,10,688,170,85,44,0.42,4,0,0
50,11,482,607,55,99,0.41,4,0,0
50,12,1075,474,62,45,0.38,4,0,0
50,13,1261,486,18,43,0.34,4,0,0
50,14,741,649,57,70,0.28,4,0,0
50,15,349,376,88,78,0.88,11,0,0
50,16,174,286,115,57,0.75,11,0,0
50,17,816,188,93,46,0.74,11,0,0
50,18,1246,402,33,45,0.68,11,0,0
50,19,218,125,58,51,0.66,11,0,0
50,20,417,244,53,80,0.57,11,0,0
50,21,103,152,111,56,0.54,11,0,0
50,22,772,248,95,44,0.51,11,0,0
50,23,2,218,107,47,0.44,11,0,0
50,24,688,170,85,44,0.42,11,0,0
50,25,482,607,55,99,0.41,11,0,0
50,26,1075,474,62,45,0.38,11,0,0
50,27,1261,486,18,43,0.34,11,0,0
50,28,741,649,57,70,0.28,11,0,0
50,29,655,52,12,24,0.26,11,0,0
51,1,337,372,92,77,0.88,4,0,0
51,2,153,286,111,57,0.81,4,0,0
51,3,817,190,93,46,0.77,4,0,0
51,4,218,126,57,52,0.72,4,0,0
51,5,1249,406,30,44,0.64,4,0,0
51,6,5,222,104,44,0.61,4,0,0
51,7,102,154,111,56,0.61,4,0,0
51,8,481,600,56,101,0.55,4,0,0
51,9,417,251,53,80,0.52,4,0,0
51,10,767,249,95,45,0.46,4,0,0
51,11,688,172,85,43,0.44,4,0,0
51,12,1264,490,15,41,0.43,4,0,0
51,13,1077,478,65,46,0.38,4,0,0
51,14,742,654,56,65,0.34,4,0,0
51,15,337,372,92,77,0.88,11,0,0
51,16,153,286,111,57,0.81,11,0,0
51,17,817,190,93,46,0.77,11,0,0
51,18,218,126,57,52,0.72,11,0,0
51,19,1249,406,30,44,0.64,11,0,0
51,20,5,222,104,44,0.61,11,0,0
51,21,102,154,111,56,0.61,11,0,0
51,22,481,600,56,101,0.55,11,0,0
51,23,592,53,13,24,0.55,11,0,0
51,24,655,54,13,24,0.55,11,0,0
51,25,417,251,53,80,0.52,11,0,0
51,26,767,249,95,45,0.46,11,0,0
51,27,688,172,85,43,0.44,11,0,0
51,28,1264,490,15,41,0.43,11,0,0
51,29,1077,478,65,46,0.38,11,0,0
51,30,742,654,56,65,0.34,11,0,0
52,1,325,369,94,74,0.86,4,0,0
52,2,820,193,93,46,0.78,4,0,0
52,3,132,286,114,57,0.75,4,0,0
52,4,217,129,58,50,0.72,4,0,0
52,5,2,224,108,44,0.64,4,0,0
52,6,416,257,53,80,0.61,4,0,0
52,7,763,253,94,44,0.58,4,0,0
52,8,690,173,84,46,0.58,4,0,0
52,9,101,156,110,56,0.55,4,0,0
52,10,479,596,56,100,0.50,4,0,0
52,11,1251,409,28,45,0.48,4,0,0
52,12,1266,493,13,39,0.39,4,0,0
52,13,1080,481,63,46,0.38,4,0,0
52,14,275,279,14,31,0.32,1,0,0
52,15,743,659,55,61,0.27,4,0,0
52,16,1024,287,16,31,0.26,1,0,0
52,17,606,253,26,32,0.26,10,0,0
52,18,325,369,94,74,0.86,11,0,0
52,19,820,193,93,46,0.78,11,0,0
52,20,132,286,114,57,0.75,11,0,0
52,21,217,129,58,50,0.72,11,0,0
52,22,2,224,108,44,0.64,11,0,0
52,23,416,257,53,80,0.61,11,0,0
52,24,763,253,94,44,0.58,11,0,0
52,25,690,173,84,46,0.58,11,0,0
52,26,655,55,13,26,0.56,11,0,0
52,27,101,156,110,56,0.55,11,0,0
52,28,592,54,13,24,0.51,11,0,0
52,29,479,596,56,100,0.50,11,0,0
52,30,1251,409,28,45,0.48,11,0,0
52,31,1266,493,13,39,0.39,11,0,0
52,32,1080,481,63,46,0.38,11,0,0
52,33,275,279,14,31,0.32,11,0,0
52,34,743,659,55,61,0.27,11,0,0
52,35,1024,287,16,31,0.26,11,0,0
52,36,606,253,26,32,0.26,11,0,0
53,1,312,367,97,70,0.86,4,0,0
53,2,819,195,95,47,0.80,4,0,0
53,3,112,287,114,55,0.79,4,0,0
53,4,217,131,58,51,0.77,4,0,0
53,5,758,255,95,45,0.72,4,0,0
53,6,3,227,106,44,0.71,4,0,0
53,7,415,262,54,82,0.66,4,0,0
53,8,101,157,110,58,0.58,4,0,0
53,9,1254,411,25,46,0.57,4,0,0
53,10,691,175,84,47,0.54,4,0,0
53,11,476,593,59,100,0.53,4,0,0
53,12,274,284,15,31,0.31,1,0,0
53,13,312,367,97,70,0.86,11,0,0
53,14,819,195,95,47,0.80,11,0,0
53,15,112,287,114,55,0.79,11,0,0
53,16,217,131,58,51,0.77,11,0,0
53,17,758,255,95,45,0.72,11,0,0
53,18,3,227,106,44,0.71,11,0,0
53,19,415,262,54,82,0.66,11,0,0
53,20,101,157,110,58,0.58,11,0,0
53,21,1254,411,25,46,0.57,11,0,0
53,22,656,57,13,26,0.54,11,0,0
53,23,691,175,84,47,0.54,11,0,0
53,24,476,593,59,100,0.53,11,0,0
53,25,592,57,13,24,0.51,11,0,0
53,26,564,57,16,31,0.39,11,0,0
53,27,274,284,15,31,0.31,11,0,0
54,1,299,365,99,66,0.86,4,0,0
54,2,89,288,116,55,0.79,4,0,0
54,3,818,197,96,46,0.79,4,0,0
54,4,754,257,95,44,0.74,4,0,0
54,5,5,229,103,45,0.71,4,0,0
54,6,468,589,66,100,0.70,4,0,0
54,7,215,132,59,52,0.69,4,0,0
54,8,100,159,111,58,0.68,4,0,0
54,9,414,269,54,83,0.65,4,0,0
54,10,1256,415,23,47,0.53,4,0,0
54,11,691,178,85,47,0.49,4,0,0
54,12,620,265,26,35,0.39,10,0,0
54,13,610,240,22,39,0.30,1,0,0
54,14,745,670,53,49,0.29,4,0,0
54,15,299,365,99,66,0.86,11,0,0
54,16,89,288,116,55,0.79,11,0,0
54,17,818,197,96,46,0.79,11,0,0
54,18,754,257,95,44,0.74,11,0,0
54,19,5,229,103,45,0.71,11,0,0
54,20,468,589,66,100,0.70,11,0,0
54,21,215,132,59,52,0.69,11,0,0
54,22,100,159,111,58,0.68,11,0,0
54,23,414,269,54,83,0.65,11,0,0
54,24,1256,415,23,47,0.53,11,0,0
54,25,691,178,85,47,0.49,11,0,0
54,26,620,265,26,35,0.39,11,0,0
54,27,656,60,13,25,0.33,11,0,0
54,28,610,240,22,39,0.30,11,0,0
54,29,745,670,53,49,0.29,11,0,0
54,30,593,59,13,25,0.26,11,0,0
55,1,285,361,101,68,0.86,4,0,0
55,2,66,289,116,53,0.82,4,0,0
55,3,821,200,94,46,0.80,4,0,0
55,4,751,260,94,45,0.79,4,0,0
55,5,2,232,103,44,0.75,4,0,0
55,6,99,163,111,56,0.72,4,0,0
55,7,215,134,59,52,0.69,4,0,0
55,8,412,276,57,83,0.69,4,0,0
55,9,465,584,66,101,0.69,4,0,0
55,10,691,180,85,47,0.54,4,0,0
55,11,1258,420,21,44,0.51,4,0,0
55,12,477,13,33,53,0.40,4,0,0
55,13,746,675,55,45,0.30,4,0,0
55,14,829,388,14,33,0.28,1,0,0
55,15,1084,495,65,45,0.27,4,0,0
55,16,249,619,54,85,0.26,4,0,0
55,17,285,361,101,68,0.86,11,0,0
55,18,66,289,116,53,0.82,11,0,0
55,19,821,200,94,46,0.80,11,0,0
55,20,751,260,94,45,0.79,11,0,0
55,21,2,232,103,44,0.75,11,0,0
55,22,99,163,111,56,0.72,11,0,0
55,23,215,134,59,52,0.69,11,0,0
55,24,412,276,57,83,0.69,11,0,0
55,25,465,584,66,101,0.69,11,0,0
55,26,656,62,13,25,0.60,11,0,0
55,27,593,61,13,25,0.54,11,0,0
55,28,691,180,85,47,0.54,11,0,0
55,29,1258,420,21,44,0.51,11,0,0
55,30,564,59,14,28,0.45,11,0,0
55,31,477,13,33,53,0.40,11,0,0
55,32,746,675,55,45,0.30,11,0,0
55,33,829,388,14,33,0.28,11,0,0
55,34,1084,495,65,45,0.27,11,0,0
55,35,249,619,54,85,0.26,11,0,0
56,1,270,360,102,66,0.87,4,0,0
56,2,47,290,114,54,0.82,4,0,0
56,3,821,203,95,45,0.80,4,0,0
56,4,746,262,94,46,0.79,4,0,0
56,5,411,282,57,85,0.79,4,0,0
56,6,1,234,103,46,0.76,4,0,0
56,7,461,580,67,99,0.75,4,0,0
56,8,150,167,59,54,0.69,4,0,0
56,9,213,136,60,52,0.67,4,0,0
56,10,475,18,35,55,0.59,4,0,0
56,11,1260,424,19,44,0.54,4,0,0
56,12,691,182,86,47,0.42,4,0,0
56,13,771,293,14,35,0.41,1,0,0
56,14,1087,500,65,44,0.37,4,0,0
56,15,831,396,14,32,0.31,1,0,0
56,16,271,301,17,31,0.25,1,0,0
56,17,270,360,102,66,0.87,11,0,0
56,18,47,290,114,54,0.82,11,0,0
56,19,821,203,95,45,0.80,11,0,0
56,20,746,262,94,46,0.79,11,0,0
56,21,411,282,57,85,0.79,11,0,0
56,22,1,234,103,46,0.76,11,0,0
56,23,461,580,67,99,0.75,11,0,0
56,24,150,167,59,54,0.69,11,0,0
56,25,657,64,13,25,0.69,11,0,0
56,26,213,136,60,52,0.67,11,0,0
56,27,593,63,13,24,0.65,11,0,0
56,28,475,18,35,55,0.59,11,0,0
56,29,1260,424,19,44,0.54,11,0,0
56,30,564,63,14,26,0.50,11,0,0
56,31,691,182,86,47,0.42,11,0,0
56,32,771,293,14,35,0.41,11,0,0
56,33,1087,500,65,44,0.37,11,0,0
56,34,831,396,14,32,0.31,11,0,0
56,35,271,301,17,31,0.25,11,0,0
57,1,264,359,100,64,0.86,4,0,0
57,2,34,291,114,53,0.80,4,0,0
57,3,743,263,95,46,0.78,4,0,0
57,4,0,235,103,47,0.77,4,0,0
57,5,821,204,96,46,0.77,4,0,0
57,6,411,286,56,83,0.77,4,0,0
57,7,458,578,69,98,0.76,4,0,0
57,8,213,137,60,53,0.72,4,0,0
57,9,475,22,35,53,0.67,4,0,0
57,10,1262,426,17,43,0.51,4,0,0
57,11,770,290,16,39,0.50,1,0,0
57,12,832,399,14,33,0.45,1,0,0
57,13,150,168,59,54,0.39,4,0,0
57,14,691,183,86,48,0.31,4,0,0
57,15,97,167,112,57,0.28,4,0,0
57,16,845,405,13,27,0.28,1,0,0
57,17,1089,502,63,45,0.26,4,0,0
57,18,271,304,16,31,0.26,1,0,0
57,19,264,359,100,64,0.86,11,0,0
57,20,34,291,114,53,0.80,11,0,0
57,21,743,263,95,46,0.78,11,0,0
57,22,0,235,103,47,0.77,11,0,0
57,23,821,204,96,46,0.77,11,0,0
57,24,411,286,56,83,0.77,11,0,0
57,25,458,578,69,98,0.76,11,0,0
57,26,213,137,60,53,0.72,11,0,0
57,27,657,66,13,24,0.71,11,0,0
57,28,594,64,12,25,0.68,11,0,0
57,29,475,22,35,53,0.67,11,0,0
57,30,564,63,13,28,0.59,11,0,0
57,31,1262,426,17,43,0.51,11,0,0
57,32,770,290,16,39,0.50,11,0,0
57,33,832,399,14,33,0.45,11,0,0
57,34,150,168,59,54,0.39,11,0,0
57,35,691,183,86,48,0.31,11,0,0
57,36,97,167,112,57,0.28,11,0,0
57,37,845,405,13,27,0.28,11,0,0
57,38,1089,502,63,45,0.26,11,0,0
57,39,271,304,16,31,0.26,11,0,0
58,1,247,360,103,59,0.85,4,0,0
58,2,0,238,102,45,0.78,4,0,0
58,3,450,575,73,99,0.75,4,0,0
58,4,7,294,120,52,0.74,4,0,0
58,5,410,293,56,84,0.74,4,0,0
58,6,822,206,95,47,0.74,4,0,0
58,7,211,138,61,56,0.71,4,0,0
58,8,738,265,95,47,0.70,4,0,0
58,9,94,169,113,57,0.56,4,0,0
58,10,1264,431,15,40,0.50,4,0,0
58,11,473,28,36,53,0.49,4,0,0
58,12,691,186,87,48,0.31,4,0,0
58,13,1090,506,65,44,0.26,4,0,0
58,14,247,360,103,59,0.85,11,0,0
58,15,0,238,102,45,0.78,11,0,0
58,16,450,575,73,99,0.75,11,0,0
58,17,7,294,120,52,0.74,11,0,0
58,18,410,293,56,84,0.74,11,0,0
58,19,822,206,95,47,0.74,11,0,0
58,20,211,138,61,56,0.71,11,0,0
58,21,738,265,95,47,0.70,11,0,0
58,22,94,169,113,57,0.56,11,0,0
58,23,1264,431,15,40,0.50,11,0,0
58,24,473,28,36,53,0.49,11,0,0
58,25,594,66,12,26,0.44,11,0,0
58,26,657,67,13,25,0.34,11,0,0
58,27,691,186,87,48,0.31,11,0,0
58,28,1090,506,65,44,0.26,11,0,0
59,1,230,359,106,57,0.86,4,0,0
59,2,408,300,58,85,0.79,4,0,0
59,3,0,242,101,45,0.79,4,0,0
59,4,473,34,35,54,0.76,4,0,0
59,5,733,270,96,45,0.72,4,0,0
59,6,824,210,95,46,0.72,4,0,0
59,7,211,141,61,55,0.71,4,0,0
59,8,0,295,102,53,0.70,4,0,0
59,9,443,574,75,97,0.59,4,0,0
59,10,93,172,113,57,0.41,4,0,0
59,11,691,189,87,47,0.38,4,0,0
59,12,1091,511,67,45,0.31,4,0,0
59,13,440,535,78,135,0.29,4,0,0
59,14,230,359,106,57,0.86,11,0,0
59,15,408,300,58,85,0.79,11,0,0
59,16,0,242,101,45,0.79,11,0,0
59,17,473,34,35,54,0.76,11,0,0
59,18,733,270,96,45,0.72,11,0,0
59,19,824,210,95,46,0.72,11,0,0
59,20,211,141,61,55,0.71,11,0,0
59,21,0,295,102,53,0.70,11,0,0
59,22,443,574,75,97,0.59,11,0,0
59,23,93,172,113,57,0.41,11,0,0
59,24,691,189,87,47,0.38,11,0,0
59,25,594,69,12,26,0.37,11,0,0
59,26,1091,511,67,45,0.31,11,0,0
59,27,657,69,13,27,0.30,11,0,0
59,28,440,535,78,135,0.29,11,0,0
60,1,216,356,104,59,0.86,4,0,0
60,2,0,300,80,51,0.83,4,0,0
60,3,406,308,59,85,0.78,4,0,0
60,4,0,245,99,45,0.75,4,0,0
60,5,470,39,37,57,0.74,4,0,0
60,6,211,143,59,56,0.71,4,0,0
60,7,437,574,76,94,0.68,4,0,0
60,8,727,272,96,45,0.62,4,0,0
60,9,826,212,93,47,0.62,4,0,0
60,10,94,175,111,58,0.51,4,0,0
60,11,692,192,87,48,0.42,4,0,0
60,12,1093,516,68,45,0.34,4,0,0
60,13,1268,442,11,36,0.26,4,0,0
60,14,216,356,104,59,0.86,11,0,0
60,15,0,300,80,51,0.83,11,0,0
60,16,406,308,59,85,0.78,11,0,0
60,17,0,245,99,45,0.75,11,0,0
60,18,470,39,37,57,0.74,11,0,0
60,19,211,143,59,56,0.71,11,0,0
60,20,437,574,76,94,0.68,11,0,0
60,21,727,272,96,45,0.62,11,0,0
60,22,826,212,93,47,0.62,11,0,0
60,23,94,175,111,58,0.51,11,0,0
60,24,658,72,13,26,0.48,11,0,0
60,25,692,192,87,48,0.42,11,0,0
60,26,564,71,13,28,0.41,11,0,0
60,27,594,72,12,25,0.41,11,0,0
60,28,1093,516,68,45,0.34,11,0,0
60,29,1268,442,11,36,0.26,11,0,0
61,1,199,356,108,58,0.85,4,0,0
61,2,406,315,57,87,0.82,4,0,0
61,3,0,302,56,51,0.80,4,0,0
61,4,826,215,95,48,0.77,4,0,0
61,5,469,47,37,55,0.76,4,0,0
61,6,0,248,97,45,0.76,4,0,0
61,7,432,574,77,94,0.68,4,0,0
61,8,91,176,114,59,0.64,4,0,0
61,9,209,146,60,55,0.61,4,0,0
61,10,265,328,17,29,0.43,1,0,0
61,11,722,276,97,43,0.29,4,0,0
61,12,693,195,87,46,0.26,4,0,0
61,13,199,356,108,58,0.85,11,0,0
61,14,406,315,57,87,0.82,11,0,0
61,15,0,302,56,51,0.80,11,0,0
61,16,826,215,95,48,0.77,11,0,0
61,17,469,47,37,55,0.76,11,0,0
61,18,0,248,97,45,0.76,11,0,0
61,19,432,574,77,94,0.68,11,0,0
61,20,91,176,114,59,0.64,11,0,0
61,21,209,146,60,55,0.61,11,0,0
61,22,594,74,13,26,0.46,11,0,0
61,23,265,328,17,29,0.43,11,0,0
61,24,563,74,14,27,0.42,11,0,0
61,25,658,76,13,26,0.38,11,0,0
61,26,722,276,97,43,0.29,11,0,0
61,27,693,195,87,46,0.26,11,0,0
62,1,185,354,107,61,0.82,4,0,0
62,2,826,220,96,46,0.80,4,0,0
62,3,424,573,81,97,0.78,4,0,0
62,4,405,322,57,90,0.75,4,0,0
62,5,468,55,37,53,0.75,4,0,0
62,6,716,280,98,45,0.70,4,0,0
62,7,0,251,97,48,0.65,4,0,0
62,8,207,148,62,56,0.60,4,0,0
62,9,77,182,126,57,0.34,4,0,0
62,10,140,184,63,54,0.29,4,0,0
62,11,0,429,24,43,0.26,4,0,0
62,12,185,354,107,61,0.82,11,0,0
62,13,826,220,96,46,0.80,11,0,0
62,14,424,573,81,97,0.78,11,0,0
62,15,405,322,57,90,0.75,11,0,0
62,16,468,55,37,53,0.75,11,0,0
62,17,716,280,98,45,0.70,11,0,0
62,18,0,251,97,48,0.65,11,0,0
62,19,207,148,62,56,0.60,11,0,0
62,20,658,79,12,25,0.59,11,0,0
62,21,594,78,12,24,0.47,11,0,0
62,22,563,78,14,26,0.47,11,0,0
62,23,77,182,126,57,0.34,11,0,0
62,24,140,184,63,54,0.29,11,0,0
62,25,0,429,24,43,0.26,11,0,0
63,1,827,222,95,47,0.80,4,0,0
63,2,712,282,98,47,0.80,4,0,0
63,3,418,575,84,96,0.79,4,0,0
63,4,403,329,59,89,0.78,4,0,0
63,5,165,352,112,62,0.77,4,0,0
63,6,0,255,96,47,0.74,4,0,0
63,7,466,63,36,54,0.70,4,0,0
63,8,87,184,115,59,0.55,4,0,0
63,9,518,126,47,63,0.46,4,0,0
63,10,206,150,62,58,0.42,4,0,0
63,11,157,148,111,60,0.35,4,0,0
63,12,1098,535,66,44,0.33,4,0,0
63,13,827,222,95,47,0.80,11,0,0
63,14,712,282,98,47,0.80,11,0,0
63,15,418,575,84,96,0.79,11,0,0
63,16,403,329,59,89,0.78,11,0,0
63,17,165,352,112,62,0.77,11,0,0
63,18,0,255,96,47,0.74,11,0,0
63,19,466,63,36,54,0.70,11,0,0
63,20,87,184,115,59,0.55,11,0,0
63,21,594,81,12,25,0.47,11,0,0
63,22,518,126,47,63,0.46,11,0,0
63,23,563,81,14,27,0.45,11,0,0
63,24,206,150,62,58,0.42,11,0,0
63,25,157,148,111,60,0.35,11,0,0
63,26,1098,535,66,44,0.33,11,0,0
63,27,659,82,12,26,0.29,11,0,0
64,1,152,354,108,60,0.84,4,0,0
64,2,402,336,59,91,0.84,4,0,0
64,3,828,225,95,47,0.82,4,0,0
64,4,410,574,87,99,0.76,4,0,0
64,5,0,259,94,46,0.76,4,0,0
64,6,706,286,98,47,0.75,4,0,0
64,7,206,154,61,57,0.64,4,0,0
64,8,261,350,18,33,0.53,1,0,0
64,9,519,123,48,61,0.46,4,0,0
64,10,464,70,37,56,0.43,4,0,0
64,11,1102,540,67,45,0.36,4,0,0
64,12,140,189,61,54,0.34,4,0,0
64,13,693,205,89,45,0.30,4,0,0
64,14,700,345,30,27,0.30,10,0,0
64,15,0,443,18,40,0.29,4,0,0
64,16,152,354,108,60,0.84,11,0,0
64,17,402,336,59,91,0.84,11,0,0
64,18,828,225,95,47,0.82,11,0,0
64,19,410,574,87,99,0.76,11,0,0
64,20,0,259,94,46,0.76,11,0,0
64,21,706,286,98,47,0.75,11,0,0
64,22,206,154,61,57,0.64,11,0,0
64,23,563,84,15,26,0.55,11,0,0
64,24,261,350,18,33,0.53,11,0,0
64,25,594,84,12,24,0.50,11,0,0
64,26,519,123,48,61,0.46,11,0,0
64,27,464,70,37,56,0.43,11,0,0
64,28,1102,540,67,45,0.36,11,0,0
64,29,140,189,61,54,0.34,11,0,0
64,30,693,205,89,45,0.30,11,0,0
64,31,700,345,30,27,0.30,11,0,0
64,32,0,443,18,40,0.29,11,0,0
64,33,659,85,13,25,0.25,11,0,0
65,1,145,354,109,59,0.86,4,0,0
65,2,407,565,89,110,0.84,4,0,0
65,3,828,227,96,48,0.81,4,0,0
65,4,402,341,59,90,0.80,4,0,0
65,5,703,287,98,51,0.78,4,0,0
65,6,0,261,94,46,0.72,4,0,0
65,7,204,155,63,58,0.68,4,0,0
65,8,463,74,38,55,0.61,4,0,0
65,9,261,352,17,33,0.49,1,0,0
65,10,695,206,87,49,0.41,4,0,0
65,11,1103,543,67,46,0.39,4,0,0
65,12,520,121,49,62,0.31,4,0,0
65,13,419,243,51,75,0.30,4,0,0
65,14,0,448,17,36,0.28,4,0,0
65,15,704,345,33,31,0.27,10,0,0
65,16,68,189,132,60,0.26,4,0,0
65,17,702,317,20,37,0.26,1,0,0
65,18,145,354,109,59,0.86,11,0,0
65,19,407,565,89,110,0.84,11,0,0
65,20,828,227,96,48,0.81,11,0,0
65,21,402,341,59,90,0.80,11,0,0
65,22,703,287,98,51,0.78,11,0,0
65,23,0,261,94,46,0.72,11,0,0
65,24,204,155,63,58,0.68,11,0,0
65,25,463,74,38,55,0.61,11,0,0
65,26,261,352,17,33,0.49,11,0,0
65,27,563,85,14,27,0.46,11,0,0
65,28,695,206,87,49,0.41,11,0,0
65,29,594,86,13,24,0.39,11,0,0
65,30,1103,543,67,46,0.39,11,0,0
65,31,520,121,49,62,0.31,11,0,0
65,32,419,243,51,75,0.30,11,0,0
65,33,659,86,13,27,0.30,11,0,0
65,34,0,448,17,36,0.28,11,0,0
65,35,704,345,33,31,0.27,11,0,0
65,36,68,189,132,60,0.26,11,0,0
65,37,702,317,20,37,0.26,11,0,0
66,1,128,356,109,57,0.84,4,0,0
66,2,828,231,97,48,0.81,4,0,0
66,3,405,572,89,107,0.77,4,0,0
66,4,698,290,103,53,0.76,4,0,0
66,5,400,347,60,91,0.74,4,0,0
66,6,204,159,62,57,0.70,4,0,0
66,7,0,263,92,48,0.69,4,0,0
66,8,82,191,117,60,0.66,4,0,0
66,9,462,83,39,53,0.54,4,0,0
66,10,697,210,86,47,0.51,4,0,0
66,11,418,247,50,77,0.49,4,0,0
66,12,522,121,49,60,0.30,4,0,0
66,13,128,356,109,57,0.84,11,0,0
66,14,828,231,97,48,0.81,11,0,0
66,15,405,572,89,107,0.77,11,0,0
66,16,698,290,103,53,0.76,11,0,0
66,17,400,347,60,91,0.74,11,0,0
66,18,204,159,62,57,0.70,11,0,0
66,19,0,263,92,48,0.69,11,0,0
66,20,82,191,117,60,0.66,11,0,0
66,21,462,83,39,53,0.54,11,0,0
66,22,697,210,86,47,0.51,11,0,0
66,23,563,89,14,26,0.50,11,0,0
66,24,418,247,50,77,0.49,11,0,0
66,25,522,121,49,60,0.30,11,0,0
66,26,594,89,13,24,0.26,11,0,0
66,27,659,90,13,27,0.25,11,0,0
67,1,829,236,98,46,0.83,4,0,0
67,2,111,358,105,53,0.83,4,0,0
67,3,404,576,89,111,0.80,4,0,0
67,4,398,355,60,91,0.79,4,0,0
67,5,0,267,89,49,0.76,4,0,0
67,6,203,162,63,58,0.74,4,0,0
67,7,693,292,96,46,0.66,4,0,0
67,8,462,92,37,55,0.59,4,0,0
67,9,696,214,87,47,0.57,4,0,0
67,10,258,367,16,30,0.49,1,0,0
67,11,417,254,51,77,0.46,4,0,0
67,12,81,195,116,61,0.39,4,0,0
67,13,423,2,37,55,0.35,4,0,0
67,14,136,197,62,56,0.33,4,0,0
67,15,730,358,28,35,0.30,10,0,0
67,16,0,217,20,31,0.26,4,0,0
67,17,671,225,17,60,0.25,1,0,0
67,18,829,236,98,46,0.83,11,0,0
67,19,111,358,105,53,0.83,11,0,0
67,20,404,576,89,111,0.80,11,0,0
67,21,398,355,60,91,0.79,11,0,0
67,22,0,267,89,49,0.76,11,0,0
67,23,203,162,63,58,0.74,11,0,0
67,24,693,292,96,46,0.66,11,0,0
67,25,462,92,37,55,0.59,11,0,0
67,26,696,214,87,47,0.57,11,0,0
67,27,258,367,16,30,0.49,11,0,0
67,28,563,91,15,28,0.49,11,0,0
67,29,417,254,51,77,0.46,11,0,0
67,30,81,195,116,61,0.39,11,0,0
67,31,594,93,13,25,0.37,11,0,0
67,32,423,2,37,55,0.35,11,0,0
67,33,136,197,62,56,0.33,11,0,0
67,34,659,93,13,26,0.32,11,0,0
67,35,730,358,28,35,0.30,11,0,0
67,36,0,217,20,31,0.26,11,0,0
67,37,671,225,17,60,0.25,11,0,0
68,1,830,237,97,49,0.82,4,0,0
68,2,404,584,88,108,0.81,4,0,0
68,3,0,271,87,47,0.80,4,0,0
68,4,685,294,97,48,0.78,4,0,0
68,5,94,359,110,54,0.77,4,0,0
68,6,397,362,61,93,0.77,4,0,0
68,7,197,163,66,59,0.72,4,0,0
68,8,256,374,16,30,0.58,1,0,0
68,9,459,99,39,57,0.55,4,0,0
68,10,740,375,32,26,0.55,10,0,0
68,11,696,216,87,48,0.46,4,0,0
68,12,420,9,38,56,0.41,4,0,0
68,13,792,321,15,32,0.39,1,0,0
68,14,0,221,16,30,0.35,4,0,0
68,15,415,261,51,77,0.35,4,0,0
68,16,135,199,62,58,0.32,4,0,0
68,17,78,199,119,59,0.30,4,0,0
68,18,739,345,22,43,0.26,1,0,0
68,19,830,237,97,49,0.82,11,0,0
68,20,404,584,88,108,0.81,11,0,0
68,21,0,271,87,47,0.80,11,0,0
68,22,685,294,97,48,0.78,11,0,0
68,23,94,359,110,54,0.77,11,0,0
68,24,397,362,61,93,0.77,11,0,0
68,25,197,163,66,59,0.72,11,0,0
68,26,660,97,12,25,0.66,11,0,0
68,27,256,374,16,30,0.58,11,0,0
68,28,563,94,14,26,0.55,11,0,0
68,29,594,95,13,24,0.55,11,0,0
68,30,459,99,39,57,0.55,11,0,0
68,31,740,375,32,26,0.55,11,0,0
68,32,696,216,87,48,0.46,11,0,0
68,33,420,9,38,56,0.41,11,0,0
68,34,792,321,15,32,0.39,11,0,0
68,35,0,221,16,30,0.35,11,0,0
68,36,415,261,51,77,0.35,11,0,0
68,37,135,199,62,58,0.32,11,0,0
68,38,78,199,119,59,0.30,11,0,0
68,39,739,345,22,43,0.26,11,0,0
69,1,403,587,89,111,0.83,4,0,0
69,2,830,241,99,48,0.81,4,0,0
69,3,76,360,112,55,0.80,4,0,0
69,4,679,296,97,47,0.78,4,0,0
69,5,0,275,85,48,0.77,4,0,0
69,6,395,368,61,95,0.65,4,0,0
69,7,199,166,62,60,0.56,4,0,0
69,8,418,15,37,57,0.53,4,0,0
69,9,254,380,16,31,0.46,1,0,0
69,10,456,106,41,56,0.46,4,0,0
69,11,414,266,51,78,0.43,4,0,0
69,12,696,218,88,49,0.37,4,0,0
69,13,0,226,14,30,0.33,4,0,0
69,14,76,201,119,60,0.30,4,0,0
69,15,1019,380,17,30,0.28,1,0,0
69,16,793,324,14,29,0.27,1,0,0
69,17,403,587,89,111,0.83,11,0,0
69,18,830,241,99,48,0.81,11,0,0
69,19,76,360,112,55,0.80,11,0,0
69,20,679,296,97,47,0.78,11,0,0
69,21,0,275,85,48,0.77,11,0,0
69,22,395,368,61,95,0.65,11,0,0
69,23,199,166,62,60,0.56,11,0,0
69,24,418,15,37,57,0.53,11,0,0
69,25,254,380,16,31,0.46,11,0,0
69,26,456,106,41,56,0.46,11,0,0
69,27,414,266,51,78,0.43,11,0,0
69,28,696,218,88,49,0.37,11,0,0
69,29,0,226,14,30,0.33,11,0,0
69,30,76,201,119,60,0.30,11,0,0
69,31,1019,380,17,30,0.28,11,0,0
69,32,793,324,14,29,0.27,11,0,0
69,33,563,97,14,26,0.27,11,0,0
70,1,831,241,98,49,0.82,4,0,0
70,2,61,359,108,54,0.81,4,0,0
70,3,403,588,89,111,0.81,4,0,0
70,4,674,296,94,46,0.78,4,0,0
70,5,394,370,61,96,0.75,4,0,0
70,6,0,277,85,47,0.75,4,0,0
70,7,200,169,60,57,0.61,4,0,0
70,8,416,17,38,59,0.55,4,0,0
70,9,455,109,39,56,0.49,4,0,0
70,10,413,269,52,81,0.48,4,0,0
70,11,696,219,88,48,0.39,4,0,0
70,12,1111,570,68,44,0.32,4,0,0
70,13,794,323,13,30,0.31,1,0,0
70,14,0,226,12,30,0.27,4,0,0
70,15,72,202,121,60,0.26,4,0,0
70,16,831,241,98,49,0.82,11,0,0
70,17,61,359,108,54,0.81,11,0,0
70,18,403,588,89,111,0.81,11,0,0
70,19,674,296,94,46,0.78,11,0,0
70,20,394,370,61,96,0.75,11,0,0
70,21,0,277,85,47,0.75,11,0,0
70,22,200,169,60,57,0.61,11,0,0
70,23,416,17,38,59,0.55,11,0,0
70,24,455,109,39,56,0.49,11,0,0
70,25,413,269,52,81,0.48,11,0,0
70,26,696,219,88,48,0.39,11,0,0
70,27,1111,570,68,44,0.32,11,0,0
70,28,794,323,13,30,0.31,11,0,0
70,29,561,97,16,27,0.30,11,0,0
70,30,595,98,12,25,0.27,11,0,0
70,31,0,226,12,30,0.27,11,0,0
70,32,72,202,121,60,0.26,11,0,0
71,1,41,317,110,48,0.75,4,0,0
71,2,670,254,98,51,0.75,4,0,0
71,3,833,200,100,49,0.72,4,0,0
71,4,395,331,60,97,0.72,4,0,0
71,5,401,550,93,107,0.66,4,0,0
71,6,0,236,80,46,0.65,4,0,0
71,7,195,129,62,55,0.61,4,0,0
71,8,453,77,39,67,0.52,4,0,0
71,9,71,162,119,59,0.39,4,0,0
71,10,1109,529,70,45,0.30,4,0,0
71,11,412,228,52,81,0.30,4,0,0
71,12,800,277,13,26,0.28,1,0,0
71,13,126,163,65,55,0.28,4,0,0
71,14,41,317,110,48,0.75,11,0,0
71,15,670,254,98,51,0.75,11,0,0
71,16,833,200,100,49,0.72,11,0,0
71,17,395,331,60,97,0.72,11,0,0
71,18,401,550,93,107,0.66,11,0,0
71,19,0,236,80,46,0.65,11,0,0
71,20,195,129,62,55,0.61,11,0,0
71,21,453,77,39,67,0.52,11,0,0
71,22,71,162,119,59,0.39,11,0,0
71,23,1109,529,70,45,0.30,11,0,0
71,24,412,228,52,81,0.30,11,0,0
71,25,800,277,13,26,0.28,11,0,0
71,26,126,163,65,55,0.28,11,0,0
72,1,666,249,98,49,0.85,4,0,0
72,2,22,308,111,50,0.84,4,0,0
72,3,836,193,97,49,0.81,4,0,0
72,4,394,330,60,97,0.79,4,0,0
72,5,0,229,79,46,0.78,4,0,0
72,6,400,548,90,109,0.74,4,0,0
72,7,193,117,64,60,0.64,4,0,0
72,8,450,72,39,63,0.52,4,0,0
72,9,412,224,52,82,0.42,4,0,0
72,10,250,348,16,32,0.37,1,0,0
72,11,800,270,14,30,0.34,1,0,0
72,12,126,153,63,58,0.32,4,0,0
72,13,1105,359,27,33,0.27,1,0,0
72,14,67,152,122,60,0.26,4,0,0
72,15,666,249,98,49,0.85,11,0,0
72,16,22,308,111,50,0.84,11,0,0
72,17,836,193,97,49,0.81,11,0,0
72,18,394,330,60,97,0.79,11,0,0
72,19,0,229,79,46,0.78,11,0,0
72,20,400,548,90,109,0.74,11,0,0
72,21,193,117,64,60,0.64,11,0,0
72,22,594,44,14,26,0.56,11,0,0
72,23,450,72,39,63,0.52,11,0,0
72,24,412,224,52,82,0.42,11,0,0
72,25,250,348,16,32,0.37,11,0,0
72,26,800,270,14,30,0.34,11,0,0
72,27,126,153,63,58,0.32,11,0,0
72,28,1105,359,27,33,0.27,11,0,0
72,29,67,152,122,60,0.26,11,0,0
73,1,663,249,99,49,0.82,4,0,0
73,2,4,309,115,48,0.79,4,0,0
73,3,394,334,60,96,0.78,4,0,0
73,4,398,550,92,107,0.77,4,0,0
73,5,0,230,78,46,0.76,4,0,0
73,6,835,194,99,49,0.76,4,0,0
73,7,193,118,63,60,0.56,4,0,0
73,8,410,227,53,81,0.45,4,0,0
73,9,800,270,15,32,0.39,1,0,0
73,10,126,153,62,59,0.36,4,0,0
73,11,449,77,40,64,0.29,4,0,0
73,12,0,216,12,27,0.28,4,0,0
73,13,247,353,18,29,0.26,1,0,0
73,14,847,461,20,32,0.25,1,0,0
73,15,663,249,99,49,0.82,11,0,0
73,16,4,309,115,48,0.79,11,0,0
73,17,394,334,60,96,0.78,11,0,0
73,18,398,550,92,107,0.77,11,0,0
73,19,0,230,78,46,0.76,11,0,0
73,20,835,194,99,49,0.76,11,0,0
73,21,193,118,63,60,0.56,11,0,0
73,22,594,45,15,27,0.51,11,0,0
73,23,410,227,53,81,0.45,11,0,0
73,24,800,270,15,32,0.39,11,0,0
73,25,126,153,62,59,0.36,11,0,0
73,26,449,77,40,64,0.29,11,0,0
73,27,0,216,12,27,0.28,11,0,0
73,28,247,353,18,29,0.26,11,0,0
73,29,847,461,20,32,0.25,11,0,0
74,1,657,251,98,50,0.83,4,0,0
74,2,836,198,100,49,0.80,4,0,0
74,3,0,309,100,50,0.79,4,0,0
74,4,0,232,75,51,0.77,4,0,0
74,5,392,341,61,95,0.73,4,0,0
74,6,393,556,93,105,0.67,4,0,0
74,7,191,121,65,60,0.51,4,0,0
74,8,124,157,64,59,0.32,4,0,0
74,9,63,156,124,62,0.32,4,0,0
74,10,410,232,52,82,0.31,4,0,0
74,11,657,251,98,50,0.83,11,0,0
74,12,836,198,100,49,0.80,11,0,0
74,13,0,309,100,50,0.79,11,0,0
74,14,0,232,75,51,0.77,11,0,0
74,15,392,341,61,95,0.73,11,0,0
74,16,393,556,93,105,0.67,11,0,0
74,17,191,121,65,60,0.51,11,0,0
74,18,594,49,14,26,0.47,11,0,0
74,19,124,157,64,59,0.32,11,0,0
74,20,63,156,124,62,0.32,11,0,0
74,21,410,232,52,82,0.31,11,0,0
75,1,837,201,99,50,0.82,4,0,0
75,2,653,252,96,51,0.81,4,0,0
75,3,0,236,75,49,0.80,4,0,0
75,4,391,345,62,99,0.80,4,0,0
75,5,388,563,93,97,0.78,4,0,0
75,6,0,312,81,47,0.78,4,0,0
75,7,191,123,64,60,0.62,4,0,0
75,8,65,158,121,62,0.57,4,0,0
75,9,408,236,53,85,0.57,4,0,0
75,10,445,97,43,65,0.51,4,0,0
75,11,1117,542,77,45,0.30,4,0,0
75,12,837,201,99,50,0.82,11,0,0
75,13,653,252,96,51,0.81,11,0,0
75,14,0,236,75,49,0.80,11,0,0
75,15,391,345,62,99,0.80,11,0,0
75,16,388,563,93,97,0.78,11,0,0
75,17,0,312,81,47,0.78,11,0,0
75,18,191,123,64,60,0.62,11,0,0
75,19,65,158,121,62,0.57,11,0,0
75,20,408,236,53,85,0.57,11,0,0
75,21,445,97,43,65,0.51,11,0,0
75,22,594,51,14,27,0.36,11,0,0
75,23,1117,542,77,45,0.30,11,0,0
76,1,0,239,73,49,0.82,4,0,0
76,2,0,315,61,47,0.81,4,0,0
76,3,648,254,97,51,0.81,4,0,0
76,4,837,205,100,49,0.80,4,0,0
76,5,381,568,97,97,0.80,4,0,0
76,6,390,351,62,98,0.77,4,0,0
76,7,191,127,62,59,0.74,4,0,0
76,8,442,105,45,67,0.69,4,0,0
76,9,64,162,121,63,0.62,4,0,0
76,10,399,1,43,63,0.54,4,0,0
76,11,802,269,15,32,0.32,1,0,0
76,12,407,241,53,83,0.32,4,0,0
76,13,1120,546,81,46,0.25,4,0,0
76,14,1042,382,18,36,0.25,1,0,0
76,15,0,239,73,49,0.82,11,0,0
76,16,0,315,61,47,0.81,11,0,0
76,17,648,254,97,51,0.81,11,0,0
76,18,837,205,100,49,0.80,11,0,0
76,19,381,568,97,97,0.80,11,0,0
76,20,390,351,62,98,0.77,11,0,0
76,21,191,127,62,59,0.74,11,0,0
76,22,442,105,45,67,0.69,11,0,0
76,23,64,162,121,63,0.62,11,0,0
76,24,399,1,43,63,0.54,11,0,0
76,25,802,269,15,32,0.32,11,0,0
76,26,407,241,53,83,0.32,11,0,0
76,27,594,54,13,27,0.26,11,0,0
76,28,1120,546,81,46,0.25,11,0,0
76,29,1042,382,18,36,0.25,11,0,0
77,1,838,207,100,50,0.83,4,0,0
77,2,643,254,96,53,0.81,4,0,0
77,3,0,243,71,48,0.80,4,0,0
77,4,388,356,63,99,0.79,4,0,0
77,5,0,320,40,44,0.76,4,0,0
77,6,190,130,60,60,0.71,4,0,0
77,7,374,571,98,99,0.67,4,0,0
77,8,440,114,46,68,0.63,4,0,0
77,9,407,244,53,85,0.55,4,0,0
77,10,62,166,123,63,0.53,4,0,0
77,11,398,7,42,65,0.43,4,0,0
77,12,541,43,66,58,0.35,4,0,0
77,13,838,207,100,50,0.83,11,0,0
77,14,643,254,96,53,0.81,11,0,0
77,15,0,243,71,48,0.80,11,0,0
77,16,388,356,63,99,0.79,11,0,0
77,17,0,320,40,44,0.76,11,0,0
77,18,190,130,60,60,0.71,11,0,0
77,19,374,571,98,99,0.67,11,0,0
77,20,440,114,46,68,0.63,11,0,0
77,21,407,244,53,85,0.55,11,0,0
77,22,62,166,123,63,0.53,11,0,0
77,23,398,7,42,65,0.43,11,0,0
77,24,541,43,66,58,0.35,11,0,0
78,1,387,361,64,102,0.84,4,0,0
78,2,838,209,100,51,0.83,4,0,0
78,3,637,255,97,53,0.81,4,0,0
78,4,367,580,97,88,0.78,4,0,0
78,5,0,245,70,49,0.76,4,0,0
78,6,188,131,64,62,0.73,4,0,0
78,7,437,124,46,69,0.69,4,0,0
78,8,406,248,53,85,0.66,4,0,0
78,9,397,16,40,64,0.51,4,0,0
78,10,543,41,63,55,0.45,4,0,0
78,11,59,167,124,63,0.41,4,0,0
78,12,880,131,14,30,0.38,1,0,0
78,13,0,327,20,37,0.34,4,0,0
78,14,677,497,39,52,0.34,4,0,0
78,15,236,391,18,29,0.32,1,0,0
78,16,387,361,64,102,0.84,11,0,0
78,17,838,209,100,51,0.83,11,0,0
78,18,637,255,97,53,0.81,11,0,0
78,19,367,580,97,88,0.78,11,0,0
78,20,0,245,70,49,0.76,11,0,0
78,21,188,131,64,62,0.73,11,0,0
78,22,437,124,46,69,0.69,11,0,0
78,23,406,248,53,85,0.66,11,0,0
78,24,397,16,40,64,0.51,11,0,0
78,25,543,41,63,55,0.45,11,0,0
78,26,59,167,124,63,0.41,11,0,0
78,27,880,131,14,30,0.38,11,0,0
78,28,0,327,20,37,0.34,11,0,0
78,29,677,497,39,52,0.34,11,0,0
78,30,236,391,18,29,0.32,11,0,0
79,1,387,366,63,102,0.85,4,0,0
79,2,632,254,97,55,0.82,4,0,0
79,3,356,585,102,85,0.80,4,0,0
79,4,839,212,100,50,0.80,4,0,0
79,5,0,248,69,50,0.74,4,0,0
79,6,437,132,44,71,0.67,4,0,0
79,7,188,133,63,62,0.65,4,0,0
79,8,406,251,53,86,0.64,4,0,0
79,9,394,24,41,65,0.47,4,0,0
79,10,58,169,125,63,0.40,4,0,0
79,11,699,188,92,51,0.30,4,0,0
79,12,883,133,16,34,0.29,1,0,0
79,13,545,41,62,54,0.27,4,0,0
79,14,387,366,63,102,0.85,11,0,0
79,15,632,254,97,55,0.82,11,0,0
79,16,356,585,102,85,0.80,11,0,0
79,17,839,212,100,50,0.80,11,0,0
79,18,0,248,69,50,0.74,11,0,0
79,19,437,132,44,71,0.67,11,0,0
79,20,188,133,63,62,0.65,11,0,0
79,21,406,251,53,86,0.64,11,0,0
79,22,394,24,41,65,0.47,11,0,0
79,23,58,169,125,63,0.40,11,0,0
79,24,699,188,92,51,0.30,11,0,0
79,25,883,133,16,34,0.29,11,0,0
79,26,545,41,62,54,0.27,11,0,0
80,1,386,371,63,101,0.84,4,0,0
80,2,840,214,100,50,0.81,4,0,0
80,3,627,254,97,56,0.80,4,0,0
80,4,344,589,104,79,0.77,4,0,0
80,5,0,251,68,49,0.75,4,0,0
80,6,435,141,45,70,0.70,4,0,0
80,7,186,136,65,60,0.66,4,0,0
80,8,405,254,53,85,0.48,4,0,0
80,9,392,32,42,65,0.46,4,0,0
80,10,700,190,91,51,0.37,4,0,0
80,11,231,402,20,35,0.37,1,0,0
80,12,57,172,125,62,0.30,4,0,0
80,13,116,173,65,61,0.29,4,0,0
80,14,1125,564,75,46,0.27,4,0,0
80,15,386,371,63,101,0.84,11,0,0
80,16,840,214,100,50,0.81,11,0,0
80,17,627,254,97,56,0.80,11,0,0
80,18,344,589,104,79,0.77,11,0,0
80,19,0,251,68,49,0.75,11,0,0
80,20,435,141,45,70,0.70,11,0,0
80,21,186,136,65,60,0.66,11,0,0
80,22,405,254,53,85,0.48,11,0,0
80,23,392,32,42,65,0.46,11,0,0
80,24,700,190,91,51,0.37,11,0,0
80,25,231,402,20,35,0.37,11,0,0
80,26,57,172,125,62,0.30,11,0,0
80,27,116,173,65,61,0.29,11,0,0
80,28,1125,564,75,46,0.27,11,0,0
81,1,386,373,63,102,0.84,4,0,0
81,2,840,215,100,50,0.82,4,0,0
81,3,624,254,97,56,0.82,4,0,0
81,4,0,251,68,49,0.79,4,0,0
81,5,338,590,108,80,0.76,4,0,0
81,6,434,143,45,71,0.70,4,0,0
81,7,405,255,53,86,0.63,4,0,0
81,8,185,137,65,61,0.58,4,0,0
81,9,699,191,92,52,0.39,4,0,0
81,10,116,174,65,61,0.37,4,0,0
81,11,232,405,18,34,0.32,1,0,0
81,12,390,37,42,65,0.32,4,0,0
81,13,887,138,18,35,0.30,1,0,0
81,14,56,173,126,62,0.26,4,0,0
81,15,386,373,63,102,0.84,11,0,0
81,16,840,215,100,50,0.82,11,0,0
81,17,624,254,97,56,0.82,11,0,0
81,18,0,251,68,49,0.79,11,0,0
81,19,338,590,108,80,0.76,11,0,0
81,20,434,143,45,71,0.70,11,0,0
81,21,405,255,53,86,0.63,11,0,0
81,22,185,137,65,61,0.58,11,0,0
81,23,699,191,92,52,0.39,11,0,0
81,24,116,174,65,61,0.37,11,0,0
81,25,232,405,18,34,0.32,11,0,0
81,26,390,37,42,65,0.32,11,0,0
81,27,887,138,18,35,0.30,11,0,0
81,28,56,173,126,62,0.26,11,0,0
82,1,385,377,63,103,0.84,4,0,0
82,2,840,217,100,51,0.82,4,0,0
82,3,619,252,96,57,0.80,4,0,0
82,4,0,253,67,49,0.80,4,0,0
82,5,327,596,106,74,0.78,4,0,0
82,6,185,138,65,63,0.71,4,0,0
82,7,404,258,53,85,0.71,4,0,0
82,8,431,154,47,69,0.63,4,0,0
82,9,698,193,92,52,0.49,4,0,0
82,10,112,175,69,62,0.49,4,0,0
82,11,388,44,43,67,0.44,4,0,0
82,12,230,416,18,29,0.34,1,0,0
82,13,548,37,60,60,0.29,4,0,0
82,14,804,270,13,25,0.29,1,0,0
82,15,894,145,13,33,0.27,1,0,0
82,16,385,377,63,103,0.84,11,0,0
82,17,840,217,100,51,0.82,11,0,0
82,18,619,252,96,57,0.80,11,0,0
82,19,0,253,67,49,0.80,11,0,0
82,20,327,596,106,74,0.78,11,0,0
82,21,185,138,65,63,0.71,11,0,0
82,22,404,258,53,85,0.71,11,0,0
82,23,431,154,47,69,0.63,11,0,0
82,24,698,193,92,52,0.49,11,0,0
82,25,112,175,69,62,0.49,11,0,0
82,26,388,44,43,67,0.44,11,0,0
82,27,230,416,18,29,0.34,11,0,0
82,28,548,37,60,60,0.29,11,0,0
82,29,804,270,13,25,0.29,11,0,0
82,30,894,145,13,33,0.27,11,0,0
83,1,384,381,64,103,0.85,4,0,0
83,2,615,250,94,59,0.82,4,0,0
83,3,309,603,108,69,0.82,4,0,0
83,4,0,255,66,50,0.78,4,0,0
83,5,840,219,101,50,0.77,4,0,0
83,6,403,260,54,87,0.71,4,0,0
83,7,430,160,46,69,0.65,4,0,0
83,8,185,139,64,62,0.63,4,0,0
83,9,699,194,91,52,0.48,4,0,0
83,10,652,485,43,46,0.41,4,0,0
83,11,227,421,18,29,0.36,1,0,0
83,12,1127,573,84,44,0.35,4,0,0
83,13,803,269,13,26,0.34,1,0,0
83,14,115,179,64,59,0.30,4,0,0
83,15,384,381,64,103,0.85,11,0,0
83,16,615,250,94,59,0.82,11,0,0
83,17,309,603,108,69,0.82,11,0,0
83,18,0,255,66,50,0.78,11,0,0
83,19,840,219,101,50,0.77,11,0,0
83,20,403,260,54,87,0.71,11,0,0
83,21,430,160,46,69,0.65,11,0,0
83,22,185,139,64,62,0.63,11,0,0
83,23,699,194,91,52,0.48,11,0,0
83,24,652,485,43,46,0.41,11,0,0
83,25,227,421,18,29,0.36,11,0,0
83,26,1127,573,84,44,0.35,11,0,0
83,27,803,269,13,26,0.34,11,0,0
83,28,115,179,64,59,0.30,11,0,0
84,1,383,385,64,102,0.86,4,0,0
84,2,0,257,65,49,0.80,4,0,0
84,3,610,249,95,59,0.80,4,0,0
84,4,295,611,109,63,0.79,4,0,0
84,5,840,221,101,50,0.73,4,0,0
84,6,403,262,53,87,0.71,4,0,0
84,7,185,140,62,63,0.63,4,0,0
84,8,428,166,48,69,0.49,4,0,0
84,9,696,196,95,51,0.38,4,0,0
84,10,381,61,47,69,0.34,4,0,0
84,11,227,428,17,28,0.34,1,0,0
84,12,1129,574,84,46,0.30,4,0,0
84,13,802,264,14,31,0.26,1,0,0
84,14,383,385,64,102,0.86,11,0,0
84,15,0,257,65,49,0.80,11,0,0
84,16,610,249,95,59,0.80,11,0,0
84,17,295,611,109,63,0.79,11,0,0
84,18,840,221,101,50,0.73,11,0,0
84,19,403,262,53,87,0.71,11,0,0
84,20,185,140,62,63,0.63,11,0,0
84,21,428,166,48,69,0.49,11,0,0
84,22,696,196,95,51,0.38,11,0,0
84,23,381,61,47,69,0.34,11,0,0
84,24,227,428,17,28,0.34,11,0,0
84,25,1129,574,84,46,0.30,11,0,0
84,26,802,264,14,31,0.26,11,0,0
85,1,382,388,65,103,0.88,4,0,0
85,2,840,223,100,50,0.81,4,0,0
85,3,606,247,95,60,0.80,4,0,0
85,4,0,259,64,49,0.76,4,0,0
85,5,402,262,54,89,0.71,4,0,0
85,6,281,618,107,59,0.65,4,0,0
85,7,183,142,64,63,0.62,4,0,0
85,8,225,433,18,29,0.54,1,0,0
85,9,801,263,13,34,0.47,1,0,0
85,10,428,169,47,72,0.44,4,0,0
85,11,113,181,65,61,0.33,4,0,0
85,12,382,388,65,103,0.88,11,0,0
85,13,840,223,100,50,0.81,11,0,0
85,14,606,247,95,60,0.80,11,0,0
85,15,0,259,64,49,0.76,11,0,0
85,16,402,262,54,89,0.71,11,0,0
85,17,281,618,107,59,0.65,11,0,0
85,18,183,142,64,63,0.62,11,0,0
85,19,225,433,18,29,0.54,11,0,0
85,20,801,263,13,34,0.47,11,0,0
85,21,428,169,47,72,0.44,11,0,0
85,22,113,181,65,61,0.33,11,0,0
86,1,382,391,65,103,0.88,4,0,0
86,2,841,223,100,51,0.84,4,0,0
86,3,605,246,93,60,0.79,4,0,0
86,4,0,259,64,49,0.78,4,0,0
86,5,403,265,53,87,0.73,4,0,0
86,6,183,143,63,63,0.64,4,0,0
86,7,270,622,112,64,0.52,4,0,0
86,8,800,263,14,32,0.48,1,0,0
86,9,224,433,16,33,0.47,1,0,0
86,10,428,173,46,71,0.32,4,0,0
86,11,54,180,124,64,0.30,4,0,0
86,12,113,182,65,61,0.26,4,0,0
86,13,558,33,56,45,0.25,4,0,0
86,14,382,391,65,103,0.88,11,0,0
86,15,841,223,100,51,0.84,11,0,0
86,16,605,246,93,60,0.79,11,0,0
86,17,0,259,64,49,0.78,11,0,0
86,18,403,265,53,87,0.73,11,0,0
86,19,183,143,63,63,0.64,11,0,0
86,20,270,622,112,64,0.52,11,0,0
86,21,800,263,14,32,0.48,11,0,0
86,22,224,433,16,33,0.47,11,0,0
86,23,428,173,46,71,0.32,11,0,0
86,24,54,180,124,64,0.30,11,0,0
86,25,113,182,65,61,0.26,11,0,0
86,26,558,33,56,45,0.25,11,0,0
87,1,383,392,64,104,0.85,4,0,0
87,2,604,245,95,61,0.82,4,0,0
87,3,841,224,101,50,0.82,4,0,0
87,4,0,259,65,50,0.77,4,0,0
87,5,403,266,54,86,0.68,4,0,0
87,6,184,145,63,60,0.58,4,0,0
87,7,799,263,15,32,0.52,1,0,0
87,8,273,623,105,69,0.44,4,0,0
87,9,560,33,56,67,0.36,4,0,0
87,10,224,436,17,34,0.31,1,0,0
87,11,55,181,124,64,0.26,4,0,0
87,12,383,392,64,104,0.85,11,0,0
87,13,604,245,95,61,0.82,11,0,0
87,14,841,224,101,50,0.82,11,0,0
87,15,0,259,65,50,0.77,11,0,0
87,16,403,266,54,86,0.68,11,0,0
87,17,184,145,63,60,0.58,11,0,0
87,18,799,263,15,32,0.52,11,0,0
87,19,273,623,105,69,0.44,11,0,0
87,20,560,33,56,67,0.36,11,0,0
87,21,224,436,17,34,0.31,11,0,0
87,22,55,181,124,64,0.26,11,0,0
88,1,415,388,65,106,0.86,4,0,0
88,2,637,240,88,64,0.82,4,0,0
88,3,880,235,102,50,0.81,4,0,0
88,4,271,614,110,76,0.78,4,0,0
88,5,0,239,112,49,0.65,4,0,0
88,6,227,131,67,61,0.58,4,0,0
88,7,464,173,51,70,0.58,4,0,0
88,8,410,87,52,70,0.54,4,0,0
88,9,105,165,118,64,0.44,4,0,0
88,10,840,262,12,28,0.43,1,0,0
88,11,440,259,56,85,0.36,4,0,0
88,12,738,203,94,55,0.33,4,0,0
88,13,415,388,65,106,0.86,11,0,0
88,14,637,240,88,64,0.82,11,0,0
88,15,880,235,102,50,0.81,11,0,0
88,16,271,614,110,76,0.78,11,0,0
88,17,0,239,112,49,0.65,11,0,0
88,18,227,131,67,61,0.58,11,0,0
88,19,464,173,51,70,0.58,11,0,0
88,20,410,87,52,70,0.54,11,0,0
88,21,105,165,118,64,0.44,11,0,0
88,22,840,262,12,28,0.43,11,0,0
88,23,440,259,56,85,0.36,11,0,0
88,24,738,203,94,55,0.33,11,0,0
89,1,419,390,67,104,0.86,4,0,0
89,2,641,238,88,63,0.80,4,0,0
89,3,242,131,63,57,0.79,4,0,0
89,4,268,618,108,76,0.75,4,0,0
89,5,889,236,103,51,0.74,4,0,0
89,6,450,258,54,83,0.68,4,0,0
89,7,116,159,117,66,0.65,4,0,0
89,8,475,171,50,70,0.40,4,0,0
89,9,422,94,50,70,0.37,4,0,0
89,10,11,236,112,47,0.31,4,0,0
89,11,850,260,13,29,0.29,1,0,0
89,12,419,390,67,104,0.86,11,0,0
89,13,641,238,88,63,0.80,11,0,0
89,14,242,131,63,57,0.79,11,0,0
89,15,268,618,108,76,0.75,11,0,0
89,16,889,236,103,51,0.74,11,0,0
89,17,450,258,54,83,0.68,11,0,0
89,18,116,159,117,66,0.65,11,0,0
89,19,475,171,50,70,0.40,11,0,0
89,20,422,94,50,70,0.37,11,0,0
89,21,11,236,112,47,0.31,11,0,0
89,22,850,260,13,29,0.29,11,0,0
90,1,418,392,67,104,0.84,4,0,0
90,2,889,236,102,50,0.77,4,0,0
90,3,640,235,85,64,0.74,4,0,0
90,4,252,622,116,81,0.74,4,0,0
90,5,116,159,118,65,0.70,4,0,0
90,6,241,129,62,59,0.63,4,0,0
90,7,450,259,53,82,0.50,4,0,0
90,8,741,204,99,52,0.43,4,0,0
90,9,416,97,53,72,0.43,4,0,0
90,10,475,169,49,71,0.36,4,0,0
90,11,0,458,21,41,0.35,4,0,0
90,12,1,234,118,49,0.25,4,0,0
90,13,418,392,67,104,0.84,11,0,0
90,14,889,236,102,50,0.77,11,0,0
90,15,640,235,85,64,0.74,11,0,0
90,16,252,622,116,81,0.74,11,0,0
90,17,116,159,118,65,0.70,11,0,0
90,18,241,129,62,59,0.63,11,0,0
90,19,450,259,53,82,0.50,11,0,0
90,20,741,204,99,52,0.43,11,0,0
90,21,416,97,53,72,0.43,11,0,0
90,22,475,169,49,71,0.36,11,0,0
90,23,0,458,21,41,0.35,11,0,0
90,24,1,234,118,49,0.25,11,0,0
91,1,418,393,67,105,0.85,4,0,0
91,2,246,624,116,91,0.80,4,0,0
91,3,414,105,55,70,0.78,4,0,0
91,4,890,236,103,52,0.74,4,0,0
91,5,450,258,54,84,0.73,4,0,0
91,6,640,232,83,63,0.71,4,0,0
91,7,243,128,61,60,0.68,4,0,0
91,8,115,159,120,64,0.63,4,0,0
91,9,476,169,49,71,0.62,4,0,0
91,10,16,236,105,47,0.50,4,0,0
91,11,0,457,22,41,0.39,4,0,0
91,12,418,393,67,105,0.85,11,0,0
91,13,246,624,116,91,0.80,11,0,0
91,14,414,105,55,70,0.78,11,0,0
91,15,890,236,103,52,0.74,11,0,0
91,16,450,258,54,84,0.73,11,0,0
91,17,640,232,83,63,0.71,11,0,0
91,18,243,128,61,60,0.68,11,0,0
91,19,115,159,120,64,0.63,11,0,0
91,20,476,169,49,71,0.62,11,0,0
91,21,16,236,105,47,0.50,11,0,0
91,22,0,457,22,41,0.39,11,0,0
92,1,425,395,68,104,0.82,4,0,0
92,2,244,627,115,91,0.81,4,0,0
92,3,644,226,80,65,0.79,4,0,0
92,4,27,232,105,43,0.72,4,0,0
92,5,485,169,50,71,0.72,4,0,0
92,6,897,240,105,50,0.71,4,0,0
92,7,421,111,53,70,0.68,4,0,0
92,8,455,258,58,84,0.64,4,0,0
92,9,252,125,61,61,0.61,4,0,0
92,10,128,157,117,62,0.58,4,0,0
92,11,759,203,90,55,0.46,4,0,0
92,12,0,203,50,64,0.29,4,0,0
92,13,425,395,68,104,0.82,11,0,0
92,14,244,627,115,91,0.81,11,0,0
92,15,644,226,80,65,0.79,11,0,0
92,16,27,232,105,43,0.72,11,0,0
92,17,485,169,50,71,0.72,11,0,0
92,18,897,240,105,50,0.71,11,0,0
92,19,421,111,53,70,0.68,11,0,0
92,20,455,258,58,84,0.64,11,0,0
92,21,252,125,61,61,0.61,11,0,0
92,22,128,157,117,62,0.58,11,0,0
92,23,759,203,90,55,0.46,11,0,0
92,24,0,203,50,64,0.29,11,0,0
92,25,627,69,13,28,0.27,11,0,0
93,1,449,393,69,103,0.77,4,0,0
93,2,256,626,112,92,0.63,4,0,0
93,3,0,341,46,63,0.63,4,0,0
93,4,484,254,59,84,0.59,4,0,0
93,5,665,224,88,65,0.58,4,0,0
93,6,921,246,115,55,0.53,4,0,0
93,7,167,149,113,58,0.46,4,0,0
93,8,444,117,61,74,0.43,4,0,0
93,9,239,111,107,69,0.36,4,0,0
93,10,517,166,51,68,0.33,4,0,0
93,11,1205,641,74,44,0.30,4,0,0
93,12,22,196,146,66,0.28,4,0,0
93,13,449,393,69,103,0.77,11,0,0
93,14,256,626,112,92,0.63,11,0,0
93,15,0,341,46,63,0.63,11,0,0
93,16,484,254,59,84,0.59,11,0,0
93,17,665,224,88,65,0.58,11,0,0
93,18,921,246,115,55,0.53,11,0,0
93,19,167,149,113,58,0.46,11,0,0
93,20,444,117,61,74,0.43,11,0,0
93,21,239,111,107,69,0.36,11,0,0
93,22,517,166,51,68,0.33,11,0,0
93,23,1205,641,74,44,0.30,11,0,0
93,24,22,196,146,66,0.28,11,0,0
