1,6,761,483,26,44,1,10,0,0
1,7,626,237,40,57,1,4,0,0
1,8,605,151,39,49,1,4,0,0
1,69,593,456,55,101,1,4,0,0
1,71,646,333,49,70,1,4,0,0
1,72,562,255,46,64,1,4,0,0
1,75,365,121,52,43,1,4,0,1
1,123,606,621,69,127,1,4,1,0
1,124,709,639,79,116,1,4,0,0
1,125,672,451,65,103,1,4,0,0
1,126,564,348,52,79,1,4,0,0
1,127,553,206,35,47,1,4,0,0
1,128,549,145,33,40,1,4,0,0
1,129,642,100,36,39,1,4,0,0
1,130,378,189,42,55,1,4,0,0
1,131,303,377,26,35,1,1,0,0
1,132,896,643,14,36,1,1,0,0
1,133,862,577,19,31,1,1,0,0
1,134,139,0,57,19,1,4,0,1
1,135,24,320,25,26,1,2,0,0
1,136,15,339,26,19,1,2,0,0
1,137,865,605,20,30,0,11,0,0
1,138,868,611,15,20,1,2,0,0
1,139,673,57,10,17,1,2,0,1
1,140,675,63,8,17,1,10,0,1
1,141,296,0,57,17,1,4,1,0
2,6,755,463,26,44,1,10,0,0
2,7,625,238,40,57,1,4,0,0
2,8,605,152,39,49,1,4,0,0
2,69,593,458,55,101,1,4,0,0
2,71,646,333,48,69,1,4,0,0
2,72,562,258,46,64,1,4,0,0
2,75,369,128,52,43,1,4,0,1
2,123,606,623,69,125,1,4,1,0
2,124,709,640,79,114,1,4,0,0
2,125,671,450,65,102,1,4,0,0
2,126,565,350,52,79,1,4,0,0
2,127,553,209,35,47,1,4,0,0
2,128,547,145,34,40,1,4,0,0
2,129,641,96,36,39,1,4,0,0
2,130,379,200,42,55,1,4,0,0
2,131,304,376,26,35,1,1,0,0
2,132,898,650,15,36,1,1,0,0
2,133,863,580,19,31,1,1,0,0
2,134,124,3,57,19,1,4,0,1
2,135,25,322,25,26,1,2,0,0
2,136,15,339,26,19,1,2,0,0
2,137,865,605,20,30,0,11,0,0
2,138,868,611,15,20,1,2,0,0
2,139,673,60,10,17,1,2,0,1
2,140,675,66,8,17,1,10,0,1
2,141,286,0,57,21,1,4,1,0
3,6,749,444,26,44,1,10,0,0
3,7,625,239,40,57,1,4,0,0
3,8,605,154,39,49,1,4,0,0
3,69,594,461,55,101,1,4,0,0
3,71,646,333,48,69,1,4,0,0
3,72,562,261,46,64,1,4,0,0
3,75,374,136,52,43,1,4,0,1
3,123,607,625,69,124,1,4,1,0
3,124,711,643,79,111,1,4,0,0
3,125,671,450,64,101,1,4,0,0
3,126,566,352,52,79,1,4,0,0
3,127,553,212,35,47,1,4,0,0
3,128,546,145,35,40,1,4,0,0
3,129,640,92,36,39,1,4,0,0
3,130,381,211,42,55,1,4,0,0
3,131,305,375,26,35,1,1,0,0
3,132,900,657,16,36,1,1,0,0
3,133,865,587,19,31,1,1,0,0
3,134,109,7,57,19,1,4,0,1
3,135,26,325,25,26,1,2,0,0
3,136,16,341,26,19,1,2,0,0
3,137,869,612,20,30,0,11,0,0
3,138,873,618,15,20,1,2,0,0
3,139,674,63,10,17,1,2,0,1
3,140,676,69,8,17,1,10,0,1
3,141,276,2,58,23,1,4,1,0
4,6,744,425,26,44,1,10,0,0
4,7,625,241,40,57,1,4,0,0
4,8,606,156,39,49,1,4,0,0
4,69,594,464,55,101,1,4,0,0
4,71,646,333,48,69,1,4,0,0
4,72,562,264,46,64,1,4,0,0
4,75,379,144,52,43,1,4,0,0
4,123,607,627,69,123,1,4,1,0
4,124,713,646,79,108,1,4,0,0
4,125,670,449,64,101,1,4,0,0
4,126,567,354,52,79,1,4,0,0
4,127,553,215,35,47,1,4,0,0
4,128,545,146,35,39,1,4,0,0
4,129,639,89,36,39,1,4,0,0
4,130,383,223,42,55,1,4,0,0
4,131,306,375,26,35,1,1,0,0
4,132,903,665,16,35,1,1,0,0
4,133,868,595,19,31,1,1,0,0
4,134,81,15,56,19,1,4,0,1
4,135,28,328,24,25,1,2,0,0
4,136,17,344,26,19,1,2,0,0
4,137,874,620,20,30,0,11,0,0
4,138,879,625,15,20,1,2,0,0
4,139,675,66,10,17,1,2,0,1
4,140,677,73,8,17,1,10,0,1
4,141,267,6,58,23,1,4,1,0
5,6,739,409,26,42,1,10,0,0
5,7,625,242,39,54,1,4,0,0
5,8,605,158,39,49,1,4,0,0
5,69,595,467,55,101,1,4,0,0
5,71,646,333,48,69,1,4,0,0
5,72,563,266,46,64,1,4,0,0
5,75,383,152,50,45,1,4,0,0
5,123,608,629,69,121,1,4,1,0
5,124,714,648,78,105,1,4,0,0
5,125,670,449,64,100,1,4,0,0
5,126,567,356,52,79,1,4,0,0
5,127,554,217,35,47,1,4,0,0
5,128,544,146,36,39,1,4,0,0
5,129,637,86,36,39,1,4,0,0
5,130,385,235,43,57,1,4,0,0
5,131,308,374,26,35,1,1,0,0
5,132,906,672,16,34,1,1,0,0
5,133,870,602,21,31,1,1,0,0
5,134,40,28,53,20,1,4,0,1
5,135,29,330,25,26,1,2,0,0
5,136,18,347,26,19,1,2,0,0
5,137,878,628,20,29,0,11,0,0
5,138,882,632,15,20,1,2,0,0
5,139,675,69,10,17,1,2,0,1
5,140,676,73,10,20,1,10,0,1
5,141,257,10,59,24,1,4,1,0
6,6,737,401,25,41,1,10,0,0
6,7,626,243,38,53,1,4,0,0
6,8,605,159,39,49,1,4,0,0
6,69,595,468,55,101,1,4,0,0
6,71,646,333,48,69,1,4,0,0
6,72,564,268,46,64,1,4,0,0
6,75,386,156,48,46,1,4,0,0
6,123,608,630,69,121,1,4,1,0
6,124,714,650,78,103,1,4,0,0
6,125,670,449,63,99,1,4,0,0
6,126,568,357,51,79,1,4,0,0
6,127,555,218,35,47,1,4,0,0
6,128,544,146,36,39,1,4,0,0
6,129,636,85,36,39,1,4,0,0
6,130,387,241,42,58,1,4,0,0
6,131,308,374,26,35,1,1,0,0
6,132,908,676,16,34,1,1,0,0
6,133,871,606,22,30,1,1,0,0
6,134,20,35,51,20,1,4,0,1
6,135,30,332,24,25,1,2,0,0
6,136,18,348,26,19,1,2,0,0
6,137,880,633,20,27,0,11,0,0
6,138,883,636,15,20,1,2,0,0
6,139,676,71,10,17,1,2,0,1
6,140,676,73,10,22,1,10,0,1
6,141,253,12,59,24,1,4,1,0
7,6,732,385,26,40,1,10,0,0
7,7,627,245,37,50,1,4,0,0
7,8,605,161,39,49,1,4,0,0
7,69,596,471,55,101,1,4,0,0
7,71,646,333,48,69,1,4,0,0
7,72,566,271,46,64,1,4,0,0
7,75,391,165,45,47,1,4,0,0
7,123,609,633,69,118,1,4,1,0
7,124,716,653,76,100,1,4,0,0
7,125,669,448,64,99,1,4,0,0
7,126,569,359,50,79,1,4,0,0
7,127,557,220,35,47,1,4,0,0
7,128,543,147,37,39,1,4,0,0
7,129,634,83,36,39,1,4,0,0
7,130,390,253,43,61,1,4,0,0
7,131,310,374,26,35,1,1,0,0
7,132,912,684,16,33,1,1,0,0
7,133,874,614,23,30,1,1,0,0
7,134,2,45,51,20,1,4,0,1
7,135,32,335,24,25,1,2,0,0
7,136,20,351,26,19,1,2,0,0
7,137,885,642,19,26,0,11,0,0
7,138,887,644,15,20,1,2,0,0
7,139,677,75,10,17,1,2,0,1
7,140,676,73,12,26,1,10,0,1
7,141,244,17,59,24,1,4,1,0
8,6,727,369,26,39,1,10,0,0
8,7,627,246,35,58,1,4,0,0
8,8,608,163,38,48,1,4,0,0
8,69,596,474,55,101,1,4,0,0
8,71,646,333,47,68,1,4,0,0
8,72,566,274,46,64,1,4,0,0
8,75,394,173,45,48,1,4,0,0
8,123,609,635,69,117,1,4,1,0
8,124,717,656,75,97,1,4,0,0
8,125,669,448,63,98,1,4,0,0
8,126,572,361,50,79,1,4,0,0
8,127,557,222,35,47,1,4,0,0
8,128,543,146,37,38,1,4,0,0
8,129,633,80,36,39,1,4,0,0
8,130,390,267,45,65,1,4,0,0
8,131,310,374,26,35,1,1,0,0
8,132,915,691,16,33,1,1,0,0
8,133,878,622,22,30,1,1,0,0
8,134,8,52,53,19,1,4,0,1
8,135,33,338,24,25,1,2,0,0
8,136,21,354,26,19,1,2,0,0
8,137,888,650,19,26,0,11,0,0
8,138,891,652,15,20,1,2,0,0
8,139,677,78,10,17,1,2,0,1
8,140,676,76,12,26,1,10,0,1
8,141,233,21,59,24,1,4,1,0
9,6,723,353,25,37,1,10,0,0
9,7,626,247,38,56,1,4,0,0
9,8,608,164,38,47,1,4,0,0
9,69,597,477,55,101,1,4,0,0
9,71,646,333,47,68,1,4,0,0
9,72,566,277,46,64,1,4,0,0
9,75,397,182,45,49,1,4,0,0
9,123,610,637,69,116,1,4,1,0
9,124,718,659,74,94,1,4,0,0
9,125,669,448,62,97,1,4,0,0
9,126,571,364,50,79,1,4,0,0
9,127,557,222,35,47,1,4,0,0
9,128,540,146,38,37,1,4,0,0
9,129,631,78,36,39,1,4,0,0
9,130,391,280,47,67,1,4,0,0
9,131,310,374,26,35,1,1,0,0
9,132,918,699,16,33,1,1,0,0
9,133,882,630,21,31,1,1,0,0
9,134,4,52,46,19,1,4,0,1
9,135,34,341,24,25,1,2,0,0
9,136,22,357,26,19,1,2,0,0
9,137,892,659,19,26,0,11,0,0
9,138,895,660,15,20,1,2,0,0
9,139,677,81,10,17,1,2,0,1
9,140,677,79,12,26,1,10,0,1
9,141,223,26,59,24,1,4,1,0
10,6,719,338,24,37,1,10,0,0
10,7,626,249,40,54,1,4,0,0
10,8,608,166,38,45,1,4,0,0
10,69,597,480,55,101,1,4,0,0
10,71,646,333,47,68,1,4,0,0
10,72,567,280,46,64,1,4,0,0
10,75,401,191,44,50,1,4,0,0
10,123,611,639,69,114,1,4,1,0
10,124,720,662,73,91,1,4,0,0
10,125,668,447,63,96,1,4,0,0
10,126,571,368,50,79,1,4,0,0
10,127,557,223,35,47,1,4,0,0
10,128,536,145,40,37,1,4,0,0
10,129,630,76,36,39,1,4,0,0
10,130,393,294,49,69,1,4,0,0
10,131,310,374,26,35,1,1,0,0
10,132,922,707,16,33,1,1,0,0
10,133,886,638,21,32,1,1,0,0
10,134,1,52,39,19,1,4,0,1
10,135,36,344,24,25,1,2,0,0
10,136,24,360,26,19,1,2,0,0
10,137,896,668,19,26,0,11,0,0
10,138,900,668,15,20,1,2,0,0
10,139,678,85,10,17,1,2,0,1
10,140,677,82,12,26,1,10,0,1
10,141,213,31,59,24,1,4,1,0
10,142,391,9,8,13,1,2,0,1
10,143,393,11,8,18,1,10,0,1
11,6,716,326,22,37,1,10,0,0
11,7,627,250,40,54,1,4,0,0
11,8,608,167,38,45,1,4,0,0
11,69,598,483,55,101,1,4,0,0
11,71,646,333,47,68,1,4,0,0
11,72,567,283,46,64,1,4,0,0
11,75,403,201,43,49,1,4,0,0
11,123,611,641,69,113,1,4,1,0
11,124,720,666,73,87,1,4,0,0
11,125,668,447,62,95,1,4,0,0
11,126,572,370,50,79,1,4,0,0
11,127,556,221,35,47,1,4,0,0
11,128,533,145,41,36,1,4,0,0
11,129,630,76,33,36,1,4,0,0
11,130,395,309,48,71,1,4,0,0
11,131,310,374,26,35,1,1,0,0
11,132,923,715,17,31,1,1,0,0
11,133,889,645,21,32,1,1,0,0
11,134,0,53,34,19,1,4,0,1
11,135,36,347,24,25,1,2,0,0
11,136,25,363,26,19,1,2,0,0
11,137,900,673,18,27,0,11,0,0
11,138,903,674,15,20,1,2,0,0
11,139,678,88,10,17,1,2,0,1
11,140,678,85,12,26,1,10,0,1
11,141,202,35,59,24,1,4,1,0
11,142,391,18,8,13,1,2,0,1
11,143,392,18,8,18,1,10,0,1
12,6,713,314,20,36,1,10,0,0
12,7,628,251,40,54,1,4,0,0
12,8,608,169,38,45,1,4,0,0
12,69,599,486,55,101,1,4,0,0
12,71,646,333,47,68,1,4,0,0
12,72,568,286,46,64,1,4,0,0
12,75,405,211,42,49,1,4,0,0
12,123,612,644,68,110,1,4,1,0
12,124,720,670,73,83,1,4,0,0
12,125,668,447,62,94,1,4,0,0
12,126,573,373,50,79,1,4,0,0
12,127,556,220,35,47,1,4,0,0
12,128,530,145,43,35,1,4,0,0
12,129,631,76,30,34,1,4,0,0
12,130,397,325,48,72,1,4,0,0
12,131,311,375,26,35,1,1,0,0
12,133,893,652,21,32,1,1,0,0
12,134,0,54,32,19,1,4,0,1
12,135,36,350,24,25,1,2,0,0
12,136,26,366,26,19,1,2,0,0
12,137,904,679,18,28,0,11,0,0
12,138,906,681,15,20,1,2,0,0
12,139,679,92,10,17,1,2,0,1
12,140,679,89,12,26,1,10,0,1
12,141,192,39,59,24,1,4,1,0
12,142,391,27,8,13,1,2,0,1
12,143,392,26,8,18,1,10,0,1
13,6,711,308,20,36,1,10,0,0
13,7,627,251,40,54,1,4,0,0
13,8,607,169,38,45,1,4,0,0
13,69,599,488,55,101,1,4,0,0
13,71,646,333,47,68,1,4,0,0
13,72,568,287,46,64,1,4,0,0
13,75,406,216,42,49,1,4,0,0
13,123,612,645,68,109,1,4,1,0
13,124,720,672,73,81,1,4,0,0
13,125,668,447,62,93,1,4,0,0
13,126,573,375,50,79,1,4,0,0
13,127,556,220,35,47,1,4,0,0
13,128,528,144,43,35,1,4,0,0
13,129,631,76,29,33,1,4,0,0
13,130,398,333,48,72,1,4,0,0
13,131,311,375,26,35,1,1,0,0
13,133,895,656,21,32,1,1,0,0
13,134,0,55,31,19,1,4,0,1
13,135,37,352,24,25,1,2,0,0
13,136,26,368,26,19,1,2,0,0
13,137,905,683,18,28,0,11,0,0
13,138,907,685,15,20,1,2,0,0
13,139,679,93,10,17,1,2,0,1
13,140,679,90,12,26,1,10,0,1
13,141,187,41,59,24,1,4,1,0
13,142,390,30,8,13,1,2,0,1
13,143,391,29,8,18,1,10,0,1
14,6,708,296,18,36,1,10,0,0
14,7,627,253,39,54,1,4,0,0
14,8,607,170,38,45,1,4,0,0
14,69,599,492,55,101,1,4,0,0
14,71,646,333,47,68,1,4,0,0
14,72,568,289,46,64,1,4,0,0
14,75,408,226,41,51,1,4,0,0
14,123,612,648,68,106,1,4,1,0
14,124,721,675,72,78,1,4,0,0
14,125,668,447,62,92,1,4,0,0
14,126,573,379,50,79,1,4,0,0
14,127,556,218,35,47,1,4,0,0
14,128,524,144,44,35,1,4,0,0
14,129,631,77,27,30,1,4,0,0
14,130,399,350,48,74,1,4,0,0
14,131,311,375,26,35,1,1,0,0
14,133,900,664,21,32,1,1,0,0
14,135,37,355,24,25,1,2,0,0
14,136,27,371,26,19,1,2,0,0
14,137,907,693,20,27,0,11,0,0
14,138,910,694,15,21,1,2,0,0
14,139,679,97,10,17,1,2,0,1
14,140,680,94,12,26,1,10,0,1
14,141,176,46,59,24,1,4,1,0
14,142,389,36,8,13,1,2,0,1
14,143,389,36,8,18,1,10,0,1
15,6,705,286,17,35,1,10,0,0
15,7,627,255,38,53,1,4,0,0
15,8,606,171,38,45,1,4,0,0
15,69,600,496,55,101,1,4,0,0
15,71,644,333,47,68,1,4,0,0
15,72,568,291,46,64,1,4,0,0
15,75,410,238,39,53,1,4,0,0
15,123,612,650,68,104,1,4,1,0
15,124,722,678,69,75,1,4,0,0
15,125,667,447,62,92,1,4,0,0
15,126,573,383,50,79,1,4,0,0
15,127,556,217,35,47,1,4,0,0
15,128,520,143,44,35,1,4,0,0
15,129,629,77,29,30,1,4,0,0
15,130,399,368,48,78,1,4,0,0
15,131,311,375,26,35,1,1,0,0
15,133,904,672,21,32,1,1,0,0
15,135,37,358,24,25,1,2,0,0
15,136,28,374,26,19,1,2,0,0
15,137,909,702,21,26,0,11,0,0
15,138,913,702,15,22,1,2,0,0
15,139,679,100,10,17,1,2,0,1
15,140,680,98,12,26,1,10,0,1
15,141,165,50,59,24,1,4,1,0
15,142,387,42,8,13,1,2,0,1
15,143,387,42,8,18,1,10,0,1
16,6,702,278,17,33,1,10,0,0
16,7,626,257,38,52,1,4,0,0
16,8,605,172,38,45,1,4,0,0
16,69,600,500,55,101,1,4,0,0
16,71,644,336,47,64,1,4,0,0
16,72,567,294,46,64,1,4,0,0
16,75,410,250,39,54,1,4,0,0
16,123,612,654,68,100,1,4,1,0
16,124,722,682,68,71,1,4,0,0
16,125,667,447,62,92,1,4,0,0
16,126,573,387,50,79,1,4,0,0
16,127,555,216,35,47,1,4,0,0
16,128,514,142,46,35,1,4,0,0
16,129,627,76,30,30,1,4,0,0
16,130,399,388,48,81,1,4,0,0
16,131,311,375,26,35,1,1,0,0
16,133,908,682,21,33,1,1,0,0
16,135,38,362,24,25,1,2,0,0
16,136,28,378,26,19,1,2,0,0
16,137,912,712,22,26,0,11,0,0
16,138,917,712,15,22,1,2,0,0
16,139,680,104,10,17,1,2,0,1
16,140,681,102,12,26,1,10,0,1
16,141,154,55,59,24,1,4,1,0
16,142,386,49,8,13,1,2,0,1
16,143,386,50,8,18,1,10,0,1
16,144,889,11,24,22,1,5,0,1
17,6,699,270,17,32,1,10,0,0
17,7,626,259,37,50,1,4,0,0
17,8,605,173,38,45,1,4,0,0
17,69,600,504,55,101,1,4,0,0
17,71,644,339,46,64,1,4,0,0
17,72,567,297,46,64,1,4,0,0
17,75,408,263,39,54,1,4,0,0
17,123,613,660,68,94,1,4,1,0
17,124,722,688,68,66,1,4,0,0
17,125,666,447,62,92,1,4,0,0
17,126,573,391,50,79,1,4,0,0
17,127,555,216,35,45,1,4,0,0
17,128,506,141,48,35,1,4,0,0
17,129,625,76,30,30,1,4,0,0
17,130,399,408,48,85,1,4,0,0
17,131,311,375,26,35,1,1,0,0
17,133,911,694,20,35,1,1,0,0
17,135,38,366,24,25,1,2,0,0
17,136,26,382,26,19,1,2,0,0
17,137,916,723,22,26,0,11,0,0
17,138,921,723,15,22,1,2,0,0
17,139,680,109,10,17,1,2,0,1
17,140,681,107,12,26,1,10,0,1
17,141,143,59,59,24,1,4,1,0
17,142,385,57,8,13,1,2,0,1
17,143,385,58,8,18,1,10,0,1
17,144,888,15,24,22,1,5,0,1
18,6,697,262,16,31,1,10,0,0
18,7,626,261,38,49,1,4,0,0
18,8,606,174,38,45,1,4,0,0
18,69,602,508,55,101,1,4,0,0
18,71,645,338,46,62,1,4,0,0
18,72,568,300,46,64,1,4,0,0
18,75,409,276,38,56,1,4,0,0
18,123,613,665,69,89,1,4,1,0
18,124,722,693,68,61,1,4,0,0
18,125,666,448,61,91,1,4,0,0
18,126,574,395,50,79,1,4,0,0
18,127,555,216,34,43,1,4,0,0
18,128,500,141,49,35,1,4,0,0
18,129,625,75,30,30,1,4,0,0
18,130,398,430,50,88,1,4,0,0
18,131,313,376,26,35,1,1,0,0
18,133,915,706,20,33,1,1,0,0
18,135,37,369,24,25,1,2,0,0
18,136,25,385,26,19,1,2,0,0
18,139,681,113,10,17,1,2,0,1
18,140,682,111,12,26,1,10,0,1
18,141,132,63,59,24,1,4,1,1
18,142,384,65,8,13,1,2,0,1
18,143,384,67,8,18,1,10,0,1
18,144,889,19,24,22,1,5,0,1
18,145,776,4,37,22,1,4,0,0
18,146,847,1,44,15,1,4,1,0
19,6,694,255,16,31,1,10,0,0
19,7,628,263,38,49,1,4,0,0
19,8,608,176,38,45,1,4,0,0
19,69,604,513,55,101,1,4,0,0
19,71,645,340,46,62,1,4,0,0
19,72,570,303,46,64,1,4,0,0
19,75,411,289,38,60,1,4,0,0
19,124,723,697,68,57,1,4,0,0
19,125,666,450,61,90,1,4,0,0
19,126,576,399,50,79,1,4,0,0
19,127,555,216,34,41,1,4,0,0
19,128,496,142,49,35,1,4,0,0
19,129,625,74,30,30,1,4,0,0
19,130,398,452,51,94,1,4,0,0
19,131,315,378,26,35,1,1,0,0
19,133,920,718,20,28,1,1,0,0
19,135,37,373,24,25,1,2,0,0
19,136,25,389,26,19,1,2,0,0
19,139,683,117,10,17,1,2,0,1
19,140,684,115,12,26,1,10,0,1
19,141,122,67,59,24,1,4,1,1
19,142,384,73,8,13,1,2,0,1
19,143,384,75,8,18,1,10,0,1
19,144,891,22,24,22,1,5,0,1
19,145,778,8,36,22,1,4,0,0
19,146,849,3,44,16,1,4,1,0
19,147,404,0,27,31,1,4,0,0
19,155,433,5,24,29,1,4,0,0
20,6,692,248,16,31,1,10,0,0
20,7,628,263,38,50,1,4,0,0
20,8,608,176,38,45,1,4,0,0
20,69,606,519,55,101,1,4,0,0
20,71,645,342,46,64,1,4,0,0
20,72,570,303,46,64,1,4,0,0
20,75,410,303,38,63,1,4,0,0
20,124,721,699,68,55,1,4,0,0
20,125,666,451,61,90,1,4,0,0
20,126,576,404,50,79,1,4,0,0
20,127,555,214,34,41,1,4,0,0
20,128,489,141,49,33,1,4,0,0
20,129,625,72,31,31,1,4,0,0
20,130,395,479,53,99,1,4,0,0
20,131,315,380,26,35,1,1,0,0
20,135,37,377,24,25,1,2,0,0
20,136,25,393,26,19,1,2,0,0
20,139,685,120,10,17,1,2,0,1
20,140,685,119,12,26,1,10,0,1
20,141,110,72,59,24,1,4,1,1
20,142,383,81,8,13,1,2,0,1
20,143,383,83,8,18,1,10,0,1
20,144,893,26,24,22,1,5,0,1
20,145,779,11,37,23,1,4,0,0
20,146,850,5,44,18,1,4,1,0
20,147,405,6,25,29,1,4,0,0
20,155,434,11,24,29,1,4,0,0
21,6,689,242,16,31,1,10,0,0
21,7,629,264,38,50,1,4,0,0
21,8,609,177,38,45,1,4,0,0
21,69,605,525,55,101,1,4,0,0
21,71,645,344,46,62,1,4,0,0
21,72,570,304,46,64,1,4,0,0
21,75,410,317,37,66,1,4,0,0
21,124,720,701,68,53,1,4,0,0
21,125,666,452,60,90,1,4,0,0
21,126,577,409,50,79,1,4,0,0
21,127,556,212,34,41,1,4,0,0
21,128,483,141,48,31,1,4,0,0
21,129,625,71,31,30,1,4,0,0
21,130,393,506,54,105,1,4,0,0
21,131,316,382,26,35,1,1,0,0
21,135,36,381,24,25,1,2,0,0
21,136,24,397,26,19,1,2,0,0
21,139,687,124,10,17,1,2,0,1
21,140,687,123,12,26,1,10,0,1
21,141,100,77,58,24,1,4,1,1
21,142,383,89,8,13,1,2,0,1
21,143,383,91,8,19,1,10,0,1
21,144,895,29,24,22,1,5,0,1
21,145,781,15,36,23,1,4,0,0
21,146,852,7,44,19,1,4,1,0
21,147,406,13,24,27,1,4,0,0
21,155,436,17,23,29,1,4,0,0
22,6,688,238,16,31,1,10,0,0
22,7,630,265,38,50,1,4,0,0
22,8,610,178,38,45,1,4,0,0
22,37,472,1,23,30,1,4,0,0
22,69,605,528,55,101,1,4,0,0
22,71,645,345,46,62,1,4,0,0
22,72,570,305,46,64,1,4,0,0
22,75,410,325,37,67,1,4,0,0
22,125,666,453,60,90,1,4,0,0
22,126,578,412,50,79,1,4,0,0
22,127,557,212,34,41,1,4,0,0
22,128,480,141,48,30,1,4,0,0
22,129,626,70,30,31,1,4,0,0
22,130,392,520,55,108,1,4,0,0
22,131,317,383,26,35,1,1,0,0
22,135,36,383,24,25,1,2,0,0
22,136,24,399,26,19,1,2,0,0
22,139,688,126,10,17,1,2,0,1
22,140,688,125,12,26,1,10,0,1
22,141,96,79,57,24,1,4,1,1
22,142,382,93,8,13,1,2,0,1
22,143,382,95,8,19,1,10,0,1
22,144,896,31,24,22,1,5,0,1
22,145,782,17,36,23,1,4,0,0
22,146,853,9,44,19,1,4,1,0
22,147,407,17,23,26,1,4,0,0
22,148,929,1,28,21,1,4,0,0
22,155,437,20,23,29,1,4,0,0
23,6,686,232,16,31,1,10,0,0
23,7,629,265,38,50,1,4,0,0
23,8,610,178,36,45,1,4,0,0
23,37,472,6,23,30,1,4,0,0
23,69,604,535,55,101,1,4,0,0
23,71,643,345,46,62,1,4,0,0
23,72,570,305,46,64,1,4,0,0
23,75,406,340,39,71,1,4,0,0
23,125,666,454,60,90,1,4,0,0
23,126,577,416,50,79,1,4,0,0
23,127,552,209,36,40,1,4,0,0
23,128,471,140,48,30,1,4,0,0
23,129,626,69,31,31,1,4,0,0
23,130,387,553,57,113,1,4,0,0
23,131,317,384,26,35,1,1,0,0
23,135,36,386,24,25,1,2,0,0
23,136,24,402,26,19,1,2,0,0
23,139,688,129,10,17,1,2,0,1
23,140,688,128,12,26,1,10,0,1
23,141,87,84,56,24,1,4,1,1
23,142,382,101,8,13,1,2,0,1
23,143,382,103,8,19,1,10,0,1
23,144,896,35,24,22,1,5,0,1
23,145,783,19,36,23,1,4,0,0
23,146,854,11,44,19,1,4,1,0
23,147,406,23,23,26,1,4,0,0
23,148,930,3,28,21,1,4,0,0
23,155,438,25,23,30,1,4,0,0
24,6,684,225,16,31,1,10,0,0
24,7,629,265,38,50,1,4,0,0
24,8,610,179,34,44,1,4,0,0
24,37,472,11,23,30,1,4,0,0
24,69,603,541,55,101,1,4,0,0
24,71,642,346,46,62,1,4,0,0
24,72,570,306,46,64,1,4,0,0
24,75,403,356,40,74,1,4,0,0
24,125,666,456,60,89,1,4,0,0
24,126,576,420,50,79,1,4,0,0
24,127,548,206,37,40,1,4,0,0
24,128,462,139,48,30,1,4,0,0
24,129,626,68,31,30,1,4,0,0
24,130,383,586,58,118,1,4,0,0
24,131,317,386,26,35,1,1,0,0
24,135,35,390,24,25,1,2,0,0
24,136,24,406,26,19,1,2,0,0
24,139,688,132,10,17,1,2,0,1
24,140,688,132,12,26,1,10,0,1
24,141,78,89,55,24,1,4,1,1
24,142,381,109,8,13,1,2,0,1
24,143,381,111,8,19,1,10,0,1
24,144,897,39,24,22,1,5,0,1
24,145,784,21,36,23,1,4,0,0
24,146,855,14,44,19,1,4,1,0
24,147,405,29,23,26,1,4,0,0
24,148,931,5,28,21,1,4,0,0
24,155,438,30,23,30,1,4,0,0
25,6,682,219,16,31,1,10,0,0
25,7,628,265,38,50,1,4,0,0
25,8,610,180,33,44,1,4,0,0
25,14,826,1,43,16,1,4,0,0
25,37,472,17,23,30,1,4,0,0
25,69,603,548,55,101,1,4,0,0
25,71,641,347,46,62,1,4,0,0
25,72,570,307,46,64,1,4,0,0
25,75,400,372,42,78,1,4,0,0
25,125,665,456,59,89,1,4,0,0
25,126,576,425,50,79,1,4,0,0
25,127,544,203,38,40,1,4,0,0
25,128,454,138,48,30,1,4,0,0
25,129,626,66,31,31,1,4,0,0
25,130,379,620,59,123,1,4,0,0
25,131,317,387,26,35,1,1,0,0
25,135,35,394,24,25,1,2,0,0
25,136,23,410,26,19,1,2,0,0
25,139,689,135,10,17,1,2,0,1
25,140,689,136,12,26,1,10,0,1
25,141,69,94,54,24,1,4,1,1
25,142,381,117,8,13,1,2,0,1
25,143,381,120,8,19,1,10,0,1
25,144,898,43,24,22,1,5,0,1
25,145,786,24,36,23,1,4,0,0
25,146,857,17,44,19,1,4,1,0
25,147,405,36,23,26,1,4,0,0
25,148,933,8,28,21,1,4,0,0
25,155,438,35,23,31,1,4,0,0
26,6,681,213,16,31,1,10,0,0
26,7,628,265,38,50,1,4,0,0
26,8,610,179,33,43,1,4,0,0
26,14,839,1,43,17,1,4,0,0
26,37,474,21,23,30,1,4,0,0
26,69,603,552,54,103,1,4,0,0
26,71,641,346,46,61,1,4,0,0
26,72,570,306,45,61,1,4,0,0
26,75,394,391,47,79,1,4,0,0
26,125,665,456,58,89,1,4,0,0
26,126,575,427,50,79,1,4,0,0
26,127,540,200,38,40,1,4,0,0
26,128,446,135,48,30,1,4,0,0
26,129,627,65,31,31,1,4,0,1
26,130,377,657,58,92,1,4,1,0
26,131,317,389,26,35,1,1,0,0
26,135,35,398,24,25,1,2,0,0
26,136,23,414,26,19,1,2,0,0
26,139,691,138,10,17,1,2,0,1
26,140,690,138,12,26,1,10,0,1
26,141,58,97,52,24,1,4,1,1
26,142,383,125,8,13,1,2,0,1
26,143,383,129,8,19,1,10,0,1
26,144,901,45,24,22,1,5,0,1
26,145,788,26,36,23,1,4,0,0
26,146,859,19,44,19,1,4,1,0
26,147,403,40,25,25,1,4,0,0
26,148,935,10,28,21,1,4,0,0
26,154,442,2,21,20,1,6,0,0
26,155,439,39,23,32,1,4,0,0
27,6,679,207,16,31,1,10,0,0
27,7,628,265,38,50,1,4,0,0
27,8,611,178,33,43,1,4,0,0
27,14,852,2,43,17,1,4,0,0
27,37,476,25,23,30,1,4,0,0
27,69,603,556,54,105,1,4,0,0
27,71,642,346,45,60,1,4,0,0
27,72,570,305,45,59,1,4,0,0
27,75,389,410,51,80,1,4,0,0
27,125,664,457,58,88,1,4,0,0
27,126,575,429,50,79,1,4,0,0
27,127,537,197,38,40,1,4,0,0
27,128,438,133,48,30,1,4,0,0
27,129,627,64,31,31,1,4,0,1
27,131,317,391,26,35,1,1,0,0
27,135,34,401,24,25,1,2,0,0
27,136,23,417,26,19,1,2,0,0
27,139,693,141,10,17,1,2,0,1
27,140,692,141,12,26,1,10,0,1
27,141,45,97,51,24,1,4,1,1
27,142,385,134,8,13,1,2,0,1
27,143,385,138,9,19,1,10,0,1
27,144,904,48,24,22,1,5,0,1
27,145,791,29,36,23,1,4,0,0
27,146,862,22,44,19,1,4,1,0
27,147,401,44,27,25,1,4,0,0
27,148,938,13,28,21,1,4,0,0
27,154,443,6,21,20,1,6,0,0
27,155,441,44,23,32,1,4,0,0
28,6,677,201,16,31,1,10,0,0
28,7,628,264,38,50,1,4,0,0
28,8,612,178,33,42,1,4,0,0
28,14,865,3,43,17,1,4,0,0
28,37,479,30,23,30,1,4,0,0
28,69,603,560,53,107,1,4,0,0
28,71,643,346,44,59,1,4,0,0
28,72,570,304,45,58,1,4,0,0
28,75,384,428,54,84,1,4,0,0
28,125,664,457,56,88,1,4,0,0
28,126,575,431,50,80,1,4,0,0
28,127,533,194,38,39,1,4,0,0
28,128,429,131,48,30,1,4,0,0
28,129,629,63,31,31,1,4,0,1
28,131,318,392,26,35,1,1,0,0
28,135,34,405,24,25,1,2,0,0
28,136,23,421,26,19,1,2,0,0
28,139,695,144,10,17,1,2,0,1
28,140,694,144,12,26,1,10,0,1
28,141,32,97,49,24,1,4,1,1
28,142,387,143,8,13,1,2,0,1
28,143,388,147,8,19,1,10,0,1
28,144,907,51,24,22,1,5,0,1
28,145,793,31,36,23,1,4,0,0
28,146,865,25,44,19,1,4,1,0
28,147,399,48,29,25,1,4,0,0
28,148,941,16,28,21,1,4,0,0
28,154,445,10,21,21,1,6,0,0
28,155,443,49,23,32,1,4,0,0
29,6,677,198,16,31,1,10,0,0
29,7,628,264,38,49,1,4,0,0
29,8,613,177,33,42,1,4,0,0
29,14,872,3,42,18,1,4,0,0
29,37,480,33,23,30,1,4,0,0
29,69,603,562,53,108,1,4,0,0
29,71,643,346,44,59,1,4,0,0
29,72,570,303,45,58,1,4,0,0
29,75,382,436,55,88,1,4,0,0
29,125,664,457,56,88,1,4,0,0
29,126,575,432,50,80,1,4,0,0
29,127,530,192,39,39,1,4,0,0
29,128,424,130,49,30,1,4,0,0
29,129,630,62,31,31,1,4,0,1
29,131,318,393,26,35,1,1,0,0
29,135,34,407,24,25,1,2,0,0
29,136,22,423,26,19,1,2,0,0
29,139,696,145,10,17,1,2,0,1
29,140,695,146,12,26,1,10,0,1
29,141,25,97,49,24,1,4,1,1
29,142,388,147,9,14,1,2,0,1
29,143,389,151,9,19,1,10,0,1
29,144,908,52,24,22,1,5,0,1
29,145,794,32,36,23,1,4,0,0
29,146,866,26,44,19,1,4,1,0
29,147,398,50,30,25,1,4,0,0
29,148,942,17,28,21,1,4,0,0
29,154,446,13,21,21,1,6,0,0
29,155,443,52,24,32,1,4,0,0
30,6,677,193,16,31,1,10,0,0
30,7,629,264,37,48,1,4,0,0
30,8,614,177,33,41,1,4,0,0
30,14,885,4,42,18,1,4,0,0
30,37,482,38,23,30,1,4,0,0
30,69,603,566,53,110,1,4,0,0
30,71,644,346,43,58,1,4,0,0
30,72,571,301,44,58,1,4,0,0
30,75,378,460,58,88,1,4,0,0
30,125,664,458,55,88,1,4,0,0
30,126,575,433,50,81,1,4,0,0
30,127,524,189,40,38,1,4,0,0
30,128,414,129,50,30,1,4,0,0
30,129,632,61,31,31,1,4,0,1
30,131,319,394,26,35,1,1,0,0
30,135,34,411,24,25,1,2,0,0
30,136,22,427,26,19,1,2,0,0
30,139,698,148,10,17,1,2,0,1
30,140,697,149,12,26,1,10,0,1
30,142,390,156,9,14,1,2,0,1
30,143,391,160,9,19,1,10,0,1
30,144,911,55,24,22,1,5,0,1
30,145,797,35,36,23,1,4,0,0
30,146,869,29,44,19,1,4,1,0
30,147,396,54,32,26,1,4,0,0
30,148,945,20,28,21,1,4,0,0
30,154,448,17,21,22,1,6,0,0
30,155,445,57,24,32,1,4,0,0
31,6,677,188,16,31,1,10,0,0
31,7,630,263,36,48,1,4,0,0
31,8,614,176,33,41,1,4,0,0
31,14,898,5,43,18,1,4,0,0
31,37,485,44,23,30,1,4,0,0
31,69,603,570,53,111,1,4,0,0
31,71,645,346,42,56,1,4,0,0
31,72,572,299,43,58,1,4,0,0
31,75,374,485,60,91,1,4,0,0
31,125,664,458,55,88,1,4,0,0
31,126,576,435,49,81,1,4,0,0
31,127,518,186,41,36,1,4,0,0
31,128,405,128,51,30,1,4,0,0
31,129,634,61,31,32,1,4,0,2
31,131,320,396,26,35,1,1,0,0
31,135,33,415,24,25,1,2,0,0
31,136,22,431,26,19,1,2,0,0
31,139,700,152,10,17,1,2,0,1
31,140,699,151,12,26,1,10,0,1
31,142,392,164,9,14,1,2,0,1
31,143,394,169,9,19,1,10,0,1
31,144,914,58,24,22,1,5,0,1
31,145,799,37,36,23,1,4,0,0
31,146,872,31,44,19,1,4,1,0
31,147,394,58,34,26,1,4,0,0
31,148,947,22,28,21,1,4,0,0
31,154,450,21,21,22,1,6,0,0
31,155,447,61,23,33,1,4,0,0
32,6,677,183,16,31,1,10,0,0
32,7,631,263,35,47,1,4,0,0
32,8,615,176,33,40,1,4,0,0
32,14,911,6,43,18,1,4,0,0
32,37,487,49,23,30,1,4,0,0
32,69,603,574,53,113,1,4,0,0
32,71,646,346,41,55,1,4,0,0
32,72,573,298,43,57,1,4,0,0
32,75,370,502,58,107,1,4,0,0
32,125,664,459,55,88,1,4,0,0
32,126,576,436,50,82,1,4,0,0
32,127,512,183,42,35,1,4,0,0
32,128,395,127,52,30,1,4,0,0
32,129,636,63,31,32,1,4,0,2
32,131,321,397,26,35,1,1,0,0
32,135,33,418,24,25,1,2,0,0
32,136,22,434,26,19,1,2,0,0
32,139,702,155,10,17,1,2,0,1
32,140,701,154,12,26,1,10,0,1
32,142,394,173,9,14,1,2,0,1
32,143,396,178,9,19,1,10,0,1
32,144,917,61,24,22,1,5,0,1
32,145,802,40,36,23,1,4,0,0
32,146,875,34,44,19,1,4,1,0
32,147,392,63,37,26,1,4,0,0
32,148,950,25,28,21,1,4,0,0
32,154,452,26,21,22,1,6,0,0
32,155,448,66,24,33,1,4,0,0
33,6,677,178,16,31,1,10,0,0
33,7,632,263,34,46,1,4,0,0
33,8,616,175,33,40,1,4,0,0
33,14,925,7,42,19,1,4,0,0
33,37,490,54,23,30,1,4,0,0
33,69,604,579,52,114,1,4,0,0
33,71,647,346,40,54,1,4,0,0
33,72,574,296,42,57,1,4,0,0
33,75,366,532,59,107,1,4,0,0
33,125,664,460,55,88,1,4,0,0
33,126,577,438,49,82,1,4,0,0
33,127,506,180,43,34,1,4,0,0
33,128,386,126,52,30,1,4,0,0
33,129,638,65,31,32,1,4,0,2
33,131,322,398,26,35,1,1,0,0
33,135,33,422,24,25,1,2,0,0
33,136,21,438,26,19,1,2,0,0
33,139,704,158,10,17,1,2,0,1
33,140,703,157,12,26,1,10,0,1
33,142,396,182,10,14,1,2,0,1
33,143,399,187,9,19,1,10,0,1
33,144,920,64,24,22,1,5,0,1
33,145,804,42,36,23,1,4,0,0
33,146,878,37,44,19,1,4,1,0
33,147,389,66,39,27,1,4,0,0
33,148,953,28,28,21,1,4,0,0
33,154,454,30,21,23,1,6,0,0
33,155,450,71,24,34,1,4,0,0
34,6,677,173,16,31,1,10,0,0
34,7,633,262,33,46,1,4,0,0
34,8,617,174,33,39,1,4,0,0
34,14,938,7,42,20,1,4,0,0
34,37,492,60,23,30,1,4,0,0
34,69,604,583,52,116,1,4,0,0
34,71,647,346,40,53,1,4,0,0
34,72,574,294,42,57,1,4,0,0
34,75,363,563,58,108,1,4,0,0
34,125,664,461,55,88,1,4,0,0
34,126,577,439,49,83,1,4,0,0
34,127,496,177,44,33,1,4,0,0
34,128,376,125,54,30,1,4,0,0
34,129,640,67,31,32,1,4,0,2
34,131,322,400,26,35,1,1,0,0
34,135,32,426,24,25,1,2,0,0
34,136,21,442,26,19,1,2,0,0
34,139,706,161,10,17,1,2,0,1
34,140,705,160,12,26,1,10,0,1
34,142,398,190,10,15,1,2,0,1
34,143,401,196,10,19,1,10,0,1
34,144,923,66,24,22,1,5,0,1
34,145,807,45,36,23,1,4,0,0
34,146,880,39,44,19,1,4,1,0
34,147,386,70,41,28,1,4,0,0
34,148,955,30,28,21,1,4,0,0
34,154,456,36,21,23,1,6,0,0
34,155,452,76,24,34,1,4,0,0
35,6,678,169,16,31,1,10,0,0
35,7,634,262,32,45,1,4,0,0
35,8,618,174,33,38,1,4,0,0
35,14,951,8,42,20,1,4,0,0
35,37,494,65,23,30,1,4,0,0
35,69,605,588,52,117,1,4,0,0
35,71,648,346,39,52,1,4,0,0
35,72,575,292,41,57,1,4,0,0
35,75,358,595,61,115,1,4,0,0
35,125,664,462,55,88,1,4,0,0
35,126,577,441,49,83,1,4,0,0
35,127,487,174,45,32,1,4,0,0
35,128,367,125,54,30,1,4,0,0
35,129,643,64,31,32,1,4,0,2
35,131,323,401,26,35,1,1,0,0
35,135,32,430,24,25,1,2,0,0
35,136,21,446,26,19,1,2,0,0
35,139,708,164,10,17,1,2,0,1
35,140,707,163,12,26,1,10,0,1
35,142,400,199,10,15,1,2,0,1
35,143,403,205,10,19,1,10,0,1
35,144,926,69,24,22,1,5,0,1
35,145,809,47,36,23,1,4,0,0
35,146,883,42,44,19,1,4,1,0
35,147,384,74,43,29,1,4,0,0
35,148,958,33,28,21,1,4,0,0
35,154,459,43,20,22,1,6,0,0
35,155,455,84,24,34,1,4,0,0
36,6,677,166,16,30,1,10,0,0
36,7,635,262,32,45,1,4,0,0
36,8,619,173,33,38,1,4,0,0
36,14,963,10,42,20,1,4,0,0
36,37,496,71,23,30,1,4,0,0
36,69,604,593,52,117,1,4,0,0
36,71,649,346,39,52,1,4,0,0
36,72,575,291,41,57,1,4,0,0
36,75,351,628,68,128,1,4,0,0
36,125,664,463,55,88,1,4,0,0
36,126,578,442,49,83,1,4,0,0
36,127,477,172,46,31,1,4,0,0
36,128,355,125,54,30,1,4,0,0
36,129,643,63,34,34,1,4,0,2
36,131,324,403,26,35,1,1,0,0
36,135,32,434,24,25,1,2,0,0
36,136,19,451,26,19,1,2,0,0
36,139,709,167,10,17,1,2,0,1
36,140,708,166,12,26,1,10,0,1
36,142,403,211,10,15,1,2,0,1
36,143,406,217,10,19,1,10,0,1
36,144,928,72,24,22,1,5,0,1
36,145,811,51,36,23,1,4,0,0
36,146,885,46,44,19,1,4,1,0
36,147,381,79,44,30,1,4,0,0
36,148,961,37,28,21,1,4,0,0
36,149,502,8,17,24,1,4,0,0
36,154,459,49,20,22,1,6,0,0
36,155,458,91,22,36,1,4,0,0
37,6,676,164,16,29,1,10,0,0
37,7,635,262,32,45,1,4,0,0
37,8,619,173,34,38,1,4,0,0
37,14,973,12,42,20,1,4,0,0
37,37,496,77,24,32,1,4,0,0
37,69,603,599,52,117,1,4,0,0
37,71,649,347,39,52,1,4,0,0
37,72,575,290,41,56,1,4,0,0
37,75,347,671,63,84,1,4,0,0
37,125,664,464,56,88,1,4,0,0
37,126,578,444,49,83,1,4,0,0
37,127,466,171,47,32,1,4,0,0
37,128,342,127,54,30,1,4,0,0
37,129,649,61,35,35,1,4,0,2
37,131,324,405,26,35,1,1,0,0
37,135,28,442,24,25,1,2,0,0
37,136,16,458,25,19,1,2,0,0
37,139,710,171,10,17,1,2,0,1
37,140,709,170,12,26,1,10,0,1
37,142,406,225,9,16,1,2,0,1
37,143,409,232,10,19,1,10,0,1
37,144,929,74,24,22,1,5,0,1
37,145,813,56,36,23,1,4,0,0
37,146,886,50,44,19,1,4,1,0
37,147,377,85,45,30,1,4,0,0
37,148,963,41,28,21,1,4,0,0
37,149,502,14,17,24,1,4,0,0
37,154,459,55,20,22,1,6,0,0
37,155,458,97,22,36,1,4,0,0
38,6,676,163,15,29,1,10,0,0
38,7,635,262,32,45,1,4,0,0
38,8,620,173,33,38,1,4,0,0
38,14,978,13,42,20,1,4,0,0
38,37,496,80,25,33,1,4,0,0
38,69,603,602,52,117,1,4,0,0
38,71,649,348,39,52,1,4,0,0
38,72,575,290,41,55,1,4,0,0
38,125,664,465,56,87,1,4,0,0
38,126,578,445,49,83,1,4,0,0
38,127,460,170,48,33,1,4,0,0
38,128,335,128,54,30,1,4,0,0
38,129,648,60,33,34,1,4,0,2
38,131,324,406,26,35,1,1,0,0
38,135,26,446,24,25,1,2,0,0
38,136,15,462,24,19,1,2,0,0
38,139,711,173,10,17,1,2,0,1
38,140,710,172,12,26,1,10,0,1
38,142,407,232,9,17,1,2,0,1
38,143,410,239,10,19,1,10,0,1
38,144,930,75,24,22,1,5,0,1
38,145,814,59,36,23,1,4,0,0
38,146,887,52,44,19,1,4,1,0
38,147,375,88,46,30,1,4,0,0
38,148,964,43,28,21,1,4,0,0
38,149,502,17,17,24,1,4,0,0
38,154,459,58,20,22,1,6,0,0
38,155,458,100,22,36,1,4,0,0
39,6,675,160,15,28,1,10,0,0
39,7,635,262,32,46,1,4,0,0
39,8,620,173,34,38,1,4,0,0
39,14,990,16,42,20,1,4,0,0
39,37,496,87,26,34,1,4,0,0
39,69,603,606,52,117,1,4,0,0
39,71,649,349,40,52,1,4,0,0
39,72,575,288,41,55,1,4,0,0
39,125,664,466,56,87,1,4,0,0
39,126,578,445,49,83,1,4,0,0
39,127,449,169,49,33,1,4,0,0
39,128,322,129,54,30,1,4,0,0
39,129,655,58,34,34,1,4,0,2
39,131,324,409,26,35,1,1,0,0
39,135,23,453,24,25,1,2,0,0
39,136,12,469,23,19,1,2,0,0
39,139,712,176,10,17,1,2,0,1
39,140,711,176,12,26,1,10,0,1
39,142,409,246,9,18,1,2,0,1
39,143,411,253,11,20,1,10,0,1
39,144,932,78,24,22,1,5,0,1
39,145,815,63,36,23,1,4,0,0
39,146,889,56,44,19,1,4,1,0
39,147,370,94,47,28,1,4,0,0
39,148,966,46,28,21,1,4,0,0
39,149,502,22,17,24,1,4,0,0
39,153,472,0,25,24,1,5,1,0
39,154,459,64,20,22,1,6,0,0
39,155,458,106,22,36,1,4,0,0
40,6,674,158,15,27,1,10,0,0
40,7,635,263,32,45,1,4,0,0
40,8,621,173,33,38,1,4,0,0
40,14,1004,18,42,21,1,4,0,0
40,37,498,95,26,35,1,4,0,0
40,69,604,610,52,117,1,4,0,0
40,71,649,351,40,52,1,4,0,0
40,72,575,286,41,54,1,4,0,0
40,125,664,467,56,87,1,4,0,0
40,126,579,445,49,82,1,4,0,0
40,127,438,168,50,33,1,4,0,0
40,128,309,130,54,30,1,4,0,0
40,129,664,56,34,39,1,4,0,2
40,131,324,413,26,35,1,1,0,0
40,135,21,460,24,25,1,2,0,0
40,136,9,476,22,19,1,2,0,0
40,139,713,180,10,17,1,2,0,1
40,140,712,180,12,26,1,10,0,1
40,142,409,260,9,19,1,2,0,1
40,143,411,267,11,21,1,10,0,1
40,144,934,82,24,22,1,5,0,1
40,145,817,66,36,23,1,4,0,0
40,146,891,59,44,19,1,4,1,0
40,147,363,98,49,28,1,4,0,0
40,148,968,49,28,21,1,4,0,0
40,149,503,28,17,24,1,4,0,0
40,153,472,0,25,31,1,5,1,0
40,154,460,70,20,22,1,6,0,0
40,155,458,112,22,36,1,4,0,0
41,6,673,155,15,27,1,10,0,0
41,7,635,263,32,46,1,4,0,0
41,8,621,173,34,38,1,4,0,0
41,37,499,103,27,35,1,4,0,0
41,69,605,614,52,117,1,4,0,0
41,71,649,352,40,52,1,4,0,0
41,72,575,284,41,53,1,4,0,0
41,125,664,468,56,87,1,4,0,0
41,126,580,445,48,81,1,4,0,0
41,127,427,167,50,33,1,4,0,0
41,128,297,132,54,30,1,4,0,0
41,129,670,53,36,39,1,4,0,2
41,131,324,416,26,35,1,1,0,0
41,135,17,466,24,25,1,2,0,0
41,136,7,483,20,19,1,2,0,0
41,139,715,184,10,17,1,2,0,1
41,140,714,184,12,26,1,10,0,1
41,142,409,274,9,19,1,2,0,1
41,143,411,281,11,22,1,10,0,1
41,144,937,86,24,22,1,5,0,1
41,145,819,69,36,23,1,4,0,0
41,146,893,62,45,20,1,4,1,0
41,147,357,102,50,28,1,4,0,0
41,148,971,52,28,22,1,4,0,0
41,149,504,34,17,24,1,4,0,0
41,150,509,2,17,21,1,4,0,2
41,153,472,1,25,31,1,5,1,0
41,154,460,76,20,22,1,6,0,0
41,155,458,117,22,38,1,4,0,0
42,6,672,153,15,26,1,10,0,0
42,7,635,263,32,46,1,4,0,0
42,8,622,173,34,38,1,4,0,0
42,37,500,111,28,36,1,4,0,0
42,69,606,618,52,117,1,4,0,0
42,71,650,352,40,53,1,4,0,0
42,72,575,282,41,52,1,4,0,0
42,125,664,469,56,87,1,4,0,0
42,126,581,445,48,81,1,4,0,0
42,127,416,166,51,33,1,4,0,0
42,128,282,134,53,30,1,4,0,0
42,129,678,56,36,39,1,4,0,2
42,131,324,419,26,35,1,1,0,0
42,135,14,472,24,25,1,2,0,0
42,136,4,490,19,19,1,2,0,0
42,139,716,187,10,17,1,2,0,1
42,140,715,187,12,25,1,10,0,1
42,142,409,289,10,19,1,2,0,1
42,143,410,295,12,22,1,10,0,1
42,144,939,89,24,22,1,5,0,1
42,145,821,73,36,23,1,4,0,0
42,146,895,65,45,20,1,4,1,0
42,147,350,106,51,28,1,4,0,0
42,148,973,55,29,22,1,4,0,0
42,149,505,40,17,24,1,4,0,0
42,150,510,7,17,21,1,4,0,2
42,153,473,4,24,32,1,5,0,0
42,154,460,82,20,22,1,6,0,0
42,155,458,123,22,39,1,4,0,0
43,6,672,151,15,25,1,10,0,0
43,7,635,264,32,46,1,4,0,0
43,8,623,173,34,38,1,4,0,0
43,37,502,119,27,37,1,4,0,0
43,69,607,622,52,117,1,4,0,0
43,71,650,352,40,53,1,4,0,0
43,72,576,280,41,52,1,4,0,0
43,125,664,470,57,87,1,4,0,0
43,126,582,445,48,80,1,4,0,0
43,127,405,166,52,32,1,4,0,0
43,128,267,136,53,30,1,4,0,0
43,129,684,52,34,39,1,4,0,2
43,131,324,423,26,35,1,1,0,0
43,135,11,480,23,25,1,2,0,0
43,136,1,497,18,19,1,2,0,0
43,139,717,190,10,17,1,2,0,1
43,140,717,190,11,24,1,10,0,1
43,142,409,303,10,20,1,2,0,1
43,143,410,309,12,23,1,10,0,1
43,144,942,93,24,22,1,5,0,1
43,145,823,76,36,23,1,4,0,0
43,146,897,69,45,19,1,4,1,0
43,147,343,110,53,28,1,4,0,0
43,148,975,58,29,22,1,4,0,0
43,149,506,46,17,24,1,4,0,0
43,150,511,13,17,21,1,4,0,2
43,153,474,10,24,32,1,5,0,0
43,154,461,89,20,22,1,6,0,0
43,155,458,129,23,39,1,4,0,0
44,6,670,149,15,25,1,10,0,0
44,7,635,263,32,46,1,4,0,0
44,8,623,172,34,38,1,4,0,0
44,37,503,127,28,37,1,4,0,0
44,69,608,626,52,117,1,4,0,0
44,71,650,352,40,53,1,4,0,0
44,72,576,277,41,51,1,4,0,0
44,125,664,471,56,86,1,4,0,0
44,126,583,445,47,79,1,4,0,0
44,127,394,165,51,32,1,4,0,0
44,128,252,138,53,31,1,4,0,0
44,129,695,53,34,39,1,4,0,2
44,131,324,426,26,35,1,1,0,0
44,135,8,488,22,25,1,2,0,0
44,139,719,193,10,17,1,2,0,1
44,140,718,193,12,23,1,10,0,1
44,142,409,317,10,20,1,2,0,1
44,143,410,323,12,24,1,10,0,1
44,144,944,96,24,22,1,5,0,1
44,145,825,79,36,23,1,4,0,0
44,146,900,72,45,20,1,4,1,0
44,147,336,114,55,28,1,4,0,0
44,148,978,60,29,23,1,4,0,0
44,149,506,52,17,24,1,4,0,0
44,150,512,18,17,21,1,4,0,2
44,153,475,15,24,32,1,5,0,0
44,154,461,94,20,23,1,6,0,0
44,155,458,135,24,40,1,4,0,0
45,6,670,148,15,25,1,10,0,0
45,7,635,262,33,46,1,4,0,0
45,8,624,171,34,38,1,4,0,0
45,37,504,131,28,38,1,4,0,0
45,69,607,626,52,117,1,4,0,0
45,71,650,352,40,53,1,4,0,0
45,72,576,276,41,50,1,4,0,0
45,125,664,471,56,87,1,4,0,0
45,126,584,445,47,79,1,4,0,0
45,127,388,165,51,32,1,4,0,0
45,128,245,139,52,31,1,4,0,0
45,129,697,52,36,39,1,4,0,2
45,131,324,428,26,35,1,1,0,0
45,135,6,492,22,25,1,2,0,0
45,139,719,194,10,17,1,2,0,1
45,140,719,194,11,23,1,10,0,1
45,142,410,325,10,20,1,2,0,1
45,143,410,330,12,25,1,10,0,1
45,144,945,98,24,22,1,5,0,1
45,145,826,81,36,23,1,4,0,0
45,146,901,73,45,20,1,4,1,0
45,147,333,116,55,28,1,4,0,0
45,148,979,62,29,23,1,4,0,0
45,149,507,55,17,24,1,4,0,0
45,150,512,21,17,21,1,4,0,2
45,153,475,17,24,33,1,5,0,0
45,154,461,97,21,24,1,6,0,0
45,155,458,138,24,40,1,4,0,0
46,6,669,146,15,25,1,10,0,0
46,7,636,262,32,46,1,4,0,0
46,8,624,170,34,38,1,4,0,0
46,37,505,139,29,38,1,4,0,0
46,69,607,626,52,117,1,4,0,0
46,71,650,352,40,53,1,4,0,0
46,72,576,273,41,50,1,4,0,0
46,125,664,472,56,86,1,4,0,0
46,126,583,443,46,78,1,4,0,0
46,127,377,164,50,33,1,4,0,0
46,128,230,141,52,31,1,4,0,0
46,129,706,55,36,39,1,4,0,2
46,131,324,431,26,35,1,1,0,0
46,135,3,500,21,25,1,2,0,0
46,139,721,197,10,17,1,2,0,1
46,140,720,198,12,21,1,10,0,1
46,142,408,344,10,20,1,2,0,1
46,143,408,348,13,26,1,10,0,1
46,144,948,102,24,22,1,5,0,1
46,145,828,84,36,23,1,4,0,0
46,146,903,76,46,21,1,4,1,0
46,147,326,120,57,28,1,4,0,0
46,148,981,65,30,23,1,4,0,0
46,149,508,61,17,24,1,4,0,0
46,150,513,27,17,21,1,4,0,2
46,153,476,21,24,34,1,5,0,0
46,154,461,103,21,24,1,6,0,0
46,155,458,144,24,41,1,4,0,0
47,6,668,144,15,25,1,10,0,0
47,7,637,261,32,46,1,4,0,0
47,8,625,169,34,38,1,4,0,0
47,37,507,148,28,40,1,4,0,0
47,69,607,627,52,117,1,4,0,0
47,71,650,351,40,54,1,4,0,0
47,72,577,270,41,50,1,4,0,0
47,125,665,473,55,86,1,4,0,0
47,126,583,441,45,78,1,4,0,0
47,127,365,164,51,33,1,4,0,0
47,128,214,145,52,30,1,4,0,0
47,129,711,58,34,39,1,4,0,2
47,131,324,434,26,35,1,1,0,0
47,135,0,508,21,25,1,2,0,1
47,139,722,200,10,17,1,2,0,1
47,140,722,201,11,20,1,10,0,1
47,142,406,363,11,21,1,2,0,1
47,143,407,367,13,26,1,10,0,1
47,144,950,105,24,22,1,5,0,1
47,145,830,87,36,23,1,4,0,0
47,146,905,80,46,20,1,4,1,0
47,147,318,124,58,28,1,4,0,0
47,148,984,68,29,23,1,4,0,0
47,149,509,68,17,24,1,4,0,0
47,150,514,32,17,21,1,4,0,2
47,153,477,26,24,34,1,5,0,0
47,154,461,108,22,26,1,6,0,0
47,155,458,150,25,42,1,4,0,0
48,6,667,142,15,25,1,10,0,0
48,7,637,260,33,46,1,4,0,0
48,8,626,168,34,38,1,4,0,0
48,37,509,158,28,42,1,4,0,0
48,69,606,627,53,117,1,4,0,0
48,71,650,351,40,54,1,4,0,0
48,72,577,268,41,48,1,4,0,0
48,125,665,474,55,86,1,4,0,0
48,126,582,440,45,76,1,4,0,0
48,127,353,166,51,31,1,4,0,0
48,128,198,149,51,29,1,4,0,0
48,129,720,59,36,39,1,4,0,2
48,131,324,438,26,35,1,1,0,0
48,135,0,514,17,25,1,2,0,1
48,139,723,203,10,17,1,2,0,1
48,140,723,204,11,19,1,10,0,1
48,142,404,382,11,22,1,2,0,1
48,143,405,385,14,27,1,10,0,1
48,144,953,109,24,22,1,5,0,1
48,145,832,90,36,23,1,4,0,0
48,146,907,83,46,20,1,4,1,0
48,147,310,128,58,28,1,4,0,0
48,148,986,71,30,23,1,4,0,0
48,149,510,74,17,24,1,4,0,0
48,150,515,38,17,21,1,4,0,2
48,153,477,31,25,34,1,5,0,0
48,154,461,114,23,27,1,6,0,0
48,155,458,156,26,42,1,4,0,0
49,6,667,140,15,25,1,10,0,0
49,7,638,259,33,46,1,4,0,0
49,8,626,167,34,38,1,4,0,0
49,37,511,168,28,44,1,4,0,0
49,69,606,628,53,117,1,4,0,0
49,71,650,351,40,54,1,4,0,0
49,72,577,265,41,48,1,4,0,0
49,125,665,475,55,85,1,4,0,0
49,126,582,438,44,76,1,4,0,0
49,127,340,167,52,30,1,4,0,0
49,128,181,153,51,28,1,4,0,0
49,129,722,65,35,40,1,4,0,2
49,131,324,441,26,35,1,1,0,0
49,139,725,206,10,17,1,2,0,1
49,140,725,207,11,18,1,10,0,1
49,142,401,404,11,22,1,2,0,1
49,143,402,406,14,29,1,10,0,1
49,144,955,113,24,22,1,5,0,1
49,145,833,93,36,23,1,4,0,0
49,146,910,86,46,20,1,4,1,0
49,147,301,132,58,28,1,4,0,0
49,148,989,74,30,24,1,4,0,0
49,149,511,81,17,24,1,4,0,0
49,150,516,44,17,21,1,4,0,2
49,153,478,36,24,34,1,5,0,0
49,154,462,120,23,28,1,6,0,0
49,155,458,162,26,43,1,4,0,0
50,6,667,138,15,25,1,10,0,0
50,7,639,259,33,46,1,4,0,0
50,8,627,166,34,38,1,4,0,0
50,37,512,179,28,45,1,4,0,0
50,69,606,629,52,116,1,4,0,0
50,71,651,351,40,54,1,4,0,0
50,72,578,263,41,47,1,4,0,0
50,125,666,476,54,85,1,4,0,0
50,126,582,437,43,75,1,4,0,0
50,127,326,168,52,29,1,4,0,0
50,128,160,156,53,28,1,4,0,0
50,129,729,65,34,39,1,4,0,2
50,131,323,445,26,35,1,1,0,0
50,139,726,209,10,17,1,2,0,1
50,140,726,211,11,18,1,10,0,1
50,142,396,428,12,23,1,2,0,1
50,143,396,430,15,31,1,10,0,1
50,144,958,116,24,22,1,5,0,1
50,145,835,97,36,23,1,4,0,0
50,146,912,89,46,21,1,4,1,0
50,147,290,137,58,28,1,4,0,0
50,148,991,77,30,24,1,4,0,0
50,149,513,88,17,25,1,4,0,0
50,150,516,49,17,22,1,4,0,2
50,151,494,24,16,18,1,4,0,0
50,153,478,41,24,34,1,5,0,0
50,154,460,127,24,28,1,6,0,0
50,155,458,169,26,44,1,4,0,0
51,6,667,136,15,25,1,10,0,1
51,7,639,258,32,45,1,4,0,0
51,8,628,166,33,38,1,4,0,0
51,37,513,191,29,46,1,4,0,0
51,69,605,629,53,116,1,4,0,0
51,71,650,350,40,54,1,4,0,0
51,72,578,260,41,47,1,4,0,0
51,125,666,477,54,85,1,4,0,0
51,126,582,435,43,75,1,4,0,0
51,127,311,169,52,30,1,4,0,0
51,128,135,160,57,28,1,4,0,0
51,129,732,66,34,39,1,4,0,2
51,131,323,449,26,35,1,1,0,0
51,139,727,213,10,17,1,2,0,1
51,140,727,215,11,18,1,10,0,1
51,142,391,452,12,25,1,2,0,1
51,143,390,453,17,34,1,10,0,1
51,144,960,120,24,22,1,5,0,1
51,145,837,100,36,23,1,4,0,0
51,146,914,92,47,21,1,4,1,0
51,147,276,142,58,28,1,4,0,0
51,148,993,80,31,25,1,4,0,0
51,149,513,96,17,25,1,4,0,0
51,150,516,54,17,23,1,4,0,2
51,151,493,30,16,18,1,4,0,0
51,153,478,47,24,34,1,5,0,0
51,154,459,134,24,29,1,6,0,0
51,155,458,178,26,45,1,4,0,0
52,6,666,134,15,25,1,10,0,1
52,7,639,258,32,44,1,4,0,0
52,8,628,166,33,38,1,4,0,0
52,37,514,203,30,48,1,4,0,0
52,69,605,630,53,116,1,4,0,0
52,71,650,349,40,54,1,4,0,0
52,72,578,257,41,48,1,4,0,0
52,125,666,478,54,84,1,4,0,0
52,126,583,434,43,75,1,4,0,0
52,127,297,171,52,29,1,4,0,0
52,128,110,163,62,28,1,4,0,0
52,129,737,71,36,39,1,4,0,2
52,131,322,453,26,35,1,1,0,0
52,139,728,217,10,17,1,2,0,1
52,140,728,219,11,18,1,10,0,1
52,142,386,476,13,26,1,2,0,1
52,143,384,477,18,36,1,10,0,1
52,144,963,124,24,22,1,5,0,1
52,145,839,103,36,23,1,4,0,0
52,146,916,95,47,21,1,4,1,0
52,147,262,148,58,28,1,4,0,0
52,148,996,83,30,25,1,4,0,0
52,149,513,103,17,27,1,4,0,0
52,150,516,59,16,24,1,4,0,2
52,151,493,36,16,18,1,4,0,0
52,153,477,52,24,34,1,5,0,0
52,154,458,141,24,30,1,6,0,0
52,155,457,186,26,47,1,4,0,0
53,6,666,133,15,25,1,10,0,1
53,7,639,258,32,42,1,4,0,0
53,8,629,166,32,38,1,4,0,0
53,37,515,215,31,49,1,4,0,0
53,69,605,630,53,116,1,4,0,0
53,71,650,348,40,54,1,4,0,0
53,72,578,255,41,48,1,4,0,0
53,125,667,479,53,84,1,4,0,0
53,126,583,432,44,75,1,4,0,0
53,127,282,172,52,30,1,4,0,0
53,128,84,166,67,28,1,4,0,0
53,129,739,76,37,40,1,4,0,2
53,131,321,458,26,35,1,1,0,0
53,139,729,220,10,17,1,2,0,1
53,140,729,223,11,18,1,10,0,1
53,142,380,504,14,26,1,2,0,1
53,143,378,504,19,39,1,10,0,1
53,144,965,127,24,22,1,5,0,1
53,145,841,106,36,23,1,4,0,0
53,146,919,98,47,22,1,4,1,0
53,147,248,153,58,28,1,4,0,0
53,148,998,87,31,25,1,4,0,0
53,149,513,111,17,27,1,4,0,0
53,150,516,64,16,25,1,4,0,2
53,151,492,42,16,18,1,4,0,0
53,153,476,58,24,34,1,5,0,0
53,154,457,149,25,30,1,6,0,0
53,155,456,195,27,47,1,4,0,0
54,6,665,133,15,25,1,10,0,1
54,7,639,258,32,41,1,4,0,0
54,8,629,166,32,38,1,4,0,0
54,37,516,221,31,50,1,4,0,0
54,69,605,631,53,116,1,4,0,0
54,71,650,347,40,55,1,4,0,0
54,72,579,254,41,48,1,4,0,0
54,125,667,480,53,83,1,4,0,0
54,126,584,432,44,75,1,4,0,0
54,127,275,173,52,30,1,4,0,0
54,128,72,168,68,28,1,4,0,2
54,129,740,79,37,39,1,4,0,2
54,131,321,460,26,35,1,1,0,0
54,139,730,222,10,17,1,2,0,1
54,140,729,225,11,18,1,10,0,1
54,142,377,519,14,26,1,2,0,1
54,143,375,519,19,41,1,10,0,1
54,144,967,129,24,22,1,5,0,1
54,145,842,108,36,23,1,4,0,0
54,146,920,100,47,21,1,4,1,0
54,147,242,156,58,28,1,4,0,0
54,148,1000,88,30,25,1,4,0,0
54,149,513,115,18,28,1,4,0,0
54,150,516,67,16,26,1,4,0,2
54,151,492,45,16,18,1,4,0,0
54,153,476,61,24,34,1,5,0,0
54,154,457,152,25,30,1,6,0,0
54,155,456,200,27,47,1,4,0,0
55,6,665,132,15,25,1,10,0,1
55,7,639,257,31,41,1,4,0,0
55,8,630,166,30,38,1,4,0,0
55,37,516,236,32,52,1,4,0,0
55,69,605,630,53,116,1,4,0,0
55,71,650,346,40,55,1,4,0,0
55,72,581,251,39,47,1,4,0,0
55,125,667,481,53,83,1,4,0,0
55,126,584,432,44,75,1,4,0,0
55,127,260,176,53,30,1,4,0,0
55,128,47,172,73,28,1,4,0,2
55,129,749,82,38,39,1,4,0,2
55,131,320,464,26,35,1,1,0,0
55,139,731,226,10,17,1,2,0,1
55,140,730,229,11,18,1,10,0,1
55,142,369,551,15,28,1,2,0,1
55,143,367,552,20,42,1,10,0,1
55,144,969,133,24,22,1,5,0,1
55,145,844,111,36,23,1,4,0,0
55,146,922,103,47,22,1,4,1,0
55,147,226,160,58,28,1,4,0,0
55,148,1002,92,31,25,1,4,0,0
55,149,513,124,19,28,1,4,0,0
55,150,516,74,16,26,1,4,0,2
55,151,493,49,15,19,1,4,0,0
55,152,497,0,18,19,1,4,1,0
55,153,476,67,24,34,1,5,0,0
55,154,457,159,26,31,1,6,0,0
55,155,455,208,27,49,1,4,0,0
56,6,665,131,15,25,1,10,0,1
56,7,639,257,31,39,1,4,0,0
56,8,630,166,30,38,1,4,0,0
56,37,517,252,32,54,1,4,0,0
56,69,605,630,53,115,1,4,0,0
56,71,650,345,40,55,1,4,0,0
56,72,583,249,37,46,1,4,0,0
56,125,668,483,52,83,1,4,0,0
56,126,585,432,43,75,1,4,0,0
56,127,246,180,54,30,1,4,0,0
56,128,38,180,71,28,1,4,0,2
56,129,756,85,41,39,1,4,0,2
56,131,320,469,26,35,1,1,0,0
56,139,732,230,10,17,1,2,0,1
56,140,731,233,11,18,1,10,0,1
56,142,361,585,15,31,1,2,0,1
56,143,357,586,22,42,1,10,0,1
56,144,972,136,24,22,1,5,0,1
56,145,846,114,36,23,1,4,0,0
56,146,924,106,48,22,1,4,1,0
56,147,210,165,58,28,1,4,0,0
56,148,1005,95,30,25,1,4,0,0
56,149,514,133,20,28,1,4,0,0
56,150,517,81,16,26,1,4,0,2
56,151,494,54,15,19,1,4,0,0
56,152,497,0,20,23,1,4,0,0
56,153,475,73,24,33,1,5,0,0
56,154,458,167,27,31,1,6,0,0
56,155,455,217,27,50,1,4,0,0
57,6,664,130,15,25,1,10,0,1
57,7,639,257,31,38,1,4,0,0
57,8,630,166,29,38,1,4,0,0
57,37,517,267,33,56,1,4,0,0
57,69,605,630,54,115,1,4,0,0
57,71,650,344,40,55,1,4,0,0
57,72,585,247,35,44,1,4,0,0
57,125,668,486,52,84,1,4,0,0
57,126,585,433,43,75,1,4,0,0
57,127,231,183,55,30,1,4,0,0
57,128,29,188,69,29,1,4,0,2
57,129,772,85,42,39,1,4,0,2
57,131,319,473,26,35,1,1,0,0
57,139,733,233,10,17,1,2,0,1
57,140,732,237,11,18,1,10,0,1
57,142,353,619,15,35,1,2,0,1
57,143,347,621,24,42,1,10,0,1
57,144,974,140,24,22,1,5,0,1
57,145,848,117,36,23,1,4,0,0
57,146,926,109,48,22,1,4,1,0
57,147,194,169,58,28,1,4,0,0
57,148,1007,98,31,26,1,4,0,0
57,149,515,142,20,29,1,4,0,0
57,150,518,88,16,26,1,4,0,2
57,151,495,59,15,20,1,4,0,0
57,152,497,6,18,23,1,4,0,0
57,153,474,79,24,33,1,5,0,0
57,154,456,174,27,32,1,6,0,0
57,155,454,228,28,50,1,4,0,0
58,6,664,129,15,25,1,10,0,1
58,7,640,257,30,37,1,4,0,0
58,8,631,166,28,38,1,4,0,0
58,37,518,283,33,58,1,4,0,0
58,69,605,630,54,114,1,4,0,0
58,71,650,344,40,55,1,4,0,0
58,72,587,245,33,43,1,4,0,0
58,125,668,489,52,84,1,4,0,0
58,126,586,433,42,75,1,4,0,0
58,127,217,187,56,30,1,4,0,0
58,128,21,197,67,28,1,4,0,2
58,129,796,87,44,40,1,4,0,2
58,131,318,477,26,35,1,1,0,0
58,139,734,237,10,17,1,2,0,1
58,140,733,241,11,18,1,10,0,1
58,142,339,665,19,33,1,2,0,1
58,143,337,664,24,44,1,10,0,1
58,144,977,144,24,22,1,5,0,1
58,145,850,121,36,23,1,4,0,0
58,146,929,113,48,22,1,4,1,0
58,147,178,174,58,28,1,4,0,0
58,148,1010,102,31,26,1,4,0,0
58,149,516,151,21,29,1,4,0,0
58,150,519,95,16,26,1,4,0,2
58,151,496,64,15,20,1,4,0,0
58,152,497,12,16,24,1,4,0,0
58,153,474,85,24,33,1,5,0,0
58,154,454,181,27,33,1,6,0,0
58,155,452,240,30,51,1,4,0,0
59,6,663,128,15,25,1,10,0,1
59,7,640,257,30,37,1,4,0,0
59,8,632,168,28,37,1,4,0,0
59,37,519,299,34,60,1,4,0,0
59,69,606,630,54,114,1,4,0,0
59,71,649,344,40,55,1,4,0,0
59,72,590,243,31,42,1,4,0,0
59,125,668,493,53,83,1,4,0,0
59,126,586,434,42,75,1,4,0,0
59,127,203,191,57,30,1,4,0,0
59,128,12,205,65,29,1,4,0,2
59,129,807,90,44,39,1,4,0,2
59,131,318,482,26,35,1,1,0,0
59,139,735,241,10,17,1,2,0,1
59,140,734,245,11,18,1,10,0,1
59,144,980,149,25,23,1,5,0,1
59,145,852,126,37,23,1,4,0,0
59,146,932,118,47,22,1,4,1,0
59,147,163,179,58,28,1,4,0,0
59,148,1013,107,31,26,1,4,0,0
59,149,517,160,22,30,1,4,0,0
59,150,520,102,16,26,1,4,0,2
59,151,497,69,15,21,1,4,0,0
59,152,498,22,16,21,1,4,0,0
59,153,473,92,24,33,1,5,0,0
59,154,452,189,28,34,1,6,0,0
59,155,449,254,32,54,1,4,0,0
60,6,663,127,15,25,1,10,0,1
60,7,640,257,30,38,1,4,0,0
60,8,633,170,28,37,1,4,0,0
60,37,518,320,35,63,1,4,0,0
60,69,605,631,55,114,1,4,0,0
60,71,649,345,40,54,1,4,0,0
60,72,591,241,31,42,1,4,0,0
60,125,668,496,53,84,1,4,0,0
60,126,587,434,41,75,1,4,0,0
60,127,189,196,56,30,1,4,0,0
60,128,4,213,63,29,1,4,0,2
60,129,820,95,45,39,1,4,0,2
60,131,316,490,26,35,1,1,0,0
60,139,736,244,10,17,1,2,0,1
60,140,735,249,11,18,1,10,0,1
60,144,983,155,26,23,1,5,0,1
60,145,854,132,38,22,1,4,0,0
60,146,935,123,47,22,1,4,1,0
60,147,143,185,58,28,1,4,0,1
60,148,1017,112,31,26,1,4,0,0
60,149,517,170,22,32,1,4,0,0
60,150,520,111,16,25,1,4,0,2
60,151,497,76,16,22,1,4,0,0
60,152,497,30,16,21,1,4,0,0
60,153,472,101,24,33,1,5,0,0
60,154,450,200,28,35,1,6,0,0
60,155,447,269,33,56,1,4,0,0
61,6,663,126,15,25,1,10,0,1
61,7,641,258,30,37,1,4,0,0
61,8,634,172,28,35,1,4,0,0
61,37,517,331,36,64,1,4,0,0
61,69,605,632,55,114,1,4,0,0
61,71,649,345,40,54,1,4,0,0
61,72,591,241,31,42,1,4,0,0
61,125,668,497,53,84,1,4,0,0
61,126,587,435,42,74,1,4,0,0
61,127,182,199,56,30,1,4,0,0
61,129,824,97,45,39,1,4,0,2
61,131,315,494,26,35,1,1,0,0
61,139,736,246,10,17,1,2,0,1
61,140,736,251,11,18,1,10,0,1
61,144,985,158,27,23,1,5,0,1
61,145,856,134,37,23,1,4,0,0
61,146,936,125,48,23,1,4,1,0
61,147,133,188,58,28,1,4,0,1
61,148,1019,115,31,26,1,4,0,0
61,149,517,176,22,32,1,4,0,0
61,150,520,115,17,26,1,4,0,2
61,151,497,80,17,22,1,4,0,0
61,152,497,34,16,21,1,4,0,0
61,153,472,105,24,33,1,5,0,0
61,154,449,205,29,36,1,6,0,0
61,155,446,277,33,57,1,4,0,0
62,6,663,126,15,25,1,10,0,1
62,7,641,258,30,38,1,4,0,0
62,8,635,174,28,35,1,4,0,0
62,37,516,352,38,67,1,4,0,0
62,69,605,634,55,114,1,4,0,0
62,71,649,346,40,53,1,4,0,0
62,72,592,240,31,42,1,4,0,0
62,125,668,501,54,84,1,4,0,0
62,126,588,435,41,75,1,4,0,0
62,127,168,204,56,31,1,4,0,0
62,129,829,103,48,39,1,4,0,2
62,131,314,502,26,35,1,1,0,0
62,139,737,250,10,17,1,2,0,1
62,140,737,255,11,18,1,10,0,1
62,144,988,164,28,23,1,5,0,1
62,145,858,140,39,22,1,4,0,0
62,146,939,130,48,23,1,4,1,0
62,147,113,194,58,28,1,4,0,1
62,148,1023,120,31,26,1,4,0,0
62,149,518,187,21,33,1,4,0,0
62,150,520,124,18,26,1,4,0,2
62,151,498,88,17,23,1,4,0,0
62,152,497,42,16,21,1,4,0,0
62,153,471,114,24,33,1,5,0,0
62,154,447,217,29,36,1,6,0,0
62,155,444,292,35,59,1,4,0,0
63,6,663,126,15,25,1,10,0,1
63,7,642,259,30,38,1,4,0,0
63,8,637,177,28,34,1,4,0,0
63,37,516,374,39,70,1,4,0,0
63,69,604,636,56,113,1,4,0,0
63,71,649,346,40,53,1,4,0,0
63,72,594,239,31,42,1,4,0,0
63,125,668,504,55,85,1,4,0,0
63,126,588,436,41,74,1,4,0,0
63,127,154,210,56,31,1,4,0,0
63,129,838,107,50,39,1,4,0,2
63,131,313,511,26,35,1,1,0,0
63,139,739,254,10,17,1,2,0,1
63,140,738,259,11,18,1,10,0,1
63,144,992,169,29,24,1,5,0,1
63,145,861,145,39,23,1,4,0,0
63,146,942,135,48,24,1,4,1,0
63,147,94,200,58,28,1,4,0,2
63,148,1026,125,31,26,1,4,0,0
63,149,519,198,21,34,1,4,0,0
63,150,521,134,18,25,1,4,0,2
63,151,499,96,18,24,1,4,0,0
63,152,497,51,16,21,1,4,0,0
63,153,471,123,24,33,1,5,0,0
63,154,445,228,30,37,1,6,0,0
63,155,442,306,36,62,1,4,0,0
64,6,663,126,15,25,1,10,0,1
64,7,642,260,30,38,1,4,0,0
64,8,638,179,27,33,1,4,0,0
64,37,514,400,42,76,1,4,0,0
64,69,604,638,56,113,1,4,0,0
64,71,649,347,40,52,1,4,0,0
64,72,595,238,30,42,1,4,0,0
64,125,668,508,56,86,1,4,0,0
64,126,589,436,40,74,1,4,0,0
64,127,132,216,56,31,1,4,0,1
64,129,847,112,52,38,1,4,0,1
64,131,310,520,26,35,1,1,0,0
64,139,740,259,10,17,1,2,0,1
64,140,739,264,11,18,1,10,0,1
64,144,995,175,30,24,1,5,0,1
64,145,863,151,40,22,1,4,0,0
64,146,945,140,48,24,1,4,1,0
64,147,70,208,57,28,1,4,0,2
64,148,1030,131,31,26,1,4,0,0
64,149,519,212,21,35,1,4,0,0
64,150,520,143,18,27,1,4,0,2
64,151,500,105,17,24,1,4,0,0
64,152,495,59,16,21,1,4,0,0
64,153,464,131,28,33,1,5,0,0
64,154,443,239,31,38,1,6,0,0
64,155,440,321,37,65,1,4,0,0
64,156,515,0,15,17,1,5,1,0
65,6,663,126,15,25,1,10,0,1
65,7,643,261,30,38,1,4,0,0
65,8,639,181,26,33,1,4,0,0
65,37,512,426,45,83,1,4,0,0
65,69,604,640,56,113,1,4,0,0
65,71,649,347,40,52,1,4,0,0
65,72,596,238,29,41,1,4,0,0
65,125,669,512,56,87,1,4,0,0
65,126,589,437,40,74,1,4,0,0
65,127,112,222,56,32,1,4,0,1
65,129,860,118,49,37,1,4,0,1
65,131,308,530,26,35,1,1,0,0
65,139,741,264,10,17,1,2,0,1
65,140,740,269,11,18,1,10,0,1
65,144,999,181,31,24,1,5,0,1
65,145,866,156,40,23,1,4,0,0
65,146,948,145,48,25,1,4,1,0
65,147,47,217,56,28,1,4,0,2
65,148,1034,136,31,26,1,4,0,0
65,149,519,226,22,36,1,4,0,0
65,150,519,152,19,30,1,4,0,2
65,151,501,114,17,25,1,4,0,0
65,152,494,68,16,21,1,4,0,0
65,153,458,139,32,34,1,5,0,0
65,154,441,251,32,38,1,6,0,0
65,155,438,336,38,67,1,4,0,0
65,156,515,5,15,18,1,5,1,0
66,6,662,125,15,25,1,10,0,0
66,7,643,262,30,38,1,4,0,0
66,8,640,183,25,32,1,4,0,0
66,37,509,459,48,89,1,4,0,0
66,69,604,641,56,112,1,4,0,0
66,71,649,348,40,51,1,4,0,0
66,72,597,238,28,40,1,4,0,0
66,125,669,516,57,88,1,4,0,0
66,126,590,437,39,74,1,4,0,0
66,127,91,229,56,32,1,4,0,2
66,129,874,124,45,37,1,4,0,1
66,131,306,540,26,35,1,1,0,0
66,139,742,269,10,17,1,2,0,1
66,140,741,275,11,18,1,10,0,1
66,144,1002,187,32,24,1,5,0,1
66,145,868,162,41,22,1,4,0,0
66,146,951,150,48,25,1,4,1,0
66,147,23,226,55,28,1,4,0,2
66,148,1038,141,31,26,1,4,0,0
66,149,519,240,23,37,1,4,0,0
66,150,518,161,20,32,1,4,0,2
66,151,502,123,17,25,1,4,0,0
66,152,492,76,16,21,1,4,0,0
66,153,452,147,36,34,1,5,0,0
66,154,437,263,33,40,1,6,0,0
66,155,435,354,40,69,1,4,0,0
66,156,515,10,16,19,1,5,1,0
67,6,662,125,15,25,1,10,0,0
67,7,644,264,30,38,1,4,0,0
67,8,642,186,24,31,1,4,0,0
67,37,505,498,50,96,1,4,0,0
67,69,604,643,56,110,1,4,0,0
67,71,649,349,40,50,1,4,0,0
67,72,598,238,28,40,1,4,0,0
67,125,669,520,58,89,1,4,0,0
67,126,591,438,39,74,1,4,0,0
67,127,71,235,55,33,1,4,0,2
67,129,886,123,45,37,1,4,0,1
67,131,304,550,26,35,1,1,0,0
67,139,743,274,10,17,1,2,0,1
67,140,742,280,11,18,1,10,0,1
67,144,1006,193,33,25,1,5,0,1
67,145,871,168,42,22,1,4,0,0
67,146,955,156,47,25,1,4,1,0
67,147,0,235,54,28,1,4,1,2
67,148,1042,147,31,26,1,4,0,0
67,149,520,255,23,37,1,4,0,0
67,150,517,171,21,34,1,4,0,2
67,151,503,132,17,26,1,4,0,0
67,152,491,85,16,21,1,4,0,0
67,153,446,155,40,35,1,5,0,0
67,154,434,275,34,43,1,6,0,0
67,155,433,376,40,71,1,4,0,0
67,156,515,16,16,19,1,5,1,0
68,6,662,125,15,24,1,10,0,0
68,7,644,264,30,39,1,4,0,0
68,8,643,187,24,31,1,4,0,0
68,37,501,537,52,102,1,4,0,0
68,69,604,644,56,109,1,4,0,0
68,71,649,349,39,49,1,4,0,0
68,72,599,237,28,40,1,4,0,0
68,125,670,524,58,90,1,4,0,0
68,126,591,439,39,74,1,4,0,0
68,127,51,242,55,33,1,4,0,2
68,129,899,126,44,37,1,4,0,1
68,131,300,561,26,35,1,1,0,0
68,139,744,280,10,17,1,2,0,1
68,140,744,285,11,18,1,10,0,1
68,144,1010,199,33,25,1,5,0,1
68,145,874,173,42,22,1,4,0,0
68,146,959,161,47,25,1,4,1,0
68,147,0,235,46,28,1,4,1,2
68,148,1046,152,31,26,1,4,0,0
68,149,516,271,24,39,1,4,0,0
68,150,517,182,21,34,1,4,0,2
68,151,503,139,17,27,1,4,0,0
68,152,489,93,17,21,1,4,0,0
68,153,437,163,42,37,1,5,0,0
68,154,430,290,34,45,1,6,0,0
68,155,428,400,43,75,1,4,0,0
68,156,516,21,16,20,1,5,1,0
69,6,662,124,15,24,1,10,0,0
69,7,645,265,30,39,1,4,0,0
69,8,644,188,24,32,1,4,0,0
69,37,497,575,54,109,1,4,0,0
69,69,605,646,56,107,1,4,0,0
69,71,650,350,37,48,1,4,0,0
69,72,600,236,28,40,1,4,0,0
69,125,670,527,58,91,1,4,0,0
69,126,591,440,39,74,1,4,0,0
69,127,38,243,55,33,1,4,1,2
69,129,912,129,44,37,1,4,0,1
69,131,297,572,26,35,1,1,0,0
69,139,745,285,10,17,1,2,0,1
69,140,745,291,11,18,1,10,0,1
69,144,1015,205,33,25,1,5,0,1
69,145,877,178,42,22,1,4,0,0
69,146,963,166,47,25,1,4,1,0
69,148,1051,157,31,26,1,4,0,0
69,149,516,287,26,42,1,4,0,0
69,150,517,193,21,34,1,4,0,2
69,151,503,146,18,28,1,4,0,0
69,152,487,101,18,22,1,4,0,0
69,153,428,172,44,38,1,5,0,0
69,154,425,307,35,47,1,6,0,0
69,155,421,427,46,80,1,4,0,0
69,156,516,27,16,20,1,5,1,0
70,6,662,124,15,24,1,10,0,0
70,7,645,266,30,38,1,4,0,0
70,8,645,189,24,32,1,4,0,0
70,37,495,595,55,112,1,4,0,0
70,69,605,646,56,107,1,4,0,0
70,71,651,350,36,48,1,4,0,0
70,72,601,235,28,41,1,4,0,0
70,125,670,529,58,92,1,4,0,0
70,126,591,441,39,74,1,4,0,0
70,127,18,245,58,34,1,4,1,2
70,129,919,131,44,37,1,4,0,1
70,131,295,577,26,35,1,1,0,0
70,139,746,287,10,17,1,2,0,1
70,140,745,293,11,18,1,10,0,1
70,144,1018,208,33,25,1,5,0,1
70,145,878,181,42,22,1,4,0,0
70,146,966,169,47,25,1,4,1,0
70,148,1054,159,31,26,1,4,0,0
70,149,516,295,26,43,1,4,0,0
70,150,517,198,21,34,1,4,0,2
70,151,503,149,19,29,1,4,0,0
70,152,486,105,19,23,1,4,0,0
70,153,423,177,45,38,1,5,0,0
70,154,422,315,36,49,1,6,0,0
70,155,418,440,47,83,1,4,0,0
70,156,516,30,16,20,1,5,1,0
71,6,662,124,15,23,1,10,0,0
71,7,646,267,30,39,1,4,0,0
71,8,647,191,24,32,1,4,0,0
71,69,605,648,56,105,1,4,0,0
71,71,652,351,35,47,1,4,0,0
71,72,603,235,28,41,1,4,0,0
71,125,670,532,58,93,1,4,0,0
71,126,591,442,39,74,1,4,0,0
71,127,1,253,39,34,1,4,1,2
71,129,932,135,44,37,1,4,0,1
71,131,292,589,26,35,1,1,0,0
71,139,747,293,10,17,1,2,0,1
71,140,747,299,11,18,1,10,0,1
71,144,1022,214,33,25,1,5,0,1
71,145,881,186,42,22,1,4,0,0
71,146,970,174,47,25,1,4,1,0
71,148,1058,164,31,26,1,4,0,0
71,149,517,311,27,46,1,4,0,0
71,150,518,210,21,34,1,4,0,2
71,151,503,157,20,29,1,4,0,0
71,152,484,114,21,23,1,4,0,0
71,153,415,186,47,39,1,5,0,0
71,154,417,332,37,51,1,6,0,0
71,155,411,469,50,87,1,6,0,1
71,156,517,35,16,22,1,5,1,0
72,6,662,123,14,24,1,10,0,0
72,7,646,267,30,39,1,4,0,0
72,8,649,193,24,32,1,4,0,0
72,69,605,649,56,104,1,4,0,0
72,71,652,352,35,47,1,4,0,0
72,72,603,235,28,40,1,4,0,0
72,125,671,536,57,94,1,4,0,0
72,126,591,444,39,74,1,4,0,0
72,129,945,138,43,37,1,4,0,1
72,131,287,601,26,35,1,1,0,0
72,139,748,298,10,17,1,2,0,1
72,140,748,304,11,18,1,10,0,1
72,144,1027,220,33,25,1,5,0,1
72,145,884,192,42,22,1,4,0,0
72,146,974,179,47,25,1,4,1,0
72,148,1063,169,31,26,1,4,0,0
72,149,515,328,29,49,1,4,0,0
72,150,516,222,22,34,1,4,0,2
72,151,503,168,20,29,1,4,0,0
72,152,482,124,21,23,1,4,0,0
72,153,405,196,47,39,1,5,0,0
72,154,412,349,38,53,1,6,0,0
72,155,404,499,53,91,1,6,0,1
72,156,517,40,17,23,1,5,1,0
72,158,505,59,11,16,1,8,0,0
73,6,661,123,15,23,1,10,0,0
73,7,646,268,30,39,1,4,0,0
73,8,650,194,24,32,1,4,0,0
73,69,605,651,56,102,1,4,0,0
73,71,652,353,36,47,1,4,0,0
73,72,604,235,27,39,1,4,0,0
73,125,671,540,57,95,1,4,0,0
73,126,590,446,40,74,1,4,0,0
73,129,959,141,42,37,1,4,0,1
73,131,282,613,26,35,1,1,0,0
73,139,749,304,10,17,1,2,0,1
73,140,750,310,11,18,1,10,0,1
73,144,1032,225,33,25,1,5,0,1
73,145,887,197,42,22,1,4,0,0
73,146,978,184,47,25,1,4,1,0
73,148,1068,174,31,26,1,4,0,0
73,149,514,347,31,52,1,4,0,0
73,150,515,235,22,35,1,4,0,2
73,151,502,178,20,29,1,4,0,0
73,152,480,133,22,23,1,4,0,0
73,153,392,206,49,39,1,5,0,0
73,154,407,366,39,55,1,6,0,0
73,155,397,529,56,96,1,6,0,1
73,156,517,46,17,23,1,5,1,0
73,158,504,64,11,16,1,8,0,0
74,6,661,123,15,22,1,10,0,0
74,7,646,269,30,39,1,4,0,0
74,8,650,194,24,32,1,4,0,0
74,69,605,652,56,102,1,4,0,0
74,71,652,353,36,47,1,4,0,0
74,72,605,235,27,38,1,4,0,0
74,125,671,543,57,96,1,4,0,0
74,126,590,449,40,74,1,4,0,0
74,129,972,145,42,37,1,4,0,1
74,131,277,626,27,36,1,1,0,0
74,139,751,310,10,17,1,2,0,1
74,140,752,316,11,18,1,10,0,1
74,144,1038,231,33,24,1,5,0,1
74,145,891,201,42,22,1,4,0,0
74,146,982,189,47,25,1,4,1,0
74,148,1072,178,33,28,1,4,0,0
74,149,513,369,32,55,1,4,0,0
74,150,513,247,24,38,1,4,0,2
74,151,500,187,22,30,1,4,0,0
74,152,478,141,22,25,1,4,0,0
74,153,378,216,52,39,1,5,0,0
74,154,402,383,40,57,1,6,0,0
74,155,390,560,59,100,1,6,0,0
74,156,517,51,18,24,1,5,1,0
74,158,503,70,11,16,1,8,0,0
74,159,543,5,17,18,1,4,0,0
74,161,970,228,46,38,1,4,0,1
75,6,661,122,15,23,1,10,0,0
75,7,646,269,30,40,1,4,0,0
75,8,650,194,24,32,1,4,0,0
75,69,605,652,56,102,1,4,0,0
75,71,652,353,36,47,1,4,0,0
75,72,605,235,27,37,1,4,0,0
75,125,671,547,57,97,1,4,0,0
75,126,589,451,40,74,1,4,0,0
75,129,986,149,42,37,1,4,0,1
75,131,272,639,27,36,1,1,0,0
75,139,752,316,10,17,1,2,0,1
75,140,754,322,11,18,1,10,0,1
75,144,1044,236,33,24,1,5,0,1
75,145,895,205,42,22,1,4,0,0
75,146,986,194,47,25,1,4,1,0
75,148,1077,182,34,29,1,4,0,0
75,149,512,390,33,59,1,4,0,0
75,150,511,259,26,40,1,4,0,2
75,151,498,196,24,31,1,4,0,0
75,152,475,149,23,27,1,4,0,0
75,153,364,226,55,39,1,5,0,0
75,154,397,400,41,60,1,6,0,0
75,155,382,602,60,105,1,6,0,0
75,156,518,57,17,24,1,5,1,0
75,158,502,76,11,16,1,8,0,0
75,159,543,10,17,19,1,4,0,0
75,161,975,234,47,39,1,4,0,1
76,6,661,122,15,22,1,10,0,0
76,7,647,270,30,41,1,4,0,0
76,8,652,196,24,32,1,4,0,0
76,69,605,652,56,102,1,4,0,0
76,71,652,353,36,48,1,4,0,0
76,72,607,236,28,36,1,4,0,0
76,125,673,550,55,97,1,4,0,0
76,126,588,454,40,74,1,4,0,0
76,129,1001,153,41,37,1,4,0,1
76,131,268,652,27,37,1,1,0,0
76,139,754,322,10,17,1,2,0,1
76,140,756,328,11,18,1,10,0,1
76,144,1050,242,33,24,1,5,0,1
76,145,899,210,42,22,1,4,0,0
76,146,990,199,47,25,1,4,1,0
76,148,1082,187,35,30,1,4,0,0
76,149,512,415,33,63,1,4,0,0
76,150,511,273,26,42,1,4,0,2
76,151,497,206,25,31,1,4,0,0
76,152,473,158,23,27,1,4,0,0
76,153,349,236,57,40,1,5,0,0
76,154,392,424,41,62,1,6,0,0
76,155,374,644,62,111,1,6,0,0
76,156,518,62,18,25,1,5,1,0
76,157,0,382,79,41,1,4,0,2
76,158,501,82,11,16,1,8,0,0
76,159,542,15,18,20,1,4,0,0
76,161,980,241,49,39,1,4,0,1
77,6,661,122,14,22,1,10,0,0
77,7,647,271,31,41,1,4,0,0
77,8,653,197,24,32,1,4,0,0
77,69,605,652,56,102,1,4,0,0
77,71,652,353,36,48,1,4,0,0
77,72,609,236,28,36,1,4,0,0
77,125,674,552,54,95,1,4,0,0
77,126,588,456,40,74,1,4,0,0
77,129,1008,155,41,37,1,4,0,1
77,131,264,660,28,37,1,1,0,0
77,139,755,325,10,17,1,2,0,1
77,140,757,331,11,18,1,10,0,1
77,144,1052,245,34,24,1,5,0,1
77,145,901,213,42,22,1,4,0,0
77,146,992,202,48,25,1,4,1,0
77,148,1084,189,36,31,1,4,0,0
77,149,512,429,34,65,1,4,0,0
77,150,511,280,26,44,1,4,0,2
77,151,497,212,25,31,1,4,0,0
77,152,472,162,23,27,1,4,0,0
77,153,341,242,58,40,1,5,0,0
77,154,389,436,42,63,1,6,0,0
77,155,370,668,64,87,1,6,1,0
77,156,518,65,18,25,1,5,1,0
77,157,0,387,79,41,1,4,0,2
77,158,501,85,11,16,1,8,0,0
77,159,542,18,18,20,1,4,0,0
77,161,982,244,51,40,1,4,0,1
78,6,661,122,14,21,1,10,0,0
78,7,648,273,31,41,1,4,0,0
78,8,654,198,24,32,1,4,0,0
78,69,605,653,56,101,1,4,0,0
78,71,652,353,36,48,1,4,0,0
78,72,611,236,28,36,1,4,0,0
78,125,675,556,53,93,1,4,0,0
78,126,587,459,40,74,1,4,0,0
78,129,1023,160,41,36,1,4,0,2
78,131,257,676,31,37,1,1,0,0
78,139,756,329,11,17,1,2,0,1
78,140,757,339,10,18,1,10,0,2
78,144,1058,251,35,26,1,5,0,1
78,145,905,219,42,23,1,4,0,0
78,146,997,208,49,26,1,4,1,0
78,148,1090,195,37,31,1,4,0,0
78,149,513,457,34,69,1,4,0,0
78,150,512,295,26,46,1,4,0,2
78,151,495,225,26,32,1,4,0,0
78,152,467,172,25,28,1,4,0,0
78,153,325,254,59,39,1,5,0,0
78,154,382,460,44,68,1,6,0,0
78,156,519,71,18,26,1,5,1,0
78,157,0,397,79,41,1,4,0,2
78,158,500,90,11,16,1,8,0,0
78,159,542,23,18,21,1,4,0,0
78,161,988,251,51,40,1,4,0,1
79,6,661,121,14,21,1,10,0,0
79,7,649,275,31,41,1,4,0,0
79,8,655,199,24,32,1,4,0,0
79,69,604,653,56,101,1,4,0,0
79,71,652,354,36,48,1,4,0,0
79,72,612,236,28,37,1,4,0,0
79,125,675,560,53,93,1,4,0,0
79,126,584,462,41,74,1,4,0,0
79,129,1037,164,41,36,1,4,0,2
79,131,249,692,34,38,1,1,0,0
79,139,757,336,10,17,1,2,0,2
79,140,758,342,11,19,1,10,0,2
79,144,1064,258,37,27,1,5,0,1
79,145,909,225,43,24,1,4,0,0
79,146,1002,214,50,27,1,4,1,0
79,148,1096,200,38,32,1,4,0,0
79,149,510,487,37,78,1,4,0,0
79,150,509,312,28,50,1,4,0,2
79,151,492,239,27,34,1,4,0,0
79,152,460,184,28,29,1,4,0,0
79,153,308,262,62,43,1,5,0,0
79,154,373,484,49,74,1,6,0,0
79,156,517,78,19,26,1,5,1,0
79,157,0,407,78,42,1,4,0,2
79,158,499,96,11,16,1,8,0,0
79,159,541,28,18,22,1,4,0,0
79,161,993,257,53,41,1,4,0,1
80,6,660,121,15,21,1,10,0,0
80,7,650,277,31,41,1,4,0,0
80,8,655,200,25,32,1,4,0,0
80,69,604,653,56,101,1,4,0,0
80,71,652,354,36,48,1,4,0,0
80,72,613,237,28,37,1,4,0,0
80,125,675,564,54,93,1,4,0,0
80,126,581,465,42,74,1,4,0,0
80,129,1052,168,41,36,1,4,0,2
80,131,242,708,37,38,1,1,0,0
80,139,761,342,11,17,1,2,0,2
80,140,762,349,11,18,1,10,0,2
80,144,1070,264,38,29,1,5,0,1
80,145,913,231,44,25,1,4,0,0
80,146,1007,220,51,27,1,4,1,0
80,148,1101,206,40,32,1,4,0,0
80,149,507,517,41,88,1,4,0,0
80,150,506,329,30,55,1,4,0,2
80,151,489,253,28,36,1,4,0,0
80,152,453,195,31,30,1,4,0,0
80,153,289,271,64,46,1,5,0,0
80,154,361,514,53,80,1,6,0,0
80,156,516,85,20,27,1,5,1,0
80,157,0,417,78,42,1,4,0,2
80,158,498,102,11,16,1,8,0,0
80,159,541,34,18,22,1,4,0,0
80,161,998,264,55,41,1,4,0,1
81,6,660,120,15,21,1,10,0,0
81,7,651,279,31,41,1,4,0,0
81,8,656,201,25,32,1,4,0,0
81,69,604,654,56,100,1,4,0,0
81,71,652,354,36,49,1,4,0,0
81,72,613,238,29,36,1,4,0,0
81,125,676,568,53,93,1,4,0,0
81,126,578,469,44,73,1,4,0,0
81,129,1067,172,40,36,1,4,0,2
81,139,765,350,11,17,1,2,0,2
81,140,766,355,11,18,1,10,0,2
81,144,1076,271,39,30,1,5,0,1
81,145,917,237,44,27,1,4,0,0
81,146,1012,227,52,27,1,4,1,0
81,148,1107,211,41,33,1,4,0,0
81,149,501,558,44,98,1,4,0,0
81,150,503,349,32,59,1,4,0,2
81,151,487,267,28,38,1,4,0,0
81,152,447,207,33,31,1,4,0,0
81,153,270,281,67,48,1,5,0,0
81,154,352,546,55,85,1,6,0,0
81,156,515,92,20,28,1,5,1,0
81,157,0,427,78,42,1,4,0,2
81,158,497,108,11,16,1,8,0,0
81,159,540,39,19,23,1,4,0,0
81,161,1003,271,57,42,1,4,0,1
82,6,660,120,15,20,1,10,0,0
82,7,652,281,31,41,1,4,0,0
82,8,657,202,25,32,1,4,0,0
82,69,604,654,56,100,1,4,0,0
82,71,652,354,36,49,1,4,0,0
82,72,614,238,29,37,1,4,0,0
82,125,676,572,54,93,1,4,0,0
82,126,576,472,44,74,1,4,0,0
82,129,1082,176,41,36,1,4,0,2
82,139,768,358,11,16,1,2,0,2
82,140,770,361,11,17,1,10,0,2
82,144,1082,278,41,31,1,5,0,1
82,145,921,243,45,28,1,4,0,0
82,146,1017,233,53,28,1,4,1,0
82,148,1112,216,43,34,1,4,0,0
82,149,495,600,48,108,1,4,0,0
82,150,500,369,34,63,1,4,0,2
82,151,484,281,29,40,1,4,0,0
82,152,440,218,36,33,1,4,0,0
82,153,249,291,69,49,1,5,0,0
82,154,339,586,56,94,1,6,0,0
82,156,513,100,22,27,1,5,1,0
82,157,0,438,73,42,1,4,0,2
82,158,496,113,11,16,1,8,0,0
82,159,540,44,19,24,1,4,0,0
82,161,1008,277,59,43,1,4,0,1
83,6,660,120,14,20,1,10,0,0
83,7,653,283,31,41,1,4,0,0
83,8,657,203,26,32,1,4,0,0
83,69,604,654,56,100,1,4,0,0
83,71,652,354,36,49,1,4,0,0
83,72,615,239,29,37,1,4,0,0
83,125,676,576,54,93,1,4,0,0
83,126,573,476,45,73,1,4,0,0
83,129,1097,181,44,36,1,4,0,2
83,139,771,366,11,15,1,2,0,2
83,140,774,367,11,17,1,10,0,2
83,144,1088,285,43,32,1,5,0,1
83,145,925,250,46,28,1,4,0,0
83,146,1022,239,55,29,1,4,1,0
83,148,1118,222,44,35,1,4,0,0
83,149,491,647,48,93,1,4,0,0
83,150,498,392,36,68,1,4,0,2
83,151,481,295,30,42,1,4,0,0
83,152,433,230,39,33,1,4,0,0
83,153,226,303,72,48,1,5,0,0
83,154,326,627,58,102,1,6,0,0
83,156,512,107,22,28,1,5,1,0
83,157,0,450,65,42,1,4,0,2
83,158,495,119,11,16,1,8,0,0
83,159,539,49,19,25,1,4,0,0
83,161,1013,284,61,43,1,4,0,1
84,6,660,119,14,20,1,10,0,0
84,7,654,285,31,41,1,4,0,0
84,8,658,204,26,32,1,4,0,0
84,69,604,655,56,99,1,4,0,0
84,71,652,356,37,49,1,4,0,0
84,72,616,239,29,38,1,4,0,0
84,125,677,580,54,93,1,4,0,0
84,126,570,480,47,74,1,4,0,0
84,129,1112,186,47,35,1,4,0,2
84,144,1095,293,45,33,1,5,0,1
84,145,929,256,46,29,1,4,0,0
84,146,1027,245,56,30,1,4,1,0
84,148,1124,227,45,36,1,4,0,0
84,150,496,418,39,72,1,4,0,2
84,151,477,310,31,45,1,4,0,0
84,152,426,241,42,35,1,4,0,0
84,153,203,314,74,48,1,5,0,0
84,154,315,670,60,83,1,6,0,0
84,156,511,114,23,29,1,5,1,0
84,157,0,462,57,42,1,4,0,2
84,158,494,125,11,16,1,8,0,0
84,159,539,54,19,26,1,4,0,0
84,161,1018,290,63,44,1,4,0,1
85,6,660,119,14,19,1,10,0,0
85,7,655,287,31,41,1,4,0,0
85,8,659,205,26,32,1,4,0,0
85,69,605,657,56,97,1,4,0,0
85,71,653,358,37,49,1,4,0,0
85,72,617,240,29,38,1,4,0,0
85,125,678,584,54,93,1,4,0,0
85,126,566,484,49,76,1,4,0,0
85,129,1127,191,50,35,1,4,0,2
85,144,1102,301,47,34,1,5,0,1
85,145,933,262,47,30,1,4,0,0
85,146,1032,252,57,29,1,4,1,0
85,148,1129,233,47,36,1,4,0,0
85,150,494,444,42,76,1,4,0,2
85,151,471,328,32,47,1,4,0,0
85,152,419,253,45,36,1,4,0,0
85,153,180,326,76,47,1,5,0,0
85,156,510,122,24,29,1,5,1,0
85,157,0,475,49,42,1,4,0,2
85,158,493,131,11,16,1,8,0,0
85,159,538,59,20,27,1,4,0,0
85,161,1024,297,63,44,1,4,0,1
86,6,660,119,14,19,1,10,0,0
86,7,655,288,31,41,1,4,0,0
86,8,659,205,26,33,1,4,0,0
86,69,605,658,56,96,1,4,0,0
86,71,654,359,37,49,1,4,0,0
86,72,617,240,30,38,1,4,0,0
86,125,679,586,54,93,1,4,0,0
86,126,564,486,50,77,1,4,0,0
86,129,1135,194,51,34,1,4,0,2
86,144,1105,305,48,34,1,5,0,1
86,145,935,265,47,31,1,4,0,0
86,146,1035,255,57,30,1,4,1,0
86,148,1132,235,48,37,1,4,0,0
86,150,493,457,43,78,1,4,0,2
86,151,468,337,32,48,1,4,0,0
86,152,416,259,46,36,1,4,0,0
86,153,169,332,77,46,1,5,0,0
86,156,508,125,24,30,1,5,1,0
86,157,0,482,45,42,1,4,0,2
86,158,493,134,11,16,1,8,0,0
86,159,538,62,20,27,1,4,0,0
86,161,1026,300,65,45,1,4,0,1
87,6,659,119,15,18,1,10,0,0
87,7,656,289,31,42,1,4,0,0
87,8,660,205,26,33,1,4,0,0
87,69,606,660,56,95,1,4,0,0
87,71,655,360,37,50,1,4,0,0
87,72,618,240,30,38,1,4,0,0
87,125,680,590,54,93,1,4,0,0
87,126,558,491,54,78,1,4,0,0
87,129,1150,198,54,34,1,4,0,2
87,144,1112,313,50,35,1,5,0,1
87,145,939,271,48,32,1,4,0,0
87,146,1040,261,58,31,1,4,1,0
87,148,1138,241,49,37,1,4,0,0
87,150,492,486,45,82,1,4,0,2
87,151,461,357,35,50,1,4,0,0
87,152,405,271,50,39,1,4,0,0
87,153,145,342,79,47,1,5,0,0
87,156,504,133,25,31,1,5,1,0
87,158,491,139,12,16,1,8,0,0
87,159,537,67,20,28,1,4,0,0
87,161,1031,307,67,45,1,4,0,1
88,6,659,118,14,19,1,10,0,0
88,7,656,290,31,42,1,4,0,0
88,8,660,205,26,33,1,4,0,0
88,69,605,658,56,96,1,4,0,0
88,71,655,361,37,50,1,4,0,0
88,72,618,240,30,37,1,4,0,0
88,125,680,592,54,95,1,4,0,0
88,126,552,496,56,79,1,4,0,0
88,129,1166,201,56,34,1,4,0,2
88,144,1118,321,53,35,1,5,0,1
88,145,943,277,49,33,1,4,0,0
88,146,1045,267,59,31,1,4,1,0
88,148,1143,246,51,38,1,4,0,0
88,150,490,518,47,86,1,4,0,2
88,151,453,380,40,52,1,4,0,0
88,152,391,284,54,44,1,4,0,0
88,153,121,352,79,48,1,5,0,0
88,156,500,140,25,33,1,5,1,0
88,158,489,144,12,17,1,8,0,0
88,159,535,73,21,28,1,4,0,0
88,161,1037,314,68,46,1,4,0,1
89,6,659,118,14,18,1,10,0,0
89,7,657,291,31,42,1,4,0,0
89,8,660,204,26,34,1,4,0,0
89,69,605,657,55,97,1,4,0,0
89,71,655,362,37,51,1,4,0,0
89,72,619,239,30,37,1,4,0,0
89,125,680,594,54,98,1,4,0,0
89,126,546,501,58,81,1,4,0,0
89,129,1182,203,58,34,1,4,0,2
89,144,1125,328,55,37,1,5,0,1
89,145,947,283,49,34,1,4,0,0
89,146,1050,273,60,32,1,4,1,0
89,148,1149,252,52,38,1,4,0,0
89,150,488,555,48,93,1,4,0,2
89,151,444,402,45,55,1,4,0,0
89,152,372,298,59,46,1,4,0,0
89,153,92,363,80,49,1,5,0,0
89,156,496,147,26,35,1,5,1,0
89,158,486,150,13,16,1,8,0,0
89,159,533,79,21,29,1,4,0,0
89,161,1044,321,68,46,1,4,0,1
90,6,659,118,14,17,1,10,0,0
90,7,657,292,31,42,1,4,0,0
90,8,660,204,26,34,1,4,0,0
90,69,604,656,55,98,1,4,0,0
90,71,655,363,37,51,1,4,0,0
90,72,620,239,30,36,1,4,0,0
90,125,680,596,54,100,1,4,0,0
90,126,540,506,60,82,1,4,0,0
90,129,1198,206,60,34,1,4,0,2
90,144,1132,335,56,39,1,5,0,1
90,145,952,290,49,34,1,4,0,0
90,146,1056,279,61,33,1,4,1,0
90,148,1155,257,54,40,1,4,0,0
90,150,486,595,48,103,1,4,0,2
90,151,434,428,49,59,1,4,0,0
90,152,354,312,63,48,1,4,0,0
90,153,64,374,81,50,1,5,0,0
90,156,492,155,27,36,1,5,1,0
90,158,484,155,13,17,1,8,0,0
90,159,531,84,22,30,1,4,0,0
90,161,1052,329,68,46,1,4,0,1
91,6,659,117,14,18,1,10,0,0
91,7,657,293,31,42,1,4,0,0
91,8,660,204,26,33,1,4,0,0
91,60,741,164,24,35,1,6,0,1
91,69,604,655,55,99,1,4,0,0
91,71,655,363,37,52,1,4,0,0
91,72,620,238,30,36,1,4,0,0
91,125,681,598,53,103,1,4,0,0
91,126,534,511,63,84,1,4,0,0
91,129,1214,209,63,34,1,4,0,2
91,144,1140,343,56,41,1,5,0,1
91,145,958,296,49,35,1,4,0,0
91,146,1062,284,63,34,1,4,1,0
91,148,1163,262,54,41,1,4,0,0
91,150,484,636,48,112,1,4,0,2
91,151,424,457,51,65,1,4,0,0
91,152,334,326,67,50,1,4,0,0
91,153,32,387,87,49,1,5,0,0
91,156,488,162,27,38,1,5,1,0
91,158,481,160,14,18,1,8,0,0
91,159,529,90,23,31,1,4,0,0
91,161,1060,336,68,47,1,4,0,1
92,6,659,117,14,17,1,10,0,0
92,7,658,294,31,42,1,4,0,0
92,8,660,203,26,34,1,4,0,0
92,60,743,167,24,36,1,6,0,1
92,69,602,649,55,105,1,4,0,0
92,71,655,364,37,53,1,4,0,0
92,72,621,237,30,36,1,4,0,0
92,125,680,597,55,103,1,4,0,0
92,126,524,515,66,85,1,4,0,0
92,129,1233,213,62,34,1,4,0,2
92,144,1147,350,57,43,1,5,0,1
92,145,963,302,49,35,1,4,0,0
92,146,1069,290,63,34,1,4,1,0
92,148,1170,268,55,41,1,4,0,0
92,150,480,682,48,70,1,4,1,0
92,151,414,487,53,71,1,4,0,0
92,152,314,340,71,50,1,4,0,0
92,153,7,398,82,48,1,5,0,0
92,156,483,170,28,40,1,5,1,0
92,158,478,166,15,17,1,8,0,0
92,159,527,96,24,31,1,4,0,0
92,161,1068,344,68,47,1,4,0,1
93,6,659,117,14,17,1,10,0,0
93,7,658,295,31,42,1,4,0,0
93,8,660,203,26,34,1,4,0,0
93,60,744,168,24,36,1,6,0,1
93,69,602,646,55,109,1,4,0,0
93,71,655,365,37,52,1,4,0,0
93,72,621,237,30,36,1,4,0,0
93,125,680,597,56,103,1,4,0,0
93,126,519,518,68,85,1,4,0,0
93,129,1242,215,62,34,1,4,0,2
93,144,1150,353,58,44,1,5,0,1
93,145,966,305,49,36,1,4,0,0
93,146,1072,292,64,35,1,4,1,0
93,148,1174,270,55,42,1,4,0,0
93,151,406,505,55,73,1,4,0,0
93,152,301,347,73,50,1,4,0,0
93,153,0,403,71,48,1,5,1,0
93,156,481,174,28,41,1,5,1,0
93,158,477,168,15,18,1,8,0,0
93,159,527,99,23,32,1,4,0,0
93,161,1072,348,68,47,1,4,0,1
