1,4,1208,507,81,53,1,4,0,0
1,8,472,959,275,111,1,4,1,0
1,9,1024,614,282,252,1,6,0,0
1,10,1046,627,102,73,1,4,0,2
1,11,1198,587,94,58,1,4,0,1
1,12,1334,515,70,65,1,5,0,0
1,13,1364,485,60,39,1,4,0,1
1,14,1427,458,51,37,1,4,0,0
1,15,1452,431,50,41,1,6,0,1
1,16,1494,416,44,31,1,4,0,1
1,17,1536,399,35,29,1,4,0,1
1,18,1426,419,46,30,1,4,0,0
1,19,1358,445,54,40,1,4,0,0
1,20,1090,518,80,51,1,4,0,0
1,21,976,512,76,50,1,4,0,0
1,22,1332,377,60,54,1,6,0,0
1,25,1406,395,46,28,1,4,0,0
1,26,1468,389,22,24,1,7,0,0
1,32,1404,376,38,28,1,4,0,0
1,33,1466,359,32,24,1,4,0,0
1,46,338,761,220,143,1,4,0,0
1,48,1500,276,227,124,0,0,0,0
1,54,60,705,50,85,1,1,0,0
2,4,1217,502,80,53,1,4,0,0
2,8,530,933,258,125,1,4,1,0
2,9,1049,603,270,243,1,6,0,0
2,10,1063,619,99,71,1,4,0,2
2,11,1209,580,91,58,1,4,0,1
2,12,1340,510,69,64,1,5,0,0
2,13,1369,481,59,39,1,4,0,1
2,14,1431,455,51,37,1,4,0,0
2,15,1455,428,50,41,1,6,0,1
2,16,1497,414,43,31,1,4,0,1
2,17,1538,397,35,29,1,4,0,1
2,18,1430,416,45,30,1,4,0,0
2,19,1362,442,54,40,1,4,0,0
2,20,1056,529,85,55,1,4,0,0
2,21,929,525,82,55,1,4,0,0
2,22,1322,379,60,56,1,6,0,0
2,25,1398,397,46,29,1,4,0,0
2,26,1466,389,22,24,1,7,0,0
2,32,1397,378,38,29,1,4,0,0
2,33,1461,360,32,24,1,4,0,0
2,46,202,809,236,161,1,4,0,0
2,48,1499,276,228,121,0,0,0,0
2,54,69,702,50,84,1,1,0,0
3,4,1226,498,79,52,1,4,0,0
3,8,588,907,242,139,1,4,1,0
3,9,1074,593,258,234,1,6,0,0
3,10,1081,611,96,69,1,4,0,2
3,11,1220,573,88,58,1,4,0,1
3,12,1346,506,68,63,1,5,0,0
3,13,1375,478,58,39,1,4,0,1
3,14,1435,453,51,36,1,4,0,0
3,15,1459,426,49,41,1,6,0,1
3,16,1501,412,42,31,1,4,0,1
3,17,1541,395,35,29,1,4,0,1
3,18,1435,414,44,30,1,4,0,0
3,19,1367,440,53,39,1,4,0,0
3,20,1022,541,91,59,1,4,0,0
3,21,882,538,89,60,1,4,0,0
3,22,1312,381,61,58,1,6,0,0
3,25,1390,400,47,29,1,4,0,0
3,26,1464,390,22,24,1,7,0,0
3,32,1390,380,39,30,1,4,0,0
3,33,1457,361,32,25,1,4,0,0
3,46,67,857,251,179,1,4,0,0
3,48,1499,276,228,119,0,0,0,0
3,54,78,699,50,83,1,1,0,0
4,4,1235,494,78,51,1,4,0,0
4,8,638,884,227,144,1,4,0,0
4,9,1100,583,246,225,1,6,0,0
4,10,1099,603,93,67,1,4,0,2
4,11,1231,566,85,58,1,4,0,1
4,12,1353,502,67,61,1,5,0,0
4,13,1380,475,57,39,1,4,0,1
4,14,1440,451,50,36,1,4,0,0
4,15,1462,424,50,41,1,6,0,1
4,16,1504,411,42,30,1,4,0,1
4,17,1544,393,35,29,1,4,0,1
4,18,1440,412,43,29,1,4,0,0
4,19,1372,438,52,39,1,4,0,0
4,20,988,553,96,63,1,4,0,0
4,21,835,552,95,64,1,4,0,0
4,22,1302,383,62,60,1,6,0,0
4,25,1383,402,47,31,1,4,0,0
4,26,1462,391,22,24,1,7,0,0
4,32,1384,382,38,31,1,4,0,0
4,33,1453,362,32,26,1,4,0,0
4,46,0,912,175,157,1,4,1,0
4,48,1499,276,229,117,0,0,0,0
4,54,88,696,49,83,1,1,0,0
5,4,1245,490,76,50,1,4,0,0
5,8,678,864,217,139,1,4,0,0
5,9,1125,573,234,216,1,6,0,0
5,10,1116,595,90,65,1,4,0,2
5,11,1242,560,82,57,1,4,0,1
5,12,1359,498,66,60,1,5,0,0
5,13,1386,472,56,39,1,4,0,1
5,14,1444,448,50,36,1,4,0,0
5,15,1466,422,49,40,1,6,0,1
5,16,1508,409,41,30,1,4,0,1
5,17,1547,391,35,29,1,4,0,1
5,18,1444,409,43,30,1,4,0,0
5,19,1376,436,52,38,1,4,0,0
5,20,954,564,102,67,1,4,0,0
5,21,789,565,101,69,1,4,0,0
5,22,1292,385,63,62,1,6,0,0
5,25,1375,405,48,31,1,4,0,0
5,26,1460,392,22,24,1,7,0,0
5,32,1377,385,39,31,1,4,0,0
5,33,1448,363,33,27,1,4,0,0
5,48,1499,276,229,115,0,0,0,0
5,54,97,693,49,82,1,1,0,0
6,4,1249,488,76,49,1,4,0,0
6,8,698,854,212,136,1,4,0,0
6,9,1138,568,228,211,1,6,0,0
6,10,1125,591,89,64,1,4,0,2
6,11,1247,556,81,58,1,4,0,1
6,12,1363,496,65,59,1,5,0,0
6,13,1388,470,56,39,1,4,0,1
6,14,1446,447,50,36,1,4,0,0
6,15,1468,421,49,40,1,6,0,1
6,16,1509,408,41,30,1,4,0,1
6,17,1548,391,35,29,1,4,0,1
6,18,1447,408,42,30,1,4,0,0
6,19,1379,435,51,38,1,4,0,0
6,20,937,570,104,69,1,4,0,0
6,21,765,572,105,71,1,4,0,0
6,22,1287,387,64,62,1,6,0,0
6,25,1371,406,49,32,1,4,0,0
6,26,1459,393,22,24,1,7,0,0
6,32,1374,386,39,31,1,4,0,0
6,33,1446,364,33,27,1,4,0,0
6,48,1499,276,229,113,0,0,0,0
6,54,102,692,49,82,1,1,0,0
7,4,1258,483,75,49,1,4,0,0
7,8,738,834,202,131,1,4,0,0
7,9,1164,557,215,203,1,6,0,0
7,10,1143,583,85,62,1,4,0,2
7,11,1258,550,78,57,1,4,0,1
7,12,1369,491,64,59,1,5,0,0
7,13,1394,467,55,39,1,4,0,1
7,14,1451,445,49,36,1,4,0,0
7,15,1472,419,48,40,1,6,0,1
7,16,1513,406,40,30,1,4,0,1
7,17,1551,389,35,29,1,4,0,1
7,18,1452,406,40,29,1,4,0,0
7,19,1384,433,51,37,1,4,0,0
7,20,903,582,110,73,1,4,0,0
7,21,719,585,110,76,1,4,0,0
7,22,1277,389,65,64,1,6,0,0
7,25,1363,409,50,32,1,4,0,0
7,26,1457,394,22,24,1,7,0,0
7,32,1367,388,39,32,1,4,0,0
7,33,1442,365,33,27,1,4,0,0
7,48,1499,276,229,111,0,0,0,0
7,54,111,689,49,81,1,1,0,0
8,4,1268,479,73,48,1,4,0,0
8,8,778,815,191,125,1,4,0,0
8,9,1189,547,203,194,1,6,0,0
8,10,1161,575,82,61,1,4,0,1
8,11,1269,543,75,57,1,4,0,1
8,12,1375,487,63,57,1,5,0,0
8,13,1399,464,55,39,1,4,0,1
8,14,1455,442,49,36,1,4,0,0
8,15,1475,416,48,41,1,6,0,1
8,16,1516,405,39,29,1,4,0,1
8,17,1554,387,35,29,1,4,0,1
8,18,1456,403,40,30,1,4,0,0
8,19,1388,430,51,37,1,4,0,0
8,20,856,598,119,78,1,4,0,0
8,21,672,599,117,80,1,4,0,0
8,22,1267,391,66,66,1,6,0,0
8,25,1356,411,50,34,1,4,0,0
8,26,1455,394,22,24,1,7,0,0
8,32,1361,390,39,33,1,4,0,0
8,33,1437,366,34,28,1,4,0,0
8,48,1498,276,231,109,0,0,0,0
8,54,121,686,48,81,1,1,0,0
9,4,1277,475,72,47,1,4,0,0
9,8,818,795,181,119,1,4,0,0
9,9,1215,537,191,185,1,6,0,0
9,10,1179,567,79,59,1,4,0,1
9,11,1280,536,72,58,1,4,0,1
9,12,1382,483,62,56,1,5,0,0
9,13,1405,461,53,39,1,4,0,1
9,14,1460,440,48,36,1,4,0,0
9,15,1479,414,48,40,1,6,0,1
9,16,1520,403,38,29,1,4,0,1
9,17,1557,385,35,29,1,4,0,1
9,18,1461,401,39,29,1,4,0,0
9,19,1393,428,50,37,1,4,0,0
9,20,797,619,130,83,1,4,0,0
9,21,607,619,126,85,1,4,0,0
9,22,1257,393,67,68,1,6,0,0
9,25,1348,414,51,34,1,4,0,0
9,26,1453,395,22,24,1,7,0,0
9,32,1354,393,40,33,1,4,0,0
9,33,1433,368,34,28,1,4,0,0
9,48,1498,276,231,107,0,0,0,0
9,54,130,683,49,80,1,1,0,0
10,4,1286,471,71,46,1,4,0,0
10,8,858,775,171,114,1,4,0,0
10,9,1240,527,179,176,1,6,0,0
10,10,1193,561,78,58,1,4,0,0
10,11,1291,530,69,57,1,4,0,1
10,12,1388,479,61,54,1,5,0,0
10,13,1410,459,52,38,1,4,0,1
10,14,1464,438,48,35,1,4,0,0
10,15,1482,412,48,40,1,6,0,1
10,16,1523,401,38,29,1,4,0,1
10,17,1560,384,35,29,1,4,0,1
10,18,1466,399,38,29,1,4,0,0
10,19,1398,426,49,36,1,4,0,0
10,20,739,640,140,88,1,4,0,0
10,21,523,645,139,93,1,4,0,0
10,22,1248,396,67,70,1,6,0,0
10,25,1341,417,51,35,1,4,0,0
10,26,1451,396,22,24,1,7,0,0
10,32,1347,395,40,34,1,4,0,0
10,33,1429,369,34,29,1,4,0,0
10,48,1498,276,231,104,0,0,0,0
10,54,140,680,48,80,1,1,0,0
11,4,1296,467,70,46,1,4,0,0
11,8,892,759,162,109,1,4,0,0
11,9,1266,517,167,167,1,6,0,1
11,10,1204,556,78,58,1,4,0,0
11,11,1302,523,66,57,1,4,0,1
11,12,1394,475,60,53,1,5,0,0
11,13,1414,457,52,37,1,4,0,1
11,14,1469,436,47,35,1,4,0,0
11,15,1486,410,47,40,1,6,0,1
11,16,1527,400,37,28,1,4,0,1
11,17,1562,383,34,28,1,4,0,1
11,18,1471,397,37,29,1,4,0,1
11,19,1402,424,49,35,1,4,0,0
11,20,680,661,151,93,1,4,0,0
11,21,439,671,153,101,1,4,0,0
11,22,1231,400,71,71,1,6,0,0
11,25,1330,421,52,36,1,4,0,0
11,26,1449,397,22,24,1,7,0,0
11,27,352,892,257,151,1,4,0,1
11,32,1341,397,40,35,1,4,0,0
11,33,1424,371,34,29,1,4,0,0
11,48,1498,276,232,102,0,0,0,0
11,54,149,677,48,79,1,1,0,0
12,4,1303,464,68,45,1,4,0,0
12,8,918,745,157,105,1,4,0,0
12,9,1279,511,162,163,1,6,0,1
12,10,1216,551,77,57,1,4,0,0
12,11,1311,518,63,56,1,4,0,2
12,12,1400,473,58,51,1,5,0,0
12,13,1418,455,51,37,1,4,0,1
12,14,1472,434,47,34,1,4,0,0
12,15,1490,408,47,40,1,6,0,1
12,16,1530,398,36,28,1,4,0,1
12,17,1564,382,34,28,1,4,0,1
12,18,1471,397,37,29,1,4,0,1
12,19,1407,422,48,35,1,4,0,0
12,20,621,682,162,98,1,4,0,0
12,21,355,697,166,109,1,4,0,0
12,22,1215,404,74,73,1,6,0,0
12,25,1319,426,54,36,1,4,0,0
12,26,1447,398,22,24,1,7,0,0
12,27,456,850,235,139,1,4,0,1
12,32,1332,401,40,35,1,4,0,1
12,33,1418,373,35,29,1,4,0,0
12,48,1498,276,232,100,0,0,0,0
12,54,159,674,47,79,1,1,0,0
13,4,1306,462,68,46,1,4,0,0
13,8,931,738,155,103,1,4,0,0
13,9,1286,508,160,161,1,6,0,1
13,10,1221,549,78,57,1,4,0,0
13,11,1315,516,62,56,1,4,0,2
13,12,1403,471,57,51,1,5,0,0
13,13,1421,454,50,36,1,4,0,1
13,14,1474,433,46,34,1,4,0,0
13,15,1492,407,47,40,1,6,0,1
13,16,1532,397,36,28,1,4,0,1
13,17,1565,381,34,28,1,4,0,1
13,18,1471,397,37,29,1,4,0,1
13,19,1410,421,48,35,1,4,0,0
13,20,592,693,167,101,1,4,0,0
13,21,313,710,173,113,1,4,0,0
13,22,1207,406,76,74,1,6,0,0
13,25,1314,428,54,36,1,4,0,0
13,26,1447,399,22,24,1,7,0,0
13,27,499,831,224,132,1,4,0,1
13,32,1327,403,40,35,1,4,0,1
13,33,1415,374,35,30,1,4,0,0
13,48,1498,276,232,99,0,0,0,0
13,54,163,673,48,78,1,1,0,0
14,4,1313,460,67,44,1,4,0,0
14,8,957,725,150,99,1,4,0,0
14,9,1300,502,154,158,1,6,0,1
14,10,1233,544,77,57,1,4,0,0
14,11,1322,513,61,55,1,4,0,2
14,12,1409,469,55,49,1,5,0,0
14,13,1425,452,49,35,1,4,0,1
14,14,1478,432,46,33,1,4,0,0
14,15,1495,405,47,40,1,6,0,1
14,16,1536,396,35,27,1,4,0,1
14,17,1567,380,33,27,1,4,0,1
14,18,1471,397,37,29,1,4,0,1
14,19,1415,419,47,35,1,4,0,0
14,20,496,724,187,115,1,4,0,0
14,21,189,745,186,125,1,4,0,0
14,22,1191,410,80,75,1,6,0,0
14,25,1303,432,55,37,1,4,0,0
14,26,1445,400,22,24,1,7,0,0
14,27,579,797,204,119,1,4,0,1
14,32,1317,407,40,35,1,4,0,1
14,33,1409,376,36,30,1,4,0,0
14,34,1468,357,28,25,1,4,0,0
14,48,1498,276,233,97,0,0,0,0
14,54,173,670,47,77,1,1,0,0
15,4,1320,457,66,44,1,4,0,0
15,8,983,711,145,95,1,4,0,0
15,9,1314,496,149,154,1,6,0,1
15,10,1244,539,77,56,1,4,0,0
15,11,1329,510,59,54,1,4,0,2
15,12,1414,466,54,48,1,5,0,0
15,13,1429,450,49,35,1,4,0,1
15,14,1482,430,45,33,1,4,0,0
15,15,1498,404,47,40,1,6,0,1
15,16,1538,394,35,27,1,4,0,1
15,17,1569,379,33,27,1,4,0,1
15,18,1471,397,37,29,1,4,0,1
15,19,1420,417,46,35,1,4,0,0
15,20,400,756,208,128,1,4,0,0
15,21,63,784,196,140,1,4,0,0
15,22,1174,414,84,77,1,6,0,0
15,25,1293,437,56,37,1,4,0,0
15,26,1443,401,22,24,1,7,0,0
15,27,651,767,187,107,1,4,0,1
15,32,1306,411,41,35,1,4,0,1
15,33,1403,378,36,31,1,4,0,0
15,34,1462,358,29,25,1,4,0,0
15,48,1497,276,234,96,0,0,0,0
15,54,181,667,47,77,1,1,0,0
16,4,1327,454,65,44,1,4,0,0
16,8,1009,697,140,91,1,4,0,0
16,9,1327,490,145,151,1,6,0,1
16,10,1255,534,77,56,1,4,0,0
16,11,1336,506,58,53,1,4,0,2
16,12,1420,463,52,46,1,5,0,0
16,13,1434,448,47,34,1,4,0,1
16,14,1486,428,44,33,1,4,0,0
16,15,1501,403,47,40,1,6,0,1
16,16,1541,393,34,27,1,4,0,1
16,17,1572,379,31,25,1,4,0,1
16,18,1471,397,37,29,1,4,0,1
16,19,1425,415,45,35,1,4,0,0
16,20,282,793,235,145,1,4,0,0
16,21,0,829,129,125,1,4,0,0
16,22,1158,418,88,78,1,6,0,0
16,23,707,802,319,252,1,6,0,0
16,25,1282,441,57,38,1,4,0,0
16,26,1441,402,22,24,1,7,0,0
16,27,723,738,171,94,1,4,0,0
16,32,1296,416,40,35,1,4,0,1
16,33,1398,380,36,31,1,4,0,0
16,34,1457,360,30,25,1,4,0,0
16,48,1497,276,234,95,0,0,0,0
16,54,189,665,46,77,1,1,0,0
17,4,1334,451,64,43,1,4,0,0
17,8,1034,685,135,88,1,4,0,0
17,9,1341,484,139,147,1,6,0,1
17,10,1266,529,77,56,1,4,0,0
17,11,1344,503,55,52,1,4,0,2
17,12,1426,461,50,44,1,5,0,0
17,13,1438,446,47,33,1,4,0,1
17,14,1490,427,43,31,1,4,0,0
17,15,1504,401,47,41,1,6,0,1
17,16,1543,392,34,27,1,4,0,1
17,17,1574,378,31,25,1,4,0,1
17,18,1471,397,37,29,1,4,0,1
17,19,1430,413,44,35,1,4,0,0
17,20,143,836,267,164,1,4,0,0
17,22,1142,422,91,80,1,6,0,0
17,23,755,783,303,241,1,6,0,0
17,25,1271,446,59,38,1,4,0,0
17,26,1439,403,22,24,1,7,0,0
17,27,774,715,161,90,1,4,0,0
17,32,1286,420,40,35,1,4,0,1
17,33,1392,382,37,32,1,4,0,0
17,34,1452,362,30,24,1,4,0,0
17,48,1497,276,234,94,0,0,0,0
17,54,196,663,46,76,1,1,0,0
18,4,1341,448,63,43,1,4,0,0
18,8,1056,674,131,85,1,4,0,0
18,9,1355,478,134,144,1,6,0,1
18,10,1278,525,77,55,1,4,0,0
18,11,1351,500,54,51,1,4,0,2
18,12,1431,458,49,43,1,5,0,0
18,13,1442,444,46,32,1,4,0,1
18,14,1494,425,43,31,1,4,0,0
18,15,1507,400,47,40,1,6,0,1
18,16,1546,390,33,27,1,4,0,1
18,17,1576,377,31,24,1,4,0,1
18,18,1471,397,37,29,1,4,0,1
18,19,1435,411,44,35,1,4,0,0
18,20,5,879,298,183,1,4,0,0
18,22,1126,426,95,82,1,6,0,0
18,23,803,764,287,229,1,6,0,0
18,25,1261,450,59,39,1,4,0,0
18,26,1437,404,22,24,1,7,0,0
18,27,825,692,151,86,1,4,0,0
18,32,1275,424,41,35,1,4,0,1
18,33,1386,384,37,32,1,4,0,0
18,34,1447,364,31,24,1,4,0,0
18,48,1497,276,234,94,0,0,0,0
18,54,204,661,46,76,1,1,0,0
19,4,1348,446,62,42,1,4,0,0
19,8,1078,664,127,81,1,4,0,0
19,9,1369,472,129,140,1,6,0,1
19,10,1286,522,75,54,1,4,0,0
19,11,1358,496,52,50,1,4,0,2
19,12,1437,455,47,42,1,5,0,0
19,13,1447,442,45,31,1,4,0,1
19,14,1498,424,42,30,1,4,0,0
19,15,1510,399,47,40,1,6,0,1
19,16,1549,389,32,27,1,4,0,1
19,17,1578,376,30,24,1,4,0,1
19,18,1471,397,37,29,1,4,0,1
19,19,1440,409,43,35,1,4,0,0
19,20,0,943,171,127,1,4,1,0
19,22,1104,432,98,85,1,6,0,0
19,23,852,745,270,217,1,6,0,0
19,25,1248,455,61,40,1,4,0,0
19,26,1436,405,22,24,1,7,0,0
19,27,876,669,141,83,1,4,0,0
19,32,1265,429,40,35,1,4,0,1
19,33,1380,386,38,33,1,4,0,0
19,34,1442,366,32,24,1,4,0,0
19,48,1497,276,234,93,0,0,0,0
19,54,211,659,46,76,1,1,0,0
20,4,1355,443,61,41,1,4,0,0
20,8,1096,653,123,78,1,4,0,0
20,9,1383,467,124,136,1,6,0,1
20,10,1294,519,74,53,1,4,0,0
20,11,1365,493,51,49,1,4,0,2
20,12,1443,453,46,40,1,5,0,2
20,13,1451,440,44,31,1,4,0,1
20,14,1502,422,41,30,1,4,0,0
20,15,1513,397,47,41,1,6,0,1
20,16,1551,388,32,27,1,4,0,1
20,17,1580,375,30,23,1,4,0,1
20,18,1471,397,37,29,1,4,0,1
20,19,1445,407,42,35,1,4,0,0
20,22,1082,438,101,88,1,6,0,0
20,23,900,726,254,206,1,6,0,0
20,25,1232,461,63,42,1,4,0,0
20,26,1434,406,22,24,1,7,0,0
20,27,916,653,131,80,1,4,0,0
20,32,1255,433,40,35,1,4,0,1
20,33,1374,388,39,33,1,4,0,0
20,34,1437,368,32,23,1,4,0,0
20,48,1497,276,234,92,0,0,0,0
20,54,219,657,45,75,1,1,0,0
21,4,1362,440,60,41,1,4,0,0
21,8,1114,643,119,74,1,4,0,0
21,9,1390,463,121,133,1,6,0,1
21,10,1302,516,73,52,1,4,0,0
21,11,1372,490,49,48,1,4,0,2
21,12,1446,451,46,40,1,5,0,2
21,13,1455,438,44,30,1,4,0,1
21,14,1506,421,41,29,1,4,0,1
21,15,1516,396,47,41,1,6,0,1
21,16,1554,386,31,27,1,4,0,1
21,17,1582,374,29,23,1,4,0,1
21,18,1471,397,37,29,1,4,0,1
21,19,1450,405,41,35,1,4,0,0
21,22,1061,445,104,90,1,6,0,0
21,23,948,707,238,194,1,6,0,0
21,25,1216,467,65,44,1,4,0,0
21,26,1432,407,22,24,1,7,0,0
21,27,956,637,122,77,1,4,0,0
21,32,1244,437,41,35,1,4,0,1
21,33,1369,390,39,34,1,4,0,0
21,34,1432,370,33,23,1,4,0,0
21,48,1497,276,234,92,0,0,0,0
21,54,226,655,45,75,1,1,0,0
22,4,1366,439,59,40,1,4,0,0
22,8,1124,638,116,72,1,4,0,0
22,9,1394,461,119,132,1,6,0,1
22,10,1306,514,72,52,1,4,0,0
22,11,1376,488,48,48,1,4,0,2
22,12,1448,450,46,40,1,5,0,2
22,13,1458,437,43,30,1,4,0,1
22,14,1507,420,41,29,1,4,0,1
22,15,1517,395,47,41,1,6,0,1
22,16,1555,386,31,27,1,4,0,1
22,17,1583,374,29,23,1,4,0,1
22,18,1476,394,37,29,1,4,0,1
22,19,1452,404,41,35,1,4,0,0
22,22,1050,448,105,92,1,6,0,0
22,23,972,697,230,189,1,6,0,0
22,25,1208,469,66,46,1,4,0,0
22,26,1431,407,22,24,1,7,0,0
22,27,977,630,117,75,1,4,0,0
22,32,1239,439,41,35,1,4,0,1
22,33,1364,391,40,34,1,4,0,0
22,34,1429,371,34,23,1,4,0,0
22,48,1497,276,234,91,0,0,0,0
22,54,230,654,45,75,1,1,0,0
23,4,1373,436,58,40,1,4,0,0
23,8,1142,628,112,68,1,4,0,0
23,9,1401,457,116,130,1,6,0,1
23,10,1314,511,71,51,1,4,0,0
23,11,1382,485,47,47,1,4,0,1
23,12,1451,448,46,40,1,5,0,2
23,13,1461,435,43,29,1,4,0,1
23,14,1510,418,41,29,1,4,0,1
23,15,1520,394,47,41,1,6,0,1
23,16,1558,384,30,27,1,4,0,1
23,17,1584,373,29,23,1,4,0,1
23,18,1486,389,37,29,1,4,0,1
23,19,1456,403,41,33,1,4,0,0
23,22,1028,454,109,95,1,6,0,0
23,23,1010,682,216,180,1,6,0,0
23,25,1192,475,68,47,1,4,0,0
23,26,1429,408,22,24,1,7,0,0
23,27,1007,615,109,71,1,4,0,0
23,32,1229,444,40,35,1,4,0,1
23,33,1356,394,41,34,1,4,0,0
23,34,1423,373,35,23,1,4,0,0
23,48,1497,276,234,91,0,0,0,0
23,54,238,652,44,74,1,1,0,0
24,4,1379,434,57,39,1,4,0,0
24,8,1161,618,107,65,1,4,0,0
24,9,1409,454,112,126,1,6,0,1
24,10,1322,508,69,50,1,4,0,0
24,11,1388,482,47,46,1,4,0,1
24,12,1455,446,46,40,1,5,0,2
24,13,1465,433,42,29,1,4,0,1
24,14,1514,416,41,29,1,4,0,1
24,15,1523,393,47,40,1,6,0,1
24,16,1560,383,30,27,1,4,0,1
24,17,1586,372,29,23,1,4,0,1
24,18,1497,385,37,29,1,4,0,1
24,19,1460,401,41,33,1,4,0,0
24,22,1006,460,112,98,1,6,0,0
24,23,1036,671,208,174,1,6,0,0
24,25,1176,481,70,49,1,4,0,0
24,26,1427,409,22,24,1,7,0,0
24,27,1037,603,106,69,1,4,0,0
24,32,1218,448,41,35,1,4,0,1
24,33,1347,396,43,35,1,4,0,0
24,34,1417,375,35,24,1,4,0,0
24,48,1497,276,234,90,0,0,0,0
24,54,245,650,44,74,1,1,0,0
25,4,1384,432,56,39,1,4,0,0
25,8,1183,612,103,65,1,4,0,1
25,9,1416,450,109,124,1,6,0,1
25,10,1330,505,68,49,1,4,0,0
25,11,1394,480,47,45,1,4,0,1
25,12,1459,444,46,40,1,5,0,2
25,13,1468,431,42,29,1,4,0,1
25,14,1517,415,41,29,1,4,0,1
25,15,1526,391,47,41,1,6,0,1
25,16,1563,382,29,27,1,4,0,1
25,17,1587,371,29,23,1,4,0,1
25,18,1507,380,37,29,1,4,0,1
25,19,1464,400,41,32,1,4,0,0
25,22,980,468,116,100,1,6,0,0
25,23,1062,660,200,168,1,6,0,0
25,25,1160,486,72,52,1,4,0,0
25,26,1425,410,22,24,1,7,0,0
25,27,1067,591,103,67,1,4,0,0
25,32,1208,452,41,35,1,4,0,1
25,33,1339,399,44,35,1,4,0,0
25,34,1411,377,36,24,1,4,0,0
25,35,1467,372,38,23,1,4,0,0
25,48,1497,276,234,89,0,0,0,0
25,54,253,648,43,73,1,1,0,0
26,4,1390,430,54,38,1,4,0,0
26,8,1195,602,98,63,1,4,0,1
26,9,1424,447,105,120,1,6,0,1
26,10,1338,502,67,48,1,4,0,0
26,11,1400,477,47,44,1,4,0,1
26,12,1462,443,46,40,1,5,0,2
26,13,1472,429,42,29,1,4,0,1
26,14,1520,413,41,29,1,4,0,1
26,15,1529,390,47,41,1,6,0,1
26,16,1566,381,28,27,1,4,0,1
26,17,1589,370,29,23,1,4,0,1
26,18,1518,375,37,29,1,4,0,1
26,19,1468,398,41,32,1,4,0,0
26,22,948,476,122,103,1,6,0,0
26,23,1088,650,192,161,1,6,0,0
26,25,1144,492,74,54,1,4,0,0
26,26,1423,411,22,24,1,7,0,0
26,27,1089,581,99,65,1,4,0,0
26,32,1198,457,41,35,1,4,0,1
26,33,1330,402,46,35,1,4,0,0
26,34,1405,379,36,25,1,4,0,0
26,35,1462,374,38,23,1,4,0,0
26,48,1497,276,235,89,0,0,0,0
26,54,260,646,43,73,1,1,0,0
27,4,1395,428,54,38,1,4,0,0
27,8,1210,595,95,62,1,4,0,1
27,9,1432,443,101,118,1,6,0,1
27,10,1346,499,65,47,1,4,0,0
27,11,1405,474,47,44,1,4,0,1
27,12,1466,441,46,40,1,5,0,2
27,13,1476,427,41,29,1,4,0,1
27,14,1524,411,41,29,1,4,0,1
27,15,1531,388,47,41,1,6,0,1
27,16,1568,379,28,27,1,4,0,1
27,17,1590,369,29,23,1,4,0,1
27,19,1472,397,41,31,1,4,0,0
27,22,917,484,128,106,1,6,0,0
27,23,1114,639,184,155,1,6,0,0
27,25,1127,499,76,55,1,4,0,0
27,26,1420,412,22,24,1,7,0,0
27,27,1111,572,96,63,1,4,0,0
27,32,1164,463,49,40,1,4,0,1
27,33,1321,405,47,34,1,4,0,0
27,34,1399,381,37,26,1,4,0,0
27,35,1457,376,38,23,1,4,0,0
27,48,1496,276,236,88,0,0,0,0
27,54,268,644,43,73,1,1,0,0
28,4,1400,426,53,37,1,4,0,0
28,8,1225,588,93,60,1,4,0,1
28,9,1439,439,98,116,1,6,0,1
28,10,1353,496,64,47,1,4,0,0
28,11,1411,471,47,43,1,4,0,1
28,12,1469,439,46,40,1,5,0,2
28,13,1479,425,41,29,1,4,0,1
28,14,1527,410,41,29,1,4,0,1
28,15,1534,387,47,41,1,6,0,1
28,16,1570,378,28,27,1,4,0,1
28,17,1592,368,29,23,1,4,0,1
28,19,1476,395,40,31,1,4,0,0
28,22,885,492,134,108,1,6,0,0
28,23,1140,628,176,149,1,6,0,0
28,25,1107,507,80,57,1,4,0,0
28,26,1418,413,22,24,1,7,0,0
28,27,1133,562,93,61,1,4,0,0
28,32,1130,470,58,44,1,4,0,1
28,33,1313,408,48,34,1,4,0,0
28,34,1393,383,37,26,1,4,0,0
28,35,1452,378,38,23,1,4,0,0
28,48,1496,276,236,87,0,0,0,0
28,54,275,642,43,72,1,1,0,0
29,4,1403,425,52,37,1,4,0,0
29,8,1233,585,91,59,1,4,0,1
29,9,1443,438,97,113,1,6,0,1
29,10,1356,495,64,46,1,4,0,0
29,11,1414,470,47,43,1,4,0,1
29,12,1471,438,46,40,1,5,0,2
29,13,1481,424,41,29,1,4,0,1
29,14,1529,409,41,29,1,4,0,1
29,15,1535,386,47,41,1,6,0,1
29,16,1571,377,28,27,1,4,0,1
29,17,1592,368,29,23,1,4,0,1
29,19,1478,395,40,30,1,4,0,0
29,22,869,496,137,110,1,6,0,0
29,23,1153,622,172,146,1,6,0,0
29,25,1097,512,81,57,1,4,0,0
29,26,1417,414,22,24,1,7,0,0
29,27,1144,558,91,60,1,4,0,0
29,32,1113,473,62,46,1,4,0,1
29,33,1309,409,49,35,1,4,0,0
29,34,1390,384,38,27,1,4,0,0
29,35,1449,379,39,23,1,4,0,0
29,48,1496,276,236,87,0,0,0,0
29,54,279,641,42,72,1,1,0,0
30,4,1408,423,52,37,1,4,0,0
30,8,1248,578,88,58,1,4,0,1
30,9,1450,434,94,111,1,6,0,1
30,10,1362,492,63,46,1,4,0,0
30,11,1420,467,47,42,1,4,0,1
30,12,1475,436,46,40,1,5,0,2
30,13,1485,422,40,29,1,4,0,1
30,14,1532,407,41,29,1,4,0,1
30,15,1538,385,47,41,1,6,0,1
30,16,1573,376,28,27,1,4,0,1
30,17,1594,367,29,23,1,4,0,1
30,19,1482,393,40,30,1,4,0,0
30,22,838,504,143,113,1,6,0,0
30,23,1179,612,164,139,1,6,0,0
30,25,1077,520,85,59,1,4,0,0
30,26,1414,415,22,24,1,7,0,0
30,27,1166,548,88,58,1,4,0,0
30,32,1080,480,70,51,1,4,0,1
30,33,1300,412,51,35,1,4,0,0
30,34,1384,386,38,27,1,4,0,0
30,35,1444,381,39,23,1,4,0,0
30,48,1496,276,237,86,0,0,0,0
30,54,287,639,42,72,1,1,0,0
31,4,1413,421,51,36,1,4,0,0
31,8,1261,571,86,57,1,4,0,1
31,9,1458,430,90,109,1,6,0,1
31,10,1368,489,63,45,1,4,0,0
31,11,1426,465,47,41,1,4,0,1
31,12,1478,434,46,40,1,5,0,2
31,13,1488,420,40,29,1,4,0,1
31,14,1535,406,41,29,1,4,0,1
31,15,1541,384,47,41,1,6,0,1
31,16,1575,375,28,27,1,4,0,1
31,17,1595,366,29,23,1,4,0,1
31,19,1486,392,40,29,1,4,0,0
31,22,794,514,152,120,1,6,0,0
31,23,1205,601,156,133,1,6,0,0
31,25,1053,530,89,59,1,4,0,0
31,26,1412,416,22,24,1,7,0,0
31,27,1184,539,86,56,1,4,0,0
31,28,313,860,240,164,1,5,0,0
31,32,1051,488,74,54,1,4,0,1
31,33,1292,415,52,35,1,4,0,0
31,34,1376,388,40,28,1,4,0,0
31,35,1439,383,39,23,1,4,0,0
31,48,1496,276,237,86,0,0,0,0
31,54,294,637,42,71,1,1,0,0
32,4,1418,419,51,36,1,4,0,0
32,8,1272,564,83,56,1,4,0,1
32,9,1466,427,86,105,1,6,0,1
32,10,1374,487,62,44,1,4,0,0
32,11,1430,462,47,40,1,4,0,1
32,12,1482,432,44,40,1,5,0,2
32,13,1492,418,40,29,1,4,0,1
32,14,1537,404,41,29,1,4,0,1
32,15,1543,382,47,41,1,6,0,1
32,16,1578,374,28,27,1,4,0,1
32,17,1597,365,29,23,1,4,0,1
32,19,1490,390,40,29,1,4,0,0
32,22,751,525,161,127,1,6,0,0
32,23,1231,590,148,127,1,6,0,0
32,25,1026,540,92,61,1,4,0,0
32,26,1409,417,22,24,1,7,0,0
32,27,1199,531,83,54,1,4,0,0
32,28,383,832,225,154,1,5,0,0
32,32,1022,497,78,56,1,4,0,1
32,33,1280,418,53,36,1,4,0,0
32,34,1368,391,40,29,1,4,0,0
32,35,1434,385,39,23,1,4,0,0
32,48,1496,276,237,85,0,0,0,0
32,54,302,635,41,71,1,1,0,0
33,4,1424,417,49,35,1,4,0,0
33,8,1282,557,81,55,1,4,0,1
33,9,1473,423,83,103,1,6,0,1
33,10,1380,484,62,44,1,4,0,0
33,11,1434,460,47,39,1,4,0,1
33,12,1486,430,42,40,1,5,0,2
33,13,1495,416,40,29,1,4,0,1
33,14,1539,403,41,29,1,4,0,1
33,15,1546,381,47,41,1,6,0,1
33,16,1580,372,28,27,1,4,0,1
33,17,1598,364,29,23,1,4,0,1
33,19,1494,389,40,28,1,4,0,0
33,22,708,535,170,135,1,6,0,0
33,23,1252,581,141,122,1,6,0,0
33,25,999,550,95,62,1,4,0,0
33,26,1407,418,22,24,1,7,0,0
33,27,1214,522,80,53,1,4,0,0
33,28,453,804,210,145,1,5,0,0
33,32,994,506,82,58,1,4,0,1
33,33,1269,422,53,36,1,4,0,0
33,34,1360,394,41,30,1,4,0,0
33,35,1429,387,39,23,1,4,0,0
33,36,1435,365,37,30,1,5,0,1
33,37,1475,371,33,28,1,4,0,0
33,48,1496,276,238,84,0,0,0,0
33,54,309,633,40,70,1,1,0,0
34,4,1429,415,48,35,1,4,0,0
34,8,1293,551,78,54,1,4,0,1
34,9,1481,420,79,99,1,6,0,1
34,10,1386,481,61,43,1,4,0,0
34,11,1438,457,47,39,1,4,0,1
34,12,1489,427,41,40,1,5,0,2
34,13,1499,414,39,29,1,4,0,1
34,14,1541,401,41,29,1,4,0,1
34,15,1548,379,47,41,1,6,0,1
34,16,1582,371,28,27,1,4,0,1
34,17,1600,363,29,23,1,4,0,1
34,19,1497,387,39,28,1,4,0,0
34,22,665,546,179,142,1,6,0,0
34,23,1267,573,138,120,1,6,0,0
34,25,972,560,98,63,1,4,0,0
34,26,1404,419,22,24,1,7,0,0
34,27,1230,514,76,51,1,4,0,0
34,28,524,776,194,136,1,5,0,0
34,32,965,515,86,60,1,4,0,1
34,33,1258,425,54,37,1,4,0,0
34,34,1351,397,42,30,1,4,0,0
34,35,1424,389,39,23,1,4,0,0
34,36,1429,367,37,30,1,5,0,1
34,37,1471,373,33,28,1,4,0,0
34,48,1496,276,238,84,0,0,0,0
34,54,315,631,40,70,1,1,0,0
35,4,1433,413,48,35,1,4,0,0
35,8,1304,544,75,53,1,4,0,1
35,9,1488,416,76,97,1,6,0,1
35,10,1392,478,61,43,1,4,0,0
35,11,1443,455,46,38,1,4,0,1
35,12,1493,425,40,40,1,5,0,2
35,13,1503,412,39,29,1,4,0,2
35,14,1544,400,41,29,1,4,0,1
35,15,1551,378,47,41,1,6,0,1
35,16,1584,370,28,27,1,4,0,1
35,17,1601,362,29,23,1,4,0,1
35,19,1500,386,38,28,1,4,0,0
35,22,600,560,195,149,1,6,0,0
35,23,1282,565,134,118,1,6,0,0
35,25,946,570,101,65,1,4,0,0
35,26,1402,420,22,24,1,7,0,0
35,27,1241,509,75,50,1,4,0,0
35,28,594,748,179,126,1,5,0,0
35,32,936,524,91,63,1,4,0,1
35,33,1246,429,55,37,1,4,0,0
35,34,1343,400,43,31,1,4,0,0
35,35,1418,391,39,23,1,4,0,0
35,36,1423,369,37,30,1,5,0,1
35,37,1467,375,33,28,1,4,0,0
35,48,1496,276,238,83,0,0,0,0
35,54,321,629,40,70,1,1,0,0
36,4,1437,411,48,35,1,4,0,0
36,8,1314,537,73,52,1,4,0,1
36,9,1496,412,72,95,1,6,0,1
36,10,1398,476,60,42,1,4,0,0
36,11,1447,452,47,38,1,4,0,1
36,12,1496,422,39,40,1,5,0,2
36,13,1505,410,40,29,1,4,0,2
36,14,1546,398,41,29,1,4,0,1
36,15,1554,377,47,41,1,6,0,1
36,16,1587,369,28,27,1,4,0,1
36,17,1602,361,29,23,1,4,0,1
36,19,1503,384,38,28,1,4,0,0
36,22,535,574,211,156,1,6,0,0
36,23,1296,557,132,116,1,6,0,0
36,25,912,582,107,67,1,4,0,0
36,26,1399,421,22,24,1,7,0,0
36,27,1253,504,74,49,1,4,0,0
36,28,664,720,164,117,1,5,0,0
36,32,908,532,94,66,1,4,0,1
36,33,1235,432,56,38,1,4,0,0
36,34,1334,403,44,31,1,4,0,0
36,35,1411,393,40,25,1,4,0,0
36,36,1417,371,37,30,1,5,0,1
36,37,1462,376,33,28,1,4,0,0
36,48,1496,276,239,83,0,0,0,0
36,54,327,627,40,70,1,1,0,0
37,4,1441,409,47,35,1,4,0,0
37,8,1324,531,70,52,1,4,0,2
37,9,1502,409,71,93,1,6,0,2
37,10,1404,473,60,41,1,4,0,0
37,11,1451,450,47,37,1,4,0,1
37,12,1500,420,37,40,1,5,0,2
37,13,1508,409,40,29,1,4,0,2
37,14,1548,397,41,29,1,4,0,1
37,15,1556,375,47,41,1,6,0,1
37,16,1588,368,28,27,1,4,0,1
37,17,1604,360,29,23,1,4,0,1
37,19,1506,383,37,28,1,4,0,0
37,22,470,588,227,163,1,6,0,0
37,23,1311,549,128,114,1,6,0,0
37,25,878,594,114,70,1,4,0,0
37,26,1397,423,22,24,1,7,0,0
37,27,1265,499,73,48,1,4,0,0
37,28,735,693,149,107,1,5,0,0
37,32,879,541,99,68,1,4,0,1
37,33,1224,436,56,38,1,4,0,0
37,34,1326,406,45,32,1,4,0,0
37,35,1404,395,41,26,1,4,0,0
37,36,1411,373,38,30,1,5,0,1
37,37,1458,378,33,28,1,4,0,0
37,48,1495,276,240,82,0,0,0,0
37,54,333,626,40,69,1,1,0,0
38,4,1443,408,47,35,1,4,0,0
38,8,1328,529,69,52,1,4,0,2
38,9,1504,408,71,92,1,6,0,2
38,10,1408,472,59,41,1,4,0,0
38,11,1454,449,46,37,1,4,0,1
38,12,1502,419,36,40,1,5,0,2
38,13,1510,408,39,29,1,4,0,2
38,14,1549,396,41,29,1,4,0,1
38,15,1558,375,47,41,1,6,0,2
38,16,1589,367,28,27,1,4,0,1
38,17,1604,360,29,23,1,4,0,1
38,19,1507,382,37,28,1,4,0,0
38,22,438,595,235,167,1,6,0,0
38,23,1319,545,126,113,1,6,0,0
38,25,861,600,117,72,1,4,0,0
38,26,1395,423,22,24,1,7,0,0
38,27,1271,497,72,47,1,4,0,0
38,28,759,685,146,105,1,5,0,0
38,32,865,546,101,69,1,4,0,1
38,33,1218,438,57,38,1,4,0,0
38,34,1322,408,45,32,1,4,0,0
38,35,1401,396,41,27,1,4,0,0
38,36,1408,374,38,30,1,5,0,1
38,37,1456,379,33,28,1,4,0,0
38,48,1495,276,240,82,0,0,0,0
38,54,336,625,39,69,1,1,0,0
39,4,1447,407,47,34,1,4,0,0
39,8,1336,524,68,52,1,4,0,2
39,9,1509,406,71,90,1,6,0,2
39,10,1413,469,58,41,1,4,0,0
39,11,1458,446,46,37,1,4,0,1
39,12,1506,417,35,40,1,5,0,2
39,13,1513,407,39,29,1,4,0,2
39,14,1552,395,41,29,1,4,0,2
39,15,1559,373,47,41,1,6,0,2
39,16,1591,366,28,27,1,4,0,1
39,17,1605,359,29,23,1,4,0,1
39,19,1510,381,37,28,1,4,0,0
39,22,368,616,249,185,1,6,0,0
39,23,1333,537,123,111,1,6,0,0
39,24,645,889,221,147,1,4,0,0
39,25,828,612,123,75,1,4,0,1
39,26,1392,425,22,24,1,7,0,0
39,27,1283,492,71,46,1,4,0,0
39,28,808,671,139,101,1,5,0,0
39,32,824,558,108,73,1,4,0,1
39,33,1207,441,57,39,1,4,0,0
39,34,1313,411,47,32,1,4,0,0
39,35,1394,399,42,27,1,4,0,0
39,36,1402,376,38,31,1,5,0,1
39,37,1450,381,34,28,1,4,0,0
39,48,1495,276,240,81,0,0,0,0
39,54,342,623,39,69,1,1,0,0
40,4,1451,405,46,34,1,4,0,0
40,8,1344,519,67,52,1,4,0,2
40,9,1514,404,71,88,1,6,0,2
40,10,1418,467,57,40,1,4,0,0
40,11,1462,444,46,36,1,4,0,1
40,12,1509,415,34,40,1,5,0,2
40,13,1516,405,39,29,1,4,0,2
40,14,1554,393,40,29,1,4,0,2
40,15,1561,371,47,41,1,6,0,2
40,16,1593,365,28,27,1,4,0,1
40,17,1607,358,29,23,1,4,0,1
40,19,1513,380,36,28,1,4,0,0
40,22,270,637,281,202,1,6,0,0
40,23,1348,529,120,109,1,6,0,0
40,24,701,861,210,137,1,4,0,0
40,25,787,628,130,79,1,4,0,1
40,26,1390,426,22,24,1,7,0,0
40,27,1295,487,69,45,1,4,0,0
40,28,846,653,133,99,1,5,0,0
40,32,783,570,115,78,1,4,0,1
40,33,1195,445,59,39,1,4,0,0
40,34,1305,414,47,33,1,4,0,0
40,35,1387,401,43,28,1,4,0,0
40,36,1395,377,39,32,1,5,0,1
40,37,1444,384,35,28,1,4,0,0
40,48,1495,276,240,81,0,0,0,0
40,54,349,621,38,69,1,1,0,0
41,4,1454,403,47,35,1,4,0,0
41,8,1352,514,66,52,1,4,0,2
41,9,1519,402,70,86,1,6,0,2
41,10,1423,464,56,41,1,4,0,0
41,11,1467,442,46,35,1,4,0,1
41,12,1512,413,34,40,1,5,0,2
41,13,1519,404,39,29,1,4,0,2
41,14,1557,391,38,29,1,4,0,2
41,15,1563,370,47,41,1,6,0,2
41,16,1595,365,28,27,1,4,0,1
41,17,1608,357,29,23,1,4,0,1
41,19,1516,378,35,28,1,4,0,0
41,22,165,658,311,219,1,6,0,0
41,23,1360,522,117,106,1,6,0,1
41,24,751,835,199,129,1,4,0,0
41,25,747,645,136,83,1,4,0,0
41,26,1387,428,22,24,1,7,0,0
41,27,1305,483,68,44,1,4,0,0
41,28,879,639,128,95,1,5,0,0
41,32,737,583,123,83,1,4,0,1
41,33,1182,449,60,40,1,4,0,0
41,34,1297,417,48,34,1,4,0,0
41,35,1380,403,43,30,1,4,0,0
41,36,1389,379,40,32,1,5,0,1
41,37,1438,387,36,28,1,4,0,0
41,48,1495,276,240,80,0,0,0,0
41,54,355,620,38,68,1,1,0,0
42,4,1458,401,46,35,1,4,0,0
42,8,1360,509,65,52,1,4,0,2
42,9,1523,400,71,84,1,6,0,2
42,10,1429,462,54,40,1,4,0,0
42,11,1470,440,46,35,1,4,0,1
42,12,1515,412,33,40,1,5,0,2
42,13,1522,403,39,29,1,4,0,2
42,14,1560,390,36,28,1,4,0,2
42,15,1565,368,47,41,1,6,0,2
42,16,1596,364,28,27,1,4,0,1
42,17,1609,356,29,23,1,4,0,1
42,19,1519,377,35,28,1,4,0,0
42,22,55,680,337,235,1,6,0,0
42,23,1370,517,113,103,1,6,0,1
42,24,795,811,187,121,1,4,0,0
42,25,694,663,147,89,1,4,0,0
42,26,1384,429,22,24,1,7,0,0
42,27,1313,479,67,44,1,4,0,0
42,28,909,627,122,92,1,5,0,0
42,32,686,598,130,88,1,4,0,1
42,33,1166,454,62,41,1,4,0,0
42,34,1286,421,49,35,1,4,0,0
42,35,1374,406,43,30,1,4,0,0
42,36,1383,381,40,32,1,5,0,1
42,37,1431,390,38,28,1,4,0,0
42,38,1472,375,37,27,1,4,0,0
42,48,1495,276,240,79,0,0,0,0
42,54,361,618,38,68,1,1,0,0
43,4,1462,400,46,34,1,4,0,0
43,8,1369,504,63,52,1,4,0,2
43,9,1528,398,71,82,1,6,0,2
43,10,1434,460,53,40,1,4,0,0
43,11,1473,438,46,35,1,4,0,1
43,12,1518,410,33,40,1,5,0,2
43,13,1524,401,40,29,1,4,0,2
43,14,1562,388,36,29,1,4,0,2
43,15,1566,367,47,41,1,6,0,2
43,16,1598,363,28,27,1,4,0,1
43,19,1522,376,34,28,1,4,0,0
43,22,0,702,309,255,1,6,1,0
43,23,1380,512,109,100,1,6,0,1
43,24,839,788,175,112,1,4,0,0
43,25,641,682,159,95,1,4,0,0
43,26,1382,430,22,24,1,7,0,0
43,27,1321,475,65,43,1,4,0,0
43,28,939,615,116,89,1,5,0,0
43,32,635,613,137,92,1,4,0,1
43,33,1150,459,64,42,1,4,0,0
43,34,1275,425,50,36,1,4,0,0
43,35,1367,408,44,31,1,4,0,0
43,36,1377,383,40,32,1,5,0,1
43,37,1425,393,39,28,1,4,0,0
43,38,1466,377,37,28,1,4,0,0
43,48,1495,276,240,79,0,0,0,0
43,54,367,616,37,68,1,1,0,0
44,4,1466,398,46,34,1,4,0,0
44,8,1374,500,63,52,1,4,0,2
44,9,1533,396,70,80,1,6,0,2
44,10,1439,457,52,40,1,4,0,0
44,11,1476,436,46,35,1,4,0,1
44,12,1521,409,33,40,1,5,0,2
44,13,1527,400,40,29,1,4,0,2
44,14,1565,387,34,28,1,4,0,2
44,15,1568,365,47,41,1,6,0,2
44,16,1600,362,28,27,1,4,0,1
44,19,1525,374,33,28,1,4,0,0
44,22,0,736,201,255,1,6,1,0
44,23,1389,507,106,97,1,6,0,1
44,24,883,764,163,104,1,4,0,0
44,25,588,701,171,101,1,4,0,0
44,26,1379,432,22,24,1,7,0,0
44,27,1329,471,64,42,1,4,0,0
44,28,968,603,110,86,1,5,0,0
44,32,584,628,144,97,1,4,0,1
44,33,1134,464,66,43,1,4,0,0
44,34,1264,430,52,36,1,4,0,0
44,35,1360,410,45,33,1,4,0,0
44,36,1371,385,40,32,1,5,0,1
44,37,1419,396,41,29,1,4,0,0
44,38,1460,380,38,27,1,4,0,0
44,39,1486,352,31,25,1,4,0,0
44,48,1495,276,240,78,0,0,0,0
44,54,373,614,37,68,1,1,0,0
45,4,1468,397,45,34,1,4,0,0
45,8,1377,499,63,51,1,4,0,2
45,9,1535,395,71,79,1,6,0,2
45,10,1442,456,51,40,1,4,0,0
45,11,1478,435,46,35,1,4,0,1
45,12,1523,408,32,40,1,5,0,2
45,13,1529,399,40,29,1,4,0,2
45,14,1566,386,34,28,1,4,0,2
45,15,1569,364,47,41,1,6,0,2
45,16,1601,361,28,27,1,4,0,1
45,22,0,754,147,255,1,6,1,0
45,23,1394,504,104,96,1,6,0,1
45,24,906,753,157,100,1,4,0,0
45,25,561,710,177,104,1,4,0,0
45,26,1377,433,22,24,1,7,0,0
45,27,1333,469,63,42,1,4,0,0
45,28,983,597,107,85,1,5,0,0
45,32,559,636,147,99,1,4,0,0
45,33,1126,466,67,44,1,4,0,0
45,34,1259,432,52,36,1,4,0,0
45,35,1356,411,46,33,1,4,0,0
45,36,1368,386,40,32,1,5,0,1
45,37,1415,397,41,29,1,4,0,0
45,38,1457,381,38,28,1,4,0,0
45,39,1483,352,31,26,1,4,0,0
45,48,1495,276,240,78,0,0,0,0
45,54,376,614,37,67,1,1,0,0
46,4,1472,395,45,34,1,4,0,0
46,8,1383,496,62,50,1,4,0,2
46,9,1540,393,70,77,1,6,0,2
46,10,1447,454,50,39,1,4,0,0
46,11,1481,434,46,35,1,4,0,1
46,12,1526,406,32,40,1,5,0,2
46,13,1532,398,40,29,1,4,0,2
46,14,1569,384,32,28,1,4,0,2
46,15,1571,363,47,41,1,6,0,2
46,16,1603,361,28,27,1,4,0,1
46,23,1404,499,100,93,1,6,0,1
46,24,934,737,151,97,1,4,0,0
46,25,493,733,192,113,1,4,0,0
46,26,1375,434,22,24,1,7,0,0
46,27,1341,466,62,40,1,4,0,0
46,28,1013,585,101,82,1,5,0,0
46,32,473,660,160,107,1,4,0,0
46,33,1111,471,69,44,1,4,0,0
46,34,1248,437,54,36,1,4,0,0
46,35,1350,414,46,34,1,4,0,1
46,36,1360,388,41,34,1,5,0,1
46,37,1408,399,42,30,1,4,0,0
46,38,1451,383,39,28,1,4,0,0
46,39,1479,354,31,26,1,4,0,0
46,48,1495,276,240,77,0,0,0,0
46,54,382,612,37,67,1,1,0,0
47,4,1476,394,45,34,1,4,0,0
47,8,1389,493,62,49,1,4,0,2
47,9,1545,391,70,75,1,6,0,2
47,10,1453,451,48,39,1,4,0,0
47,11,1484,432,46,35,1,4,0,1
47,12,1529,405,31,40,1,5,0,2
47,13,1535,396,40,29,1,4,0,2
47,14,1571,383,31,28,1,4,0,2
47,15,1573,361,47,41,1,6,0,2
47,16,1604,360,28,27,1,4,0,1
47,23,1413,494,97,89,1,6,0,1
47,24,962,722,145,93,1,4,0,0
47,25,410,760,210,125,1,4,0,0
47,26,1372,435,22,24,1,7,0,0
47,27,1349,462,61,40,1,4,0,0
47,28,1043,574,95,78,1,5,0,0
47,32,387,684,174,116,1,4,0,0
47,33,1095,476,71,45,1,4,0,0
47,34,1237,441,55,37,1,4,0,0
47,35,1340,417,47,34,1,4,0,1
47,36,1350,391,42,35,1,5,0,1
47,37,1401,401,42,31,1,4,0,0
47,38,1445,386,39,28,1,4,0,0
47,39,1474,356,32,26,1,4,0,0
47,48,1495,276,240,77,0,0,0,0
47,54,389,610,36,67,1,1,0,0
48,4,1479,392,45,34,1,4,0,0
48,8,1395,490,61,48,1,4,0,2
48,9,1549,389,71,73,1,6,0,2
48,10,1458,449,47,39,1,4,0,0
48,11,1487,430,46,35,1,4,0,1
48,12,1532,403,31,40,1,5,0,2
48,13,1538,395,40,29,1,4,0,2
48,14,1573,382,31,28,1,4,0,2
48,16,1606,359,28,27,1,4,0,1
48,23,1423,489,93,86,1,6,0,1
48,24,990,707,140,90,1,4,0,0
48,25,327,787,228,136,1,4,0,0
48,26,1369,437,22,24,1,7,0,0
48,27,1357,458,60,39,1,4,0,0
48,28,1063,566,92,76,1,5,0,0
48,32,301,709,188,124,1,4,0,0
48,33,1079,481,73,46,1,4,0,0
48,34,1226,446,57,37,1,4,0,0
48,35,1331,421,48,34,1,4,0,1
48,36,1340,394,42,36,1,5,0,1
48,37,1394,403,43,32,1,4,0,0
48,38,1439,388,40,29,1,4,0,0
48,39,1469,358,33,26,1,4,0,0
48,48,1494,276,242,79,0,0,0,0
48,54,395,608,35,67,1,1,0,0
49,4,1482,390,45,34,1,4,0,0
49,8,1401,487,61,47,1,4,0,2
49,9,1554,387,70,71,1,6,0,2
49,10,1463,446,47,39,1,4,0,0
49,11,1491,428,46,35,1,4,0,1
49,12,1536,402,30,40,1,5,0,2
49,13,1541,394,40,29,1,4,0,2
49,14,1575,380,31,28,1,4,0,2
49,16,1608,358,28,27,1,4,0,1
49,23,1432,484,90,83,1,6,0,1
49,24,1019,692,133,86,1,4,0,0
49,25,243,814,248,148,1,4,0,0
49,26,1367,438,22,24,1,7,0,0
49,27,1365,454,58,38,1,4,0,0
49,28,1083,558,89,74,1,5,0,0
49,32,215,733,202,133,1,4,0,0
49,33,1063,486,75,47,1,4,0,0
49,34,1215,450,58,38,1,4,0,0
49,35,1321,424,50,35,1,4,0,1
49,36,1330,397,43,37,1,5,0,1
49,37,1386,406,44,31,1,4,0,0
49,38,1433,391,40,28,1,4,0,0
49,39,1465,359,32,27,1,4,0,0
49,48,1494,276,242,84,0,0,0,0
49,54,401,607,35,66,1,1,0,0
50,4,1486,389,45,34,1,4,0,0
50,8,1407,483,60,47,1,4,0,2
50,9,1559,385,70,69,1,6,0,2
50,10,1468,444,47,38,1,4,0,0
50,11,1494,426,46,35,1,4,0,1
50,12,1538,400,30,40,1,5,0,2
50,13,1543,392,39,29,1,4,0,2
50,14,1577,379,31,28,1,4,0,2
50,16,1610,357,28,27,1,4,0,1
50,23,1442,479,86,80,1,6,0,1
50,24,1047,677,128,83,1,4,0,0
50,25,160,841,266,160,1,4,0,0
50,26,1364,440,22,24,1,7,0,0
50,27,1373,451,57,37,1,4,0,0
50,28,1103,550,86,72,1,5,0,0
50,32,129,758,216,140,1,4,0,0
50,33,1044,492,78,48,1,4,0,0
50,34,1205,455,59,39,1,4,0,0
50,35,1312,428,51,35,1,4,0,1
50,36,1320,400,44,39,1,5,0,1
50,37,1379,408,45,32,1,4,0,0
50,38,1427,393,41,29,1,4,0,0
50,39,1460,361,33,27,1,4,0,0
50,48,1494,276,243,90,0,0,0,0
50,54,407,605,35,66,1,1,0,0
51,4,1489,387,45,34,1,4,0,0
51,8,1413,480,59,46,1,4,0,2
51,9,1564,383,70,67,1,6,0,2
51,10,1474,442,47,37,1,4,0,0
51,11,1497,425,46,35,1,4,0,1
51,12,1541,398,30,40,1,5,0,2
51,13,1546,391,38,29,1,4,0,2
51,14,1579,378,30,28,1,4,0,2
51,23,1452,474,82,77,1,6,0,2
51,24,1075,661,122,80,1,4,0,0
51,25,77,868,284,171,1,4,0,0
51,26,1360,441,23,25,1,7,0,0
51,27,1381,447,56,36,1,4,0,0
51,28,1123,542,84,70,1,5,0,0
51,32,43,782,230,149,1,4,0,0
51,33,1022,499,80,49,1,4,0,0
51,34,1188,461,61,41,1,4,0,0
51,35,1303,432,52,35,1,4,0,0
51,36,1310,402,45,41,1,5,0,1
51,37,1372,410,45,33,1,4,0,0
51,38,1421,396,41,29,1,4,0,0
51,39,1456,363,33,27,1,4,0,0
51,48,1494,276,244,95,0,0,0,0
51,54,413,603,35,66,1,1,0,0
52,4,1492,385,45,34,1,4,0,0
52,8,1419,477,59,45,1,4,0,2
52,9,1569,381,70,66,1,6,0,2
52,10,1479,440,47,36,1,4,0,0
52,11,1500,423,45,35,1,4,0,1
52,12,1543,396,30,40,1,5,0,2
52,13,1549,390,37,28,1,4,0,2
52,14,1581,376,30,28,1,4,0,2
52,23,1458,470,79,76,1,6,0,2
52,24,1103,646,116,77,1,4,0,0
52,25,0,901,289,169,1,4,0,0
52,26,1356,443,23,25,1,7,0,0
52,27,1389,443,54,35,1,4,0,0
52,28,1143,534,81,68,1,5,0,0
52,32,0,813,182,143,1,4,1,0
52,33,1000,506,82,50,1,4,0,0
52,34,1172,468,63,42,1,4,0,0
52,35,1289,436,54,36,1,4,0,0
52,36,1300,405,45,42,1,5,0,1
52,37,1365,412,46,34,1,4,0,0
52,38,1415,398,42,29,1,4,0,0
52,39,1451,365,34,27,1,4,0,0
52,48,1494,276,244,100,0,0,0,0
52,54,419,601,35,66,1,1,0,0
53,4,1496,384,45,34,1,4,0,0
53,8,1425,474,58,44,1,4,0,2
53,9,1571,379,70,66,1,6,0,2
53,10,1484,437,47,36,1,4,0,0
53,11,1504,421,44,35,1,4,0,1
53,12,1546,394,30,40,1,5,0,2
53,13,1551,388,36,29,1,4,0,2
53,14,1583,375,30,28,1,4,0,2
53,23,1465,467,76,74,1,6,0,2
53,24,1126,634,112,74,1,4,0,0
53,25,0,941,192,129,1,4,0,0
53,26,1351,445,24,26,1,7,0,0
53,27,1397,439,53,35,1,4,0,0
53,28,1163,526,78,66,1,5,0,0
53,33,977,513,85,51,1,4,0,0
53,34,1156,474,64,45,1,4,0,0
53,35,1276,440,55,37,1,4,0,0
53,36,1290,408,46,43,1,5,0,1
53,37,1357,415,46,35,1,4,0,0
53,38,1409,401,42,29,1,4,0,0
53,39,1447,366,33,28,1,4,0,0
53,47,1476,371,38,30,1,4,0,1
53,48,1494,276,245,103,0,0,0,0
53,54,426,600,34,65,1,1,0,1
54,4,1497,383,45,34,1,4,0,0
54,8,1428,473,58,43,1,4,0,2
54,9,1572,379,70,65,1,6,0,2
54,10,1487,436,47,36,1,4,0,0
54,11,1505,420,44,35,1,4,0,1
54,12,1547,393,30,40,1,5,0,2
54,13,1553,388,35,28,1,4,0,2
54,14,1584,374,30,28,1,4,0,2
54,23,1468,465,74,74,1,6,0,2
54,24,1135,629,110,73,1,4,0,0
54,25,0,961,143,109,1,4,0,0
54,26,1349,445,24,27,1,7,0,0
54,27,1401,438,53,34,1,4,0,0
54,28,1173,522,77,65,1,5,0,0
54,33,966,517,86,51,1,4,0,0
54,34,1147,478,66,45,1,4,0,0
54,35,1270,442,55,37,1,4,0,0
54,36,1285,410,46,43,1,5,0,1
54,37,1353,417,46,35,1,4,0,0
54,38,1406,402,43,29,1,4,0,0
54,39,1444,367,34,28,1,4,0,0
54,47,1474,371,38,31,1,4,0,1
54,48,1494,276,245,104,0,0,0,0
54,54,430,599,34,65,1,1,0,1
55,4,1501,381,45,34,1,4,0,0
55,8,1434,470,58,42,1,4,0,1
55,9,1575,378,69,65,1,6,0,2
55,10,1492,434,47,35,1,4,0,0
55,11,1509,419,43,34,1,4,0,1
55,12,1550,392,30,40,1,5,0,2
55,13,1555,386,35,29,1,4,0,2
55,14,1585,373,30,28,1,4,0,2
55,23,1474,462,72,72,1,6,0,2
55,24,1153,620,107,71,1,4,0,0
55,25,0,998,52,72,1,4,0,0
55,26,1345,447,25,28,1,7,0,0
55,27,1405,435,53,34,1,4,0,0
55,28,1189,516,75,63,1,5,0,0
55,33,944,524,88,52,1,4,0,0
55,34,1131,484,67,48,1,4,0,0
55,35,1256,446,58,39,1,4,0,0
55,36,1275,413,47,45,1,5,0,1
55,37,1345,420,46,37,1,4,0,0
55,38,1400,404,43,30,1,4,0,0
55,39,1440,369,34,28,1,4,0,0
55,47,1470,373,38,31,1,4,0,1
55,48,1494,276,246,105,0,0,0,0
55,54,437,597,34,65,1,1,0,1
56,4,1504,379,45,34,1,4,0,0
56,8,1438,467,58,42,1,4,0,1
56,9,1578,376,68,66,1,6,0,2
56,10,1497,432,47,34,1,4,0,0
56,11,1512,417,42,34,1,4,0,1
56,12,1552,390,30,40,1,5,0,2
56,13,1558,385,34,28,1,4,0,2
56,14,1587,372,30,28,1,4,0,2
56,23,1481,459,68,71,1,6,0,2
56,24,1170,611,104,69,1,4,0,0
56,26,1340,449,26,29,1,7,0,0
56,27,1410,433,52,33,1,4,0,0
56,28,1202,511,74,62,1,5,0,0
56,29,518,905,246,159,1,4,0,0
56,33,918,532,90,55,1,4,0,0
56,34,1115,491,69,49,1,4,0,0
56,35,1243,450,59,40,1,4,0,0
56,36,1265,415,48,47,1,5,0,1
56,37,1337,423,46,38,1,4,0,0
56,38,1393,407,43,31,1,4,0,0
56,39,1435,371,35,28,1,4,0,0
56,47,1466,375,39,31,1,4,0,1
56,48,1494,276,247,107,0,0,0,0
56,54,444,595,34,65,1,1,0,1
57,4,1508,378,45,34,1,4,0,0
57,8,1443,465,57,41,1,4,0,1
57,9,1580,375,68,65,1,6,0,2
57,10,1503,430,47,33,1,4,0,1
57,11,1515,415,42,34,1,4,0,1
57,12,1555,388,30,40,1,5,0,2
57,13,1561,384,32,28,1,4,0,2
57,14,1589,370,30,28,1,4,0,2
57,23,1487,455,66,70,1,6,0,2
57,24,1188,602,101,67,1,4,0,0
57,26,1336,450,26,30,1,7,0,0
57,27,1415,431,52,33,1,4,0,0
57,28,1215,506,72,61,1,5,0,0
57,29,580,876,231,150,1,4,0,0
57,33,888,542,94,57,1,4,0,0
57,34,1099,498,71,51,1,4,0,0
57,35,1230,454,60,41,1,4,0,0
57,36,1255,418,49,48,1,5,0,1
57,37,1329,426,46,40,1,4,0,1
57,38,1383,411,45,31,1,4,0,0
57,39,1431,373,35,29,1,4,0,0
57,47,1462,377,39,32,1,4,0,1
57,48,1494,276,247,99,0,0,0,0
57,54,451,593,34,65,1,1,0,1
58,4,1511,376,45,34,1,4,0,0
58,8,1448,462,56,42,1,4,0,1
58,9,1583,374,67,65,1,6,0,2
58,10,1507,428,46,32,1,4,0,1
58,11,1518,413,41,34,1,4,0,1
58,12,1558,386,30,40,1,5,0,2
58,13,1563,382,32,29,1,4,0,2
58,14,1591,369,30,28,1,4,0,2
58,23,1493,452,64,69,1,6,0,2
58,24,1206,592,97,65,1,4,0,0
58,26,1331,452,27,31,1,7,0,0
58,27,1420,429,51,32,1,4,0,0
58,28,1227,501,72,59,1,5,0,0
58,29,643,848,216,140,1,4,0,0
58,33,858,551,98,60,1,4,0,0
58,34,1072,507,75,53,1,4,0,0
58,35,1214,460,62,41,1,4,0,0
58,36,1245,421,49,49,1,5,0,1
58,37,1317,430,47,40,1,4,0,1
58,38,1373,414,46,32,1,4,0,0
58,39,1424,375,35,29,1,4,0,0
58,47,1458,379,40,32,1,4,0,1
58,48,1493,276,247,89,0,0,0,0
58,54,458,591,34,65,1,1,0,1
59,4,1514,374,45,34,1,4,0,0
59,8,1452,460,56,41,1,4,0,1
59,9,1585,373,67,65,1,6,0,2
59,10,1512,426,45,31,1,4,0,1
59,11,1522,412,40,33,1,4,0,1
59,12,1560,384,30,40,1,5,0,2
59,13,1566,381,31,28,1,4,0,2
59,14,1593,368,29,28,1,4,0,2
59,23,1499,449,64,69,1,6,0,2
59,24,1223,583,95,63,1,4,0,0
59,26,1327,453,28,32,1,7,0,0
59,27,1425,427,51,32,1,4,0,0
59,28,1240,496,70,58,1,5,0,0
59,29,705,819,201,132,1,4,0,0
59,33,828,560,102,63,1,4,0,0
59,34,1045,517,79,55,1,4,0,0
59,35,1195,466,65,43,1,4,0,0
59,36,1235,424,50,50,1,5,0,1
59,37,1305,435,49,40,1,4,0,1
59,38,1364,417,47,34,1,4,0,0
59,39,1417,378,36,28,1,4,0,0
59,47,1454,381,40,32,1,4,0,1
59,48,1493,276,247,90,0,0,0,0
59,54,464,590,34,65,1,1,0,0
60,4,1518,373,45,34,1,4,0,0
60,8,1457,457,55,42,1,4,0,1
60,9,1588,372,66,64,1,6,0,2
60,10,1516,424,44,31,1,4,0,1
60,11,1525,410,39,33,1,4,0,1
60,12,1563,383,30,40,1,5,0,2
60,13,1568,380,30,28,1,4,0,2
60,14,1595,366,29,28,1,4,0,2
60,23,1504,446,64,69,1,6,0,2
60,24,1241,574,91,61,1,4,0,0
60,26,1322,455,29,33,1,7,0,0
60,27,1430,424,50,32,1,4,0,0
60,28,1253,491,69,57,1,5,0,0
60,29,768,791,186,122,1,4,0,0
60,33,799,570,105,65,1,4,0,0
60,34,1019,527,83,57,1,4,0,0
60,35,1175,472,69,44,1,4,0,0
60,36,1221,428,52,51,1,5,0,0
60,37,1293,440,51,40,1,4,0,1
60,38,1354,421,49,34,1,4,0,0
60,39,1410,380,37,29,1,4,0,0
60,47,1450,383,41,33,1,4,0,1
60,48,1493,276,246,90,0,0,0,0
60,54,470,589,34,65,1,1,0,0
61,4,1519,372,45,34,1,4,0,0
61,8,1460,456,54,42,1,4,0,1
61,9,1589,371,66,65,1,6,0,2
61,10,1518,423,44,31,1,4,0,1
61,11,1526,409,39,33,1,4,0,1
61,12,1564,383,30,39,1,5,0,2
61,13,1569,379,30,28,1,4,0,2
61,14,1596,366,29,28,1,4,0,2
61,23,1507,445,64,69,1,6,0,2
61,24,1250,569,89,60,1,4,0,0
61,26,1320,456,29,33,1,7,0,0
61,27,1432,423,50,32,1,4,0,0
61,28,1259,488,68,57,1,5,0,0
61,29,799,777,179,117,1,4,0,0
61,33,778,576,108,67,1,4,0,0
61,34,1006,532,85,58,1,4,0,0
61,35,1166,475,69,45,1,4,0,0
61,36,1212,431,54,51,1,5,0,0
61,37,1287,442,52,40,1,4,0,1
61,38,1349,422,49,35,1,4,0,0
61,39,1407,381,37,29,1,4,0,0
61,47,1448,384,41,33,1,4,0,1
61,48,1493,276,246,91,0,0,0,0
61,54,473,588,34,65,1,1,0,0
62,4,1523,370,45,34,1,4,0,0
62,8,1464,454,54,41,1,4,0,1
62,9,1592,370,65,64,1,6,0,2
62,10,1523,422,43,29,1,4,0,1
62,11,1530,407,38,33,1,4,0,1
62,12,1566,382,30,39,1,5,0,2
62,13,1571,377,30,28,1,4,0,2
62,14,1598,364,29,28,1,4,0,2
62,23,1512,442,64,69,1,6,0,2
62,24,1264,562,87,58,1,4,0,0
62,26,1316,457,29,35,1,7,0,0
62,27,1437,421,50,31,1,4,0,0
62,28,1272,483,67,55,1,5,0,0
62,29,850,753,167,111,1,4,0,0
62,33,736,590,116,71,1,4,0,0
62,34,979,542,89,59,1,4,0,0
62,35,1147,481,72,47,1,4,0,0
62,36,1195,436,56,51,1,5,0,0
62,37,1275,447,54,40,1,4,0,1
62,38,1340,426,50,36,1,4,0,0
62,39,1400,384,38,28,1,4,0,0
62,40,1463,356,46,31,1,6,0,0
62,47,1444,386,42,33,1,4,0,1
62,48,1493,276,245,91,0,0,0,0
62,54,479,587,34,65,1,1,0,0
63,8,1469,451,53,42,1,4,0,1
63,9,1594,369,65,64,1,6,0,2
63,10,1527,420,42,29,1,4,0,1
63,11,1533,405,37,33,1,4,0,1
63,12,1568,381,30,39,1,5,0,2
63,13,1573,375,30,28,1,4,0,2
63,14,1599,363,29,28,1,4,0,2
63,23,1517,439,64,69,1,6,0,2
63,24,1275,556,85,57,1,4,0,0
63,26,1311,459,31,35,1,7,0,0
63,27,1442,419,49,31,1,4,0,0
63,28,1285,478,65,54,1,5,0,0
63,29,889,735,159,105,1,4,0,0
63,33,694,604,123,75,1,4,0,0
63,34,952,552,93,61,1,4,0,0
63,35,1127,487,76,48,1,4,0,0
63,36,1178,441,59,52,1,5,0,0
63,37,1263,451,56,40,1,4,0,1
63,38,1330,429,51,37,1,4,0,0
63,39,1394,387,38,28,1,4,0,0
63,40,1457,358,47,31,1,6,0,0
63,47,1440,388,42,33,1,4,0,1
63,48,1493,276,245,92,0,0,0,0
63,54,485,586,34,65,1,1,0,0
64,8,1474,449,52,41,1,4,0,1
64,9,1597,367,64,64,1,6,0,2
64,10,1532,418,41,28,1,4,0,1
64,11,1536,404,37,33,1,4,0,1
64,12,1570,381,30,38,1,5,0,2
64,13,1575,374,30,28,1,4,0,2
64,14,1600,363,29,28,1,4,0,2
64,23,1523,436,64,69,1,6,0,2
64,24,1286,550,83,57,1,4,0,0
64,26,1307,461,31,36,1,7,0,0
64,27,1447,417,49,30,1,4,0,0
64,28,1298,473,64,53,1,5,0,0
64,29,927,716,153,100,1,4,0,0
64,33,652,618,130,79,1,4,0,0
64,34,926,562,97,63,1,4,0,0
64,35,1108,493,78,50,1,4,0,0
64,36,1161,446,61,52,1,5,0,0
64,37,1251,456,58,40,1,4,0,1
64,38,1320,433,53,37,1,4,0,0
64,39,1387,389,38,28,1,4,0,0
64,40,1451,360,48,32,1,6,0,0
64,47,1435,390,43,34,1,4,0,0
64,48,1493,276,245,92,0,0,0,0
64,54,491,585,34,64,1,1,0,0
65,8,1479,447,51,41,1,4,0,1
65,9,1599,366,64,64,1,6,0,2
65,10,1537,417,40,27,1,4,0,2
65,11,1538,403,37,33,1,4,0,1
65,12,1572,380,30,38,1,5,0,2
65,13,1577,372,30,28,1,4,0,2
65,14,1601,363,29,28,1,4,0,2
65,23,1525,434,64,69,1,6,0,2
65,24,1297,544,81,56,1,4,0,0
65,26,1302,462,32,38,1,7,0,0
65,27,1452,415,48,30,1,4,0,0
65,28,1311,468,62,52,1,5,0,0
65,29,966,698,145,94,1,4,0,0
65,33,610,632,138,83,1,4,0,0
65,34,896,572,103,66,1,4,0,0
65,35,1089,499,81,51,1,4,0,0
65,36,1144,451,64,53,1,5,0,0
65,37,1238,464,60,40,1,4,0,0
65,38,1311,436,54,39,1,4,0,0
65,39,1380,392,39,27,1,4,0,0
65,40,1446,361,47,33,1,6,0,0
65,47,1430,392,44,34,1,4,0,0
65,48,1493,276,246,91,0,0,0,0
65,54,497,583,34,65,1,1,0,0
66,8,1482,445,51,40,1,4,0,1
66,9,1602,365,63,64,1,6,0,2
66,10,1540,414,40,27,1,4,0,2
66,11,1541,402,36,33,1,4,0,1
66,12,1574,379,30,37,1,5,0,2
66,13,1579,370,30,28,1,4,0,2
66,14,1603,363,29,28,1,4,0,2
66,23,1527,433,64,69,1,6,0,2
66,24,1307,539,80,54,1,4,0,0
66,26,1298,464,32,38,1,7,0,0
66,27,1457,412,47,30,1,4,0,0
66,28,1323,463,62,50,1,5,0,0
66,29,1000,682,137,88,1,4,0,0
66,33,556,648,147,88,1,4,0,0
66,34,858,585,111,71,1,4,0,0
66,35,1070,505,84,53,1,4,0,0
66,36,1127,456,66,53,1,5,0,0
66,37,1222,468,62,42,1,4,0,0
66,38,1301,439,55,40,1,4,0,0
66,39,1373,394,40,28,1,4,0,0
66,40,1440,363,48,34,1,6,0,0
66,47,1425,394,44,34,1,4,0,0
66,48,1493,276,247,91,0,0,0,0
66,54,503,582,34,65,1,1,0,0
67,8,1486,443,50,40,1,4,0,1
67,9,1605,364,62,63,1,6,0,2
67,10,1544,411,40,27,1,4,0,2
67,11,1543,401,37,34,1,4,0,1
67,12,1577,378,29,37,1,5,0,2
67,13,1581,369,30,28,1,4,0,2
67,14,1604,362,29,28,1,4,0,2
67,23,1530,432,64,69,1,6,0,2
67,24,1318,533,78,53,1,4,0,0
67,26,1293,466,33,39,1,7,0,0
67,27,1462,410,47,30,1,4,0,0
67,28,1336,458,60,49,1,5,0,0
67,29,1029,668,130,84,1,4,0,0
67,33,490,668,157,92,1,4,0,0
67,34,814,601,120,76,1,4,0,0
67,35,1044,515,89,54,1,4,0,0
67,36,1110,462,69,53,1,5,0,0
67,37,1207,472,63,44,1,4,0,0
67,38,1291,443,57,40,1,4,0,0
67,39,1367,397,40,27,1,4,0,0
67,40,1435,365,48,34,1,6,0,0
67,47,1420,396,45,35,1,4,0,0
67,48,1492,276,248,91,0,0,0,0
67,54,509,581,34,65,1,1,0,0
68,8,1490,442,49,38,1,4,0,1
68,9,1607,363,62,63,1,6,0,2
68,10,1548,408,40,27,1,4,0,2
68,11,1545,400,37,34,1,4,0,1
68,12,1579,378,29,36,1,5,0,2
68,13,1583,367,30,28,1,4,0,2
68,14,1605,362,29,28,1,4,0,2
68,23,1532,430,64,69,1,6,0,2
68,24,1329,527,76,52,1,4,0,0
68,26,1289,469,33,39,1,7,0,0
68,27,1467,408,46,29,1,4,0,0
68,28,1349,453,59,48,1,5,0,0
68,29,1057,654,123,79,1,4,0,0
68,33,423,688,168,96,1,4,0,0
68,34,771,617,129,81,1,4,0,0
68,35,1018,525,95,55,1,4,0,0
68,36,1087,469,72,55,1,5,0,0
68,37,1191,477,63,47,1,4,0,0
68,38,1279,447,58,42,1,4,0,1
68,39,1360,399,41,27,1,4,0,0
68,40,1429,367,49,35,1,6,0,0
68,47,1415,399,46,34,1,4,0,0
68,48,1492,276,249,91,0,0,0,0
68,54,514,580,35,64,1,1,0,0
69,8,1493,440,49,38,1,4,0,1
69,9,1610,361,61,64,1,6,0,2
69,10,1552,407,40,27,1,4,0,2
69,11,1548,399,36,34,1,4,0,1
69,12,1581,377,29,36,1,5,0,2
69,13,1585,365,30,28,1,4,0,2
69,14,1606,362,29,28,1,4,0,2
69,23,1535,429,64,69,1,6,0,2
69,24,1340,521,74,52,1,4,0,0
69,26,1284,473,33,39,1,7,0,0
69,27,1472,406,46,29,1,4,0,0
69,28,1359,449,58,47,1,5,0,0
69,29,1083,642,117,75,1,4,0,0
69,33,357,708,178,101,1,4,0,0
69,34,724,634,135,85,1,4,0,0
69,35,987,532,100,57,1,4,0,0
69,36,1065,476,75,58,1,5,0,0
69,37,1173,485,65,47,1,4,0,0
69,38,1264,452,60,43,1,4,0,1
69,39,1352,402,41,28,1,4,0,0
69,40,1423,368,50,36,1,6,0,0
69,47,1410,401,46,34,1,4,0,0
69,48,1492,276,250,91,0,0,0,0
69,54,520,579,35,64,1,1,0,0
70,8,1495,439,48,37,1,4,0,1
70,9,1611,361,61,63,1,6,0,2
70,10,1554,407,40,28,1,4,0,2
70,11,1549,399,36,33,1,4,0,1
70,12,1582,376,29,36,1,5,0,2
70,13,1586,365,30,28,1,4,0,2
70,23,1536,428,64,69,1,6,0,2
70,24,1345,519,74,50,1,4,0,0
70,26,1282,474,33,39,1,7,0,0
70,27,1474,405,46,28,1,4,0,0
70,28,1363,448,57,46,1,5,0,0
70,29,1094,637,115,74,1,4,0,0
70,33,315,722,187,106,1,4,0,0
70,34,701,642,138,87,1,4,0,0
70,35,971,535,103,58,1,4,0,0
70,36,1054,479,76,60,1,5,0,0
70,37,1164,489,66,47,1,4,0,0
70,38,1256,455,61,43,1,4,0,1
70,39,1347,404,41,28,1,4,0,0
70,40,1421,369,49,36,1,6,0,0
70,47,1408,402,46,35,1,4,0,0
70,48,1492,276,250,91,0,0,0,0
70,54,523,578,35,64,1,1,0,0
71,8,1499,437,47,37,1,4,0,1
71,10,1558,408,40,28,1,4,0,2
71,11,1552,398,36,34,1,4,0,1
71,12,1584,376,29,35,1,5,0,2
71,13,1587,363,30,28,1,4,0,2
71,23,1538,427,64,69,1,6,0,2
71,24,1356,513,72,49,1,4,0,0
71,26,1277,478,33,39,1,7,0,0
71,27,1479,403,45,28,1,4,0,0
71,28,1370,445,56,45,1,5,0,0
71,29,1116,627,112,71,1,4,0,0
71,33,225,750,206,116,1,4,0,0
71,34,647,662,147,92,1,4,0,0
71,35,940,545,107,60,1,4,0,0
71,36,1031,486,80,62,1,5,0,0
71,37,1146,496,68,48,1,4,0,0
71,38,1241,460,63,45,1,4,0,1
71,39,1337,407,42,29,1,4,0,0
71,40,1415,371,50,37,1,6,0,0
71,47,1403,404,46,35,1,4,0,0
71,48,1492,276,251,91,0,0,0,0
71,54,529,577,35,64,1,1,0,0
72,8,1503,436,46,35,1,4,0,1
72,10,1562,408,40,29,1,4,0,2
72,11,1554,397,36,34,1,4,0,1
72,12,1586,375,29,35,1,5,0,2
72,13,1589,362,30,28,1,4,0,2
72,23,1541,426,64,69,1,6,0,2
72,24,1367,507,70,49,1,4,0,0
72,26,1272,481,33,39,1,7,0,0
72,27,1484,401,45,28,1,4,0,0
72,28,1377,442,55,45,1,5,0,0
72,29,1138,616,109,69,1,4,0,0
72,33,129,778,225,127,1,4,0,0
72,34,585,684,159,99,1,4,0,0
72,35,909,557,112,62,1,4,0,0
72,36,1009,493,83,65,1,5,0,0
72,37,1128,504,70,48,1,4,0,0
72,38,1225,466,65,45,1,4,0,1
72,39,1327,410,43,30,1,4,0,0
72,40,1409,372,51,38,1,6,0,0
72,41,1484,371,38,24,1,4,0,0
72,47,1398,406,47,35,1,4,0,0
72,48,1492,276,252,91,0,0,0,0
72,54,535,576,35,64,1,1,0,0
73,8,1506,434,47,35,1,4,0,1
73,10,1566,409,40,29,1,4,0,2
73,11,1556,396,36,34,1,4,0,1
73,12,1588,374,29,35,1,5,0,2
73,13,1591,361,30,28,1,4,0,2
73,23,1543,425,64,69,1,6,0,2
73,24,1378,501,68,48,1,4,0,0
73,26,1268,484,33,39,1,7,0,0
73,27,1488,399,45,28,1,4,0,0
73,28,1384,439,54,44,1,5,0,0
73,29,1160,606,105,66,1,4,0,0
73,33,24,807,244,137,1,4,0,0
73,34,517,710,172,109,1,4,0,0
73,35,878,569,117,64,1,4,0,0
73,36,987,500,85,68,1,5,0,0
73,37,1111,512,71,48,1,4,0,0
73,38,1210,471,67,47,1,4,0,1
73,39,1317,413,44,31,1,4,0,0
73,40,1404,374,51,39,1,6,0,0
73,41,1477,373,39,24,1,4,0,0
73,47,1393,409,48,35,1,4,0,0
73,48,1492,276,253,91,0,0,0,0
73,54,541,574,35,65,1,1,0,0
74,8,1510,433,46,33,1,4,0,1
74,10,1575,403,40,29,1,4,0,2
74,11,1559,395,35,34,1,4,0,1
74,13,1593,360,30,28,1,4,0,2
74,23,1545,423,64,69,1,6,0,2
74,24,1387,497,66,47,1,4,0,0
74,26,1263,487,33,39,1,7,0,0
74,27,1492,398,45,28,1,4,0,0
74,28,1392,436,52,44,1,5,0,0
74,29,1180,597,101,64,1,4,0,0
74,34,441,736,185,120,1,4,0,0
74,35,842,580,121,66,1,4,0,0
74,36,960,508,89,70,1,5,0,0
74,37,1087,518,79,54,1,4,0,0
74,38,1195,476,69,48,1,4,0,1
74,39,1308,417,44,32,1,4,0,0
74,40,1398,376,52,39,1,6,0,0
74,41,1471,375,40,25,1,4,0,0
74,47,1387,411,49,35,1,4,0,0
74,48,1492,276,253,93,0,0,0,0
74,54,547,573,35,64,1,1,0,0
75,8,1514,431,45,33,1,4,0,1
75,10,1575,403,40,29,1,4,0,2
75,11,1561,394,36,34,1,4,0,1
75,13,1595,359,30,28,1,4,0,2
75,23,1548,422,64,69,1,6,0,2
75,24,1393,494,65,46,1,4,0,0
75,26,1259,491,33,39,1,7,0,0
75,27,1496,396,45,28,1,4,0,0
75,28,1399,433,51,43,1,5,0,0
75,29,1196,589,97,62,1,4,0,0
75,34,357,762,197,131,1,4,0,0
75,35,802,591,125,69,1,4,0,0
75,36,929,517,92,73,1,5,0,0
75,37,1064,527,84,56,1,4,0,0
75,38,1180,482,71,49,1,4,0,0
75,39,1298,420,45,33,1,4,0,0
75,40,1393,378,52,40,1,6,0,0
75,41,1465,377,40,25,1,4,0,0
75,47,1382,413,49,36,1,4,0,0
75,48,1492,276,254,95,0,0,0,0
75,54,553,572,35,64,1,1,0,0
76,8,1518,429,44,32,1,4,0,1
76,10,1575,403,40,29,1,4,0,2
76,11,1564,393,35,34,1,4,0,1
76,23,1550,421,64,69,1,6,0,2
76,24,1400,491,64,45,1,4,0,0
76,26,1254,494,33,39,1,7,0,0
76,27,1500,395,45,28,1,4,0,0
76,28,1406,430,51,43,1,5,0,0
76,29,1213,581,93,60,1,4,0,0
76,34,251,796,225,141,1,4,0,0
76,35,754,605,134,73,1,4,0,0
76,36,898,526,95,75,1,5,0,0
76,37,1041,536,89,58,1,4,0,0
76,38,1160,487,74,52,1,4,0,0
76,39,1288,423,46,34,1,4,0,0
76,40,1384,381,53,40,1,6,0,0
76,41,1459,380,41,25,1,4,0,0
76,47,1377,415,49,37,1,4,0,0
76,48,1492,276,254,97,0,0,0,0
76,54,558,571,35,64,1,1,0,0
77,8,1519,428,44,32,1,4,0,1
77,10,1575,403,40,29,1,4,0,2
77,11,1565,392,35,35,1,4,0,1
77,23,1551,420,64,69,1,6,0,2
77,24,1403,490,63,44,1,4,0,0
77,26,1252,496,33,39,1,7,0,0
77,27,1502,394,45,28,1,4,0,0
77,28,1410,428,50,43,1,5,0,0
77,29,1221,577,91,59,1,4,0,0
77,34,199,813,239,147,1,4,0,0
77,35,730,612,138,76,1,4,0,0
77,36,883,530,96,77,1,5,0,0
77,37,1030,541,91,59,1,4,0,0
77,38,1151,490,75,53,1,4,0,0
77,39,1283,425,46,34,1,4,0,0
77,40,1380,382,54,40,1,6,0,0
77,41,1456,381,41,25,1,4,0,0
77,47,1375,416,49,38,1,4,0,0
77,48,1492,276,254,98,0,0,0,0
77,54,560,571,35,63,1,1,0,0
78,8,1523,427,43,31,1,4,0,1
78,10,1575,403,40,29,1,4,0,2
78,11,1567,391,35,35,1,4,0,1
78,23,1554,418,64,69,1,6,0,2
78,24,1409,487,63,43,1,4,0,0
78,26,1247,499,33,39,1,7,0,0
78,27,1506,393,45,28,1,4,0,0
78,28,1417,425,49,43,1,5,0,0
78,29,1236,569,88,58,1,4,0,0
78,34,78,849,264,160,1,4,0,0
78,35,683,626,146,81,1,4,0,0
78,36,852,539,99,80,1,5,0,0
78,37,1001,551,96,62,1,4,0,0
78,38,1133,499,78,55,1,4,0,0
78,39,1273,428,47,35,1,4,0,0
78,40,1372,385,55,40,1,6,0,0
78,41,1450,383,42,26,1,4,0,0
78,43,1487,339,39,32,1,6,0,0
78,47,1370,419,49,38,1,4,0,0
78,48,1492,276,255,100,0,0,0,0
78,54,565,570,35,63,1,1,0,0
79,8,1527,425,42,30,1,4,0,1
79,10,1575,403,40,29,1,4,0,2
79,23,1558,416,62,68,1,6,0,2
79,24,1416,484,61,42,1,4,0,0
79,26,1243,502,33,39,1,7,0,0
79,27,1510,391,46,28,1,4,0,0
79,28,1424,422,48,42,1,5,0,0
79,29,1250,563,86,56,1,4,0,0
79,34,0,896,243,167,1,4,1,0
79,35,636,641,155,85,1,4,0,0
79,36,817,550,103,83,1,5,0,0
79,37,973,562,101,65,1,4,0,0
79,38,1116,509,81,57,1,4,0,0
79,39,1261,432,49,36,1,4,0,0
79,40,1364,388,56,40,1,6,0,0
79,41,1444,385,43,27,1,4,0,0
79,43,1482,341,40,32,1,6,0,0
79,47,1364,421,50,38,1,4,0,0
79,48,1492,276,255,102,0,0,0,0
79,54,570,569,35,63,1,1,0,0
80,8,1531,424,42,29,1,4,0,1
80,10,1575,403,40,29,1,4,0,2
80,23,1562,414,61,67,1,6,0,2
80,24,1422,481,60,41,1,4,0,0
80,26,1238,505,33,39,1,7,0,0
80,27,1514,390,46,28,1,4,0,0
80,28,1431,419,47,42,1,5,0,0
80,29,1264,557,84,55,1,4,0,0
80,34,0,924,123,143,1,4,1,0
80,35,573,660,165,91,1,4,0,0
80,36,778,562,109,87,1,5,0,0
80,37,935,575,106,67,1,4,0,0
80,38,1092,518,85,59,1,4,0,0
80,39,1247,437,51,37,1,4,0,0
80,40,1355,391,58,40,1,6,0,0
80,41,1438,388,43,26,1,4,0,0
80,42,1492,368,37,27,1,4,0,0
80,43,1477,343,41,32,1,6,0,0
80,47,1359,423,50,39,1,4,0,0
80,48,1492,276,256,104,0,0,0,0
80,54,575,568,35,63,1,1,0,0
81,8,1533,422,42,29,1,4,0,1
81,10,1575,403,40,29,1,4,0,2
81,23,1566,412,59,66,1,6,0,2
81,24,1429,478,58,41,1,4,0,0
81,26,1233,509,33,39,1,7,0,0
81,27,1518,388,46,28,1,4,0,0
81,28,1438,416,46,41,1,5,0,0
81,29,1278,551,82,53,1,4,0,0
81,30,660,897,230,157,1,4,0,0
81,35,510,680,175,97,1,4,0,0
81,36,739,574,116,91,1,5,0,0
81,37,897,588,111,70,1,4,0,0
81,38,1069,528,88,60,1,4,0,0
81,39,1232,442,54,37,1,4,0,0
81,40,1347,394,59,40,1,6,0,0
81,41,1432,390,44,27,1,4,0,0
81,42,1487,370,37,27,1,4,0,0
81,43,1472,345,41,32,1,6,0,0
81,47,1354,425,51,40,1,4,0,0
81,48,1492,276,257,106,0,0,0,0
81,54,580,567,35,63,1,1,0,0
82,8,1536,421,41,29,1,4,0,1
82,10,1578,398,41,29,1,4,0,2
82,23,1569,410,58,65,1,6,0,2
82,24,1435,475,58,40,1,4,0,0
82,26,1229,512,33,39,1,7,0,0
82,27,1522,387,46,28,1,4,0,0
82,28,1446,414,45,40,1,5,0,0
82,29,1289,545,81,53,1,4,0,0
82,30,740,861,205,135,1,4,0,0
82,35,448,700,185,103,1,4,0,0
82,36,700,586,122,95,1,5,0,0
82,37,859,601,116,73,1,4,0,0
82,38,1046,538,91,62,1,4,0,0
82,39,1218,447,57,38,1,4,0,0
82,40,1339,397,59,40,1,6,0,0
82,41,1426,392,45,28,1,4,0,0
82,42,1483,373,37,27,1,4,0,0
82,43,1467,347,42,31,1,6,0,0
82,47,1349,427,51,41,1,4,0,0
82,48,1492,276,257,108,0,0,0,0
82,54,585,566,35,63,1,1,0,0
83,8,1539,419,40,29,1,4,0,1
83,10,1585,391,41,29,1,4,0,2
83,23,1573,408,57,64,1,6,0,2
83,24,1442,472,56,39,1,4,0,0
83,26,1224,515,33,39,1,7,0,0
83,27,1526,385,46,28,1,4,0,0
83,28,1450,412,44,40,1,5,0,0
83,29,1299,541,79,51,1,4,0,0
83,30,798,831,190,125,1,4,0,0
83,35,362,728,203,109,1,4,0,0
83,36,657,598,128,99,1,5,0,0
83,37,822,615,121,75,1,4,0,0
83,38,1021,549,95,63,1,4,0,0
83,39,1203,452,60,38,1,4,0,0
83,40,1330,400,61,40,1,6,0,0
83,41,1420,394,45,28,1,4,0,0
83,42,1478,376,37,27,1,4,0,0
83,43,1462,349,42,31,1,6,0,0
83,47,1343,430,52,41,1,4,0,0
83,48,1492,276,258,110,0,0,0,0
83,54,590,565,35,63,1,1,0,0
84,8,1541,418,40,29,1,4,0,1
84,23,1577,406,55,63,1,6,0,2
84,24,1448,469,55,38,1,4,0,0
84,26,1220,519,33,39,1,7,0,0
84,27,1530,384,46,28,1,4,0,0
84,28,1454,411,44,39,1,5,0,0
84,29,1309,536,77,50,1,4,0,0
84,30,856,801,176,115,1,4,0,0
84,35,276,757,222,115,1,4,0,0
84,36,607,612,135,105,1,5,0,0
84,37,775,633,130,81,1,4,0,0
84,38,993,561,99,65,1,4,0,0
84,39,1189,457,62,39,1,4,0,0
84,40,1322,403,62,40,1,6,0,0
84,41,1412,397,46,28,1,4,0,0
84,42,1474,379,37,27,1,4,0,0
84,43,1457,351,43,31,1,6,0,0
84,47,1335,434,54,41,1,4,0,0
84,48,1492,276,258,112,0,0,0,0
84,54,595,564,35,63,1,1,0,0
85,8,1544,417,39,28,1,4,0,1
85,23,1580,403,55,64,1,6,0,2
85,24,1454,466,54,37,1,4,0,0
85,26,1214,523,33,40,1,7,0,0
85,28,1459,409,43,39,1,5,0,0
85,29,1319,531,75,49,1,4,0,0
85,30,914,771,162,105,1,4,0,0
85,35,190,785,240,122,1,4,0,0
85,36,557,628,143,111,1,5,0,0
85,37,728,651,140,87,1,4,0,0
85,38,966,573,102,67,1,4,0,0
85,39,1173,463,65,40,1,4,0,0
85,40,1314,406,63,40,1,6,0,0
85,41,1402,400,48,29,1,4,0,0
85,42,1469,381,37,27,1,4,0,0
85,43,1452,352,44,32,1,6,0,0
85,47,1327,438,56,41,1,4,0,0
85,48,1492,276,259,114,0,0,0,0
85,54,600,563,34,63,1,1,0,0
86,8,1545,416,39,29,1,4,0,1
86,23,1582,402,54,63,1,6,0,2
86,24,1458,464,53,37,1,4,0,0
86,26,1211,525,34,40,1,7,0,0
86,28,1461,408,43,39,1,5,0,0
86,29,1324,529,74,48,1,4,0,0
86,30,943,756,155,100,1,4,0,0
86,35,148,800,249,125,1,4,0,0
86,36,532,637,147,113,1,5,0,0
86,37,705,661,145,89,1,4,0,0
86,38,952,579,104,68,1,4,0,0
86,39,1164,467,66,40,1,4,0,0
86,40,1310,408,64,40,1,6,0,0
86,41,1397,402,49,29,1,4,0,0
86,42,1467,383,37,27,1,4,0,0
86,43,1450,353,43,32,1,6,0,0
86,47,1324,439,56,41,1,4,0,0
86,48,1492,276,259,115,0,0,0,0
86,54,602,563,35,62,1,1,0,0
87,8,1548,415,39,28,1,4,0,1
87,23,1586,400,52,62,1,6,0,2
87,24,1464,461,52,36,1,4,0,0
87,26,1205,530,35,40,1,7,0,0
87,28,1465,407,43,38,1,5,0,0
87,29,1334,524,72,47,1,4,0,0
87,30,997,729,144,93,1,4,0,0
87,35,35,823,269,149,1,4,0,0
87,36,481,656,157,119,1,5,0,0
87,37,642,683,155,95,1,4,0,0
87,38,923,592,110,71,1,4,0,0
87,39,1147,474,68,42,1,4,0,0
87,40,1302,411,65,40,1,6,0,0
87,41,1388,405,49,29,1,4,0,0
87,42,1462,385,37,27,1,4,0,0
87,43,1445,355,44,31,1,6,0,0
87,47,1316,443,58,41,1,4,0,0
87,48,1492,276,260,117,0,0,0,0
87,54,607,562,35,62,1,1,0,0
88,8,1551,413,38,29,1,4,0,1
88,23,1590,398,51,61,1,6,0,2
88,24,1471,459,51,35,1,4,0,0
88,26,1199,534,36,41,1,7,0,0
88,28,1470,405,41,39,1,5,0,0
88,29,1344,520,70,46,1,4,0,0
88,30,1039,707,137,89,1,4,0,0
88,35,0,858,213,161,1,4,1,0
88,36,413,674,165,125,1,5,0,0
88,37,579,705,165,101,1,4,0,0
88,38,887,607,119,75,1,4,0,0
88,39,1128,481,70,44,1,4,0,0
88,40,1289,415,67,41,1,6,0,0
88,41,1378,408,51,30,1,4,0,0
88,42,1458,388,37,27,1,4,0,0
88,43,1440,357,45,31,1,6,0,0
88,47,1308,447,60,41,1,4,0,0
88,48,1492,276,260,119,0,0,0,0
88,54,612,561,35,62,1,1,0,0
89,8,1554,412,37,28,1,4,0,1
89,23,1593,396,50,60,1,6,0,2
89,24,1475,457,50,34,1,4,0,0
89,26,1193,538,37,42,1,7,0,0
89,28,1474,404,41,38,1,5,0,0
89,29,1350,516,69,46,1,4,0,0
89,30,1077,688,129,84,1,4,0,0
89,35,0,876,108,161,1,4,1,0
89,36,345,692,174,132,1,5,0,0
89,37,507,732,179,109,1,4,0,0
89,38,847,621,129,79,1,4,0,0
89,39,1108,489,71,44,1,4,0,0
89,40,1276,419,69,42,1,6,0,0
89,41,1368,411,52,30,1,4,0,0
89,42,1452,391,38,27,1,4,0,0
89,43,1435,359,45,31,1,6,0,0
89,47,1301,450,61,41,1,4,0,0
89,48,1492,276,261,121,0,0,0,0
89,54,617,560,34,62,1,1,0,0
90,8,1556,411,37,28,1,4,0,1
90,23,1597,394,49,59,1,6,0,2
90,24,1479,455,49,34,1,4,0,0
90,26,1187,543,38,42,1,7,0,0
90,28,1478,403,41,37,1,5,0,0
90,29,1357,513,68,45,1,4,0,0
90,30,1110,671,123,79,1,4,0,0
90,36,269,715,187,141,1,5,0,0
90,37,427,761,194,117,1,4,0,0
90,38,803,638,138,84,1,4,0,0
90,39,1087,497,74,45,1,4,0,0
90,40,1264,424,70,43,1,6,0,0
90,41,1359,414,53,31,1,4,0,0
90,42,1445,394,39,27,1,4,0,0
90,43,1430,361,46,31,1,6,0,0
90,47,1293,454,63,41,1,4,0,0
90,48,1492,276,261,123,0,0,0,0
90,54,622,559,34,62,1,1,0,0
91,8,1559,409,36,28,1,4,0,1
91,23,1601,392,47,58,1,6,0,2
91,24,1483,453,49,34,1,4,0,0
91,26,1181,547,39,43,1,7,0,0
91,28,1483,401,40,37,1,5,0,0
91,29,1364,509,67,45,1,4,0,0
91,30,1139,655,118,76,1,4,0,0
91,36,183,742,206,154,1,5,0,0
91,37,339,792,208,125,1,4,0,0
91,38,755,657,146,89,1,4,0,0
91,39,1067,505,75,46,1,4,0,0
91,40,1251,428,72,44,1,6,0,0
91,41,1349,417,54,31,1,4,0,0
91,42,1438,396,40,28,1,4,0,0
91,43,1425,363,47,31,1,6,0,0
91,47,1286,458,64,41,1,4,0,0
91,48,1492,276,262,125,0,0,0,0
91,54,627,558,34,62,1,1,0,0
92,8,1562,408,35,28,1,4,0,1
92,23,1605,390,46,58,1,6,0,2
92,24,1487,451,48,34,1,4,0,0
92,26,1175,552,40,44,1,7,0,0
92,28,1487,400,39,37,1,5,0,0
92,29,1370,506,67,44,1,4,0,0
92,30,1169,639,113,74,1,4,0,0
92,36,98,769,224,167,1,5,0,1
92,37,225,832,237,133,1,4,0,0
92,38,706,676,155,94,1,4,0,0
92,39,1047,512,76,47,1,4,0,0
92,40,1239,433,74,45,1,6,0,0
92,41,1339,421,56,31,1,4,0,0
92,42,1431,399,41,27,1,4,0,0
92,43,1418,365,48,31,1,6,0,0
92,47,1276,462,65,41,1,4,0,0
92,48,1492,276,262,127,0,0,0,0
92,54,632,557,34,62,1,1,0,0
93,8,1563,407,35,28,1,4,0,1
93,23,1606,389,46,58,1,6,0,2
93,24,1489,450,48,33,1,4,0,0
93,26,1172,554,40,44,1,7,0,0
93,28,1489,399,39,37,1,5,0,0
93,29,1374,504,66,44,1,4,0,0
93,30,1183,631,111,72,1,4,0,0
93,36,55,783,233,173,1,5,0,1
93,37,169,853,251,137,1,4,0,0
93,38,682,686,159,96,1,4,0,0
93,39,1036,516,78,47,1,4,0,0
93,40,1233,435,74,46,1,6,0,0
93,41,1334,422,57,32,1,4,0,0
93,42,1428,400,41,28,1,4,0,0
93,43,1415,366,48,31,1,6,0,0
93,47,1272,464,65,42,1,4,0,0
93,48,1493,276,262,129,0,0,0,0
93,54,634,557,35,61,1,1,0,0
